FP1	F3	F7	FC3	C3	C5	P3	P7	PO7	PO3	O1	Oz	Pz	CPz	FP2	Fz	F4	F8	FC4	FCz	Cz	C4	C6	P4	P8	PO8	PO4	O2	ID	Condition
-9.803	-10.594	-11.749	-11.401	-6.717	1.212	3.753	2.460	11.714	10.832	14.149	14.168	4.835	-1.354	-3.998	-9.496	-2.782	-1.164	-1.121	-6.957	-4.661	1.779	-4.744	7.964	7.387	17.579	14.873	17.664	1	Cars
-6.031	-0.993	-0.269	1.749	2.902	4.462	10.514	6.932	8.054	7.757	8.654	-2.397	8.571	5.197	-1.292	0.224	-0.421	-1.313	-2.178	-1.051	2.651	-3.532	-4.384	8.407	-1.381	-2.735	6.300	6.556	1	Cars
-1.459	-3.652	-10.908	-3.888	-5.324	-5.226	8.511	3.846	10.427	14.528	11.472	15.369	4.033	1.023	0.637	-3.282	-1.651	-1.183	-4.775	0.865	-3.138	-3.313	-6.823	4.219	-1.150	7.115	10.472	7.236	1	Cars
1.020	-5.360	-0.802	-3.714	-4.376	1.600	-6.810	-5.152	-0.965	-8.185	-1.680	-1.366	-8.357	-5.534	-0.333	-1.663	-0.855	2.136	0.499	-4.722	-3.106	1.054	6.752	2.079	7.847	9.666	8.800	7.442	1	ScrambledFaces
-5.350	-2.489	-6.602	-2.762	-0.880	-5.892	4.867	-3.280	-2.752	10.687	4.930	-7.118	12.348	7.031	1.551	0.654	2.891	1.453	0.569	0.350	4.565	4.116	-1.125	9.634	-4.313	-1.470	10.729	4.928	1	Faces
-2.156	-8.454	-4.469	-8.131	-10.601	-10.580	-6.368	0.403	8.182	-0.395	9.595	12.569	-11.032	-13.903	-3.680	-8.691	-6.997	-1.306	-6.062	-9.996	-11.542	-2.054	-1.224	14.922	20.072	33.208	23.939	20.390	1	ScrambledCars
-10.385	-8.779	1.040	-8.261	-7.402	-7.476	-6.061	4.593	0.643	-4.529	6.519	6.149	-13.200	-13.820	-9.363	-9.727	-10.337	-3.742	-8.674	-11.376	-12.136	-5.486	0.177	7.731	23.262	30.237	20.616	13.198	1	ScrambledCars
8.452	4.968	3.043	0.052	-1.934	-0.667	-13.336	9.769	0.855	-8.226	-4.691	-9.795	-22.860	-13.808	-0.499	3.443	-3.891	-2.532	-3.632	-0.706	-6.328	-9.002	-3.054	-4.681	11.445	12.818	-1.372	5.046	1	ScrambledCars
-5.590	-1.802	-4.835	-4.885	-7.737	-5.126	-5.175	-5.400	-3.064	-7.269	3.447	2.878	-2.675	-2.629	-0.909	2.543	1.759	0.771	2.074	-1.793	-4.857	1.679	0.112	4.909	4.920	6.772	10.052	2.706	1	ScrambledFaces
0.951	5.249	4.325	2.448	-2.510	-2.583	-9.953	-6.408	-6.305	-9.086	-1.804	-7.723	-18.528	-10.128	0.488	4.583	1.819	1.571	2.221	3.695	-1.562	1.172	5.562	0.218	0.188	1.869	0.585	7.410	1	Faces
-11.618	-6.143	-9.345	-4.306	-0.690	-2.961	13.021	8.156	12.062	14.819	10.813	7.392	16.747	10.971	-4.854	-10.518	-5.668	-4.200	-7.357	-3.962	1.472	1.245	-10.295	16.130	5.477	14.862	18.158	11.506	1	ScrambledFaces
10.456	3.829	0.736	0.247	0.274	-3.250	-2.291	-4.635	-5.500	-9.300	-7.749	-8.116	1.805	1.636	5.963	4.288	5.908	3.667	7.720	2.203	5.729	5.592	5.137	1.779	-7.483	-8.929	-11.564	-8.530	1	ScrambledCars
-3.925	-2.293	0.328	-4.321	0.654	-7.126	6.785	-58.319	9.751	11.154	17.129	12.020	3.169	1.385	1.449	-8.933	-0.856	3.488	-3.347	-3.882	-2.514	-3.179	-0.741	8.064	9.167	13.744	6.949	8.585	1	Cars
20.826	6.910	6.112	4.713	-1.794	-11.704	-4.988	-2.524	-11.244	-13.981	-5.098	-10.543	-2.864	-1.570	7.811	5.708	2.061	0.068	1.636	1.048	-2.217	-4.477	-5.260	-4.107	-3.275	-4.306	-1.212	-5.391	1	ScrambledCars
7.940	-7.281	-2.670	-7.035	-4.583	1.028	-7.895	2.321	2.962	0.572	4.691	5.708	-4.589	-7.494	-0.108	-6.869	-5.012	-0.752	-3.941	-7.108	-8.867	-8.878	-0.695	-4.405	8.392	8.208	6.525	3.098	1	ScrambledFaces
-3.400	-3.897	-0.055	-2.590	-3.106	0.696	-1.471	-8.780	0.608	4.323	6.478	-3.033	3.488	2.153	-0.340	-1.197	0.565	0.602	0.477	-2.260	-0.265	-1.527	-0.561	5.319	1.131	1.268	5.286	5.835	1	Faces
-8.303	-2.432	1.110	-1.684	-0.373	-0.544	0.495	0.278	-5.353	5.171	-3.805	4.348	4.686	4.240	-0.419	3.846	5.676	2.681	7.483	1.682	1.830	4.750	4.567	1.754	-6.003	-5.577	-5.679	-0.370	1	Faces
5.157	8.960	6.908	6.457	1.694	5.990	-2.648	-2.655	3.148	-5.951	-2.679	-9.136	-2.575	-2.242	2.655	6.220	2.024	-0.422	0.703	4.213	0.888	-2.693	-3.121	-0.553	-3.257	-4.438	0.292	-3.895	1	Faces
-18.602	-6.897	-15.701	-2.647	1.691	-5.828	15.083	3.980	10.674	15.877	10.271	2.948	15.797	9.804	-3.387	-0.072	1.907	-0.299	-0.465	2.285	6.888	6.223	-4.824	11.168	1.773	1.778	5.304	1.249	1	Cars
-6.452	-6.004	-3.689	-8.416	-7.134	-5.793	-1.519	1.926	6.424	2.273	3.230	0.453	-1.474	-3.759	-3.819	-6.203	-2.738	-0.431	-0.432	-8.620	-7.189	-1.247	0.467	4.482	9.066	5.930	9.530	9.656	1	ScrambledFaces
-15.064	-6.852	-9.789	-6.275	-2.411	-6.768	3.235	-7.848	-10.357	2.169	8.700	2.020	11.091	7.446	-2.924	-4.224	2.261	2.751	2.647	1.649	4.935	5.545	5.236	12.594	2.592	3.887	12.184	10.162	1	Faces
-2.497	1.967	-2.271	-0.581	-0.206	-5.984	3.537	-8.780	-5.037	2.866	-5.698	-2.386	9.814	11.421	3.219	2.300	5.439	4.305	3.846	5.310	7.757	3.254	6.599	3.695	-8.787	-9.015	3.397	-0.604	1	Faces
9.287	10.793	6.559	4.851	3.982	3.279	-11.126	-12.107	-15.595	-12.039	-9.489	-1.264	-5.557	0.842	6.379	15.677	6.970	1.083	4.317	13.747	9.700	-1.934	-4.129	-5.119	-4.092	-7.068	-8.279	-10.514	1	ScrambledFaces
2.952	2.964	-3.987	7.238	6.395	-5.110	1.609	-0.387	-3.005	-1.353	-2.793	-4.198	1.635	2.876	6.044	7.230	7.762	4.559	5.958	9.156	7.270	5.913	3.892	3.487	-8.868	-9.168	6.486	-6.892	1	Faces
4.349	-1.055	-1.748	2.673	0.920	-2.838	-9.369	-19.379	-13.242	-17.415	-12.066	8.220	0.956	3.136	2.133	-1.914	-0.071	2.348	-0.559	0.560	2.895	5.822	5.821	8.371	3.867	7.076	7.332	3.741	1	Faces
-11.043	-6.563	-4.558	-7.636	-4.387	-1.950	-6.427	6.228	4.492	-2.880	7.363	11.217	-3.638	-6.353	-7.677	-10.378	-5.870	-3.118	-2.116	-7.381	-6.955	1.583	-2.601	6.796	13.090	21.251	13.149	12.813	1	ScrambledFaces
-0.300	3.727	-1.845	-0.129	-2.047	-1.473	5.820	-0.943	-0.906	1.843	-3.781	-5.711	14.531	7.485	3.621	5.182	3.915	3.254	0.873	4.484	3.748	0.400	2.452	8.153	0.955	3.592	11.122	1.850	1	ScrambledFaces
-0.209	-4.276	0.168	-4.167	2.704	7.616	5.307	3.755	5.654	5.516	8.236	-1.082	3.576	1.640	-1.009	-2.740	-1.884	0.079	-1.492	-2.681	-1.585	-0.857	1.712	1.987	3.480	-3.419	-3.506	4.428	1	Cars
-18.020	-13.486	-1.161	-12.930	-8.928	-21.717	1.995	14.332	24.072	16.631	16.263	13.061	-7.401	-10.217	-12.111	-16.431	-9.972	-3.365	-4.916	-15.099	-10.511	2.547	1.941	6.550	17.630	14.754	8.253	18.133	1	ScrambledFaces
3.670	1.453	-8.883	-1.325	5.586	7.605	-3.493	-9.909	-7.704	-2.551	-3.845	0.900	4.604	3.683	4.193	1.373	3.445	4.781	2.596	1.681	2.076	1.751	5.156	5.317	6.722	0.187	2.639	10.079	1	Cars
17.510	12.127	5.216	9.617	6.438	14.160	-1.712	0.582	-0.561	-2.513	-1.785	-15.741	-7.397	-2.295	5.598	4.646	-0.627	-1.233	-2.575	3.027	0.482	-0.099	-4.634	-10.678	-3.591	-5.820	-10.526	1.363	1	Cars
-12.423	-7.472	-16.259	-1.109	0.414	-0.593	0.785	-6.140	7.111	1.454	0.927	1.004	4.081	4.223	-4.297	-7.977	-1.812	1.456	-1.475	-3.086	1.913	1.862	5.393	5.884	6.222	6.450	2.175	-1.546	1	ScrambledFaces
9.728	2.679	5.937	-1.854	-6.820	1.456	-6.340	10.919	2.963	-1.578	5.721	-11.147	-6.707	-6.273	0.615	-1.140	-2.616	-3.601	-0.627	-3.785	-2.727	-4.146	-7.526	-0.611	0.484	2.564	-0.076	-2.734	1	ScrambledCars
-13.816	-9.739	-2.375	-6.192	0.226	-5.576	2.315	9.326	9.508	6.219	9.444	9.105	4.726	0.004	-8.828	-13.088	-7.948	-3.311	-6.173	-9.106	-6.641	-1.549	0.544	7.223	7.606	6.256	11.205	3.832	1	ScrambledCars
-1.997	1.021	-1.001	2.416	0.441	0.755	4.107	1.783	-0.805	1.478	3.245	-0.886	5.266	2.983	-0.257	-0.160	-0.420	-1.095	-1.563	-0.228	-0.125	0.004	-3.288	4.946	-2.138	2.278	4.016	6.933	1	ScrambledCars
-17.032	-12.802	-13.493	-9.851	-5.442	-4.964	6.354	2.880	11.610	17.558	17.383	9.179	12.798	3.150	-5.438	-10.483	-3.711	-0.810	-5.109	-8.948	-4.643	-4.748	-2.384	12.510	3.103	11.004	25.585	18.736	1	Faces
10.752	0.980	-0.194	0.619	-3.459	-7.093	2.034	-6.072	-5.529	5.805	-7.186	-0.515	-3.075	-4.328	5.864	4.875	2.946	2.401	1.511	1.484	-3.234	-0.372	-1.158	-6.966	1.756	-1.051	-2.603	-3.170	1	Cars
-4.209	2.906	-0.872	4.064	1.721	8.013	2.347	-4.343	1.329	1.219	0.483	-3.635	8.590	2.816	1.117	3.706	3.871	2.119	2.635	5.233	2.228	1.102	2.329	2.224	-3.807	-0.646	0.632	-7.834	1	ScrambledFaces
-0.175	-4.711	-1.758	0.588	0.529	-1.929	4.282	3.081	3.915	5.555	-2.600	-0.045	9.526	7.741	0.813	-2.868	-0.442	1.623	-0.742	-1.533	2.198	4.243	1.341	11.342	9.498	5.278	11.473	0.079	1	ScrambledCars
-13.446	-3.100	-1.166	-3.735	-6.431	-13.879	-5.024	-7.497	-8.934	-6.099	-5.089	-0.973	1.152	1.017	-5.126	-1.507	-0.164	1.753	1.870	1.755	-1.168	6.074	6.123	6.622	17.991	15.248	7.545	-0.045	1	ScrambledCars
-12.482	-4.707	-0.584	-4.709	0.676	3.159	2.807	4.615	14.007	2.774	5.794	9.751	-4.475	-0.939	-5.173	-1.246	-0.283	-1.156	1.435	-1.030	1.627	-0.691	0.048	-0.538	-0.199	2.248	-0.786	-1.698	1	Faces
14.556	8.659	12.106	6.923	2.259	0.432	-2.036	1.176	-3.061	-6.946	-8.210	-17.533	-12.099	-5.654	5.211	14.378	2.480	-2.851	-0.528	7.131	-0.101	-3.685	-6.691	-14.386	-13.798	-17.205	-17.661	-15.168	1	ScrambledFaces
-13.465	0.858	-10.587	2.659	-1.644	-4.801	-1.167	1.455	3.256	-0.285	-5.676	-10.589	2.190	4.577	-1.542	6.661	4.250	1.973	2.497	7.034	5.205	5.038	0.635	6.627	9.485	7.263	11.325	-3.390	1	ScrambledFaces
-1.825	-3.402	0.562	-4.600	-7.143	-5.842	-6.452	3.333	6.825	-4.824	2.886	6.780	-1.097	-4.431	-3.278	-1.644	-4.144	-3.112	-3.741	-3.357	-4.344	-5.614	-4.669	-2.341	6.228	9.136	5.480	10.873	1	Cars
3.882	-4.186	0.933	-6.196	-3.435	2.244	2.027	1.686	1.038	5.183	2.985	6.948	-3.783	-5.440	-1.227	-3.464	-5.436	-2.484	-7.176	-4.156	-4.069	-4.859	-0.451	-7.176	-2.290	-1.477	-2.740	1.575	1	Cars
-4.086	2.132	-1.138	2.693	-0.270	-0.571	-1.830	1.284	7.108	1.836	2.906	2.447	1.152	0.131	0.562	1.720	2.374	1.637	1.605	3.349	0.669	4.051	2.115	11.166	-0.059	4.111	10.420	-0.969	1	ScrambledFaces
14.363	6.663	-5.400	5.467	0.577	-4.069	1.357	-1.999	1.550	2.651	0.327	-1.452	-0.001	2.327	7.264	5.490	0.940	0.229	-4.670	6.091	4.348	-2.334	-3.765	-9.722	-10.405	-8.814	-1.214	-2.862	1	ScrambledCars
-10.626	-8.712	-5.552	-2.214	-5.205	-2.331	-1.791	3.807	-0.745	0.792	3.852	3.971	-3.457	-3.894	-6.239	-4.516	-4.861	-0.519	-4.995	-6.149	-2.456	-6.251	7.370	0.156	4.030	9.278	-2.223	3.576	1	Cars
0.042	1.233	-1.501	1.677	-0.318	0.623	-4.412	-1.504	-3.461	-4.091	-3.926	-8.160	-1.818	-0.911	0.774	3.492	1.401	1.084	0.841	0.010	0.973	2.270	3.371	3.908	-0.236	-0.442	-2.341	-1.417	1	Faces
0.768	2.601	-11.399	6.954	4.123	9.112	-0.461	-28.331	1.245	-1.807	-4.661	-3.970	-2.199	0.841	5.300	3.795	8.066	4.840	8.509	1.940	1.990	6.692	-1.229	-3.185	1.284	0.698	-5.564	-10.838	1	ScrambledCars
-0.260	-4.410	6.942	-3.280	-0.696	-6.729	4.614	2.701	11.926	5.866	-3.693	-6.444	11.259	5.003	-0.609	2.043	-2.318	-0.879	-5.758	-0.884	0.580	0.400	7.065	1.206	-15.222	-15.999	-11.750	-1.056	1	ScrambledCars
15.486	2.221	-1.946	0.597	-1.571	-2.006	1.171	-6.120	1.961	-3.968	-2.464	-10.719	-6.637	-1.875	7.040	2.691	3.581	1.969	4.006	0.617	-2.028	0.562	-1.255	-3.646	-5.730	-1.931	-7.401	-10.253	1	Cars
-7.161	-6.822	-1.836	-3.573	-2.076	-2.295	1.203	5.680	7.723	2.941	3.959	0.029	8.077	1.087	-5.147	-4.911	-6.501	-3.190	-8.397	-4.763	-0.485	-4.843	-0.742	4.176	4.420	2.973	6.236	3.320	1	ScrambledFaces
6.672	9.700	6.496	5.632	1.687	7.380	-10.882	-4.939	-7.737	-16.036	-10.967	-9.724	-10.571	-5.226	4.430	11.692	7.517	3.057	9.419	8.679	0.702	5.466	3.338	-4.156	-1.051	-2.336	-8.557	-7.435	1	ScrambledFaces
-39.889	-19.353	-19.745	-14.326	-9.844	-7.264	-0.159	13.685	21.850	10.423	13.297	7.296	1.869	-6.413	-19.099	-16.851	-10.871	-5.486	-8.228	-14.859	-10.742	-1.286	-1.253	13.549	20.996	31.440	22.876	20.201	1	Faces
-3.866	-6.537	6.282	-1.839	2.989	-0.536	4.561	-5.405	5.717	-0.558	4.347	0.313	2.879	3.313	-2.548	-2.270	-3.446	-2.019	-5.342	2.337	3.875	-4.405	-1.390	6.792	0.380	6.332	7.106	7.097	1	ScrambledCars
8.482	4.903	0.846	1.876	-2.320	-6.790	-11.181	-11.219	-12.315	-14.800	-7.556	-1.788	-8.187	-5.011	4.578	7.531	3.731	2.755	3.227	4.405	-2.417	-0.782	2.884	-0.593	2.353	2.898	-1.041	5.733	1	Faces
-11.247	4.398	-15.218	0.241	1.558	-3.869	-3.461	-5.052	-5.939	4.062	2.756	-7.836	3.211	3.108	-0.750	2.636	1.958	1.632	-1.998	3.109	4.162	5.977	2.951	8.621	0.089	-3.237	8.506	1.993	1	Faces
-13.900	0.621	-7.712	4.736	6.471	0.100	6.336	6.154	4.041	8.625	1.254	-12.961	7.087	8.859	-1.421	2.935	4.207	0.031	2.194	8.817	7.155	2.562	-5.150	7.217	-2.450	-3.541	14.670	1.524	1	ScrambledFaces
-2.344	-4.649	-4.925	-3.601	-3.435	-1.895	7.681	-0.303	17.369	12.473	5.510	4.182	2.778	-1.287	-2.888	-6.275	-4.930	-2.608	-5.154	-4.113	-2.294	-2.868	-5.465	-0.911	7.339	8.905	-7.415	-2.195	1	ScrambledCars
-7.938	-9.197	-11.041	-10.455	-4.519	-11.327	6.629	-5.170	6.232	12.191	10.983	8.190	16.823	10.020	0.477	-3.686	2.421	3.657	1.992	-2.480	3.978	8.801	5.029	12.983	0.442	0.774	6.974	12.405	1	ScrambledFaces
6.957	2.887	-4.210	3.862	0.452	-2.633	-3.016	7.400	9.143	-0.973	0.451	2.309	-14.467	-7.017	1.802	1.782	-0.387	-0.982	-0.216	0.715	-3.122	-3.313	-5.165	-6.122	2.978	3.601	-1.797	0.609	1	ScrambledFaces
-3.449	2.221	7.825	0.976	1.687	0.357	-8.661	3.258	4.574	-1.003	-2.626	4.578	-7.881	-6.473	-4.966	-2.522	-6.013	-4.553	-5.630	-4.038	-5.507	-3.850	-5.335	1.731	7.931	13.454	3.626	5.210	1	ScrambledCars
-8.829	-4.112	-5.286	-1.296	-2.758	-2.224	2.968	2.923	14.286	12.445	5.017	7.291	5.113	-1.949	-6.381	-8.217	-12.790	-5.311	-20.845	-5.339	-2.046	-13.752	-3.260	5.073	6.023	20.394	22.891	9.626	1	ScrambledCars
2.545	2.385	5.411	-0.123	1.463	1.752	-5.096	-3.936	-3.230	-9.619	-7.047	-10.055	-5.661	2.275	2.989	10.974	6.517	2.417	6.766	10.807	9.328	0.784	3.794	-7.932	-6.567	-6.533	-10.573	-2.744	1	ScrambledFaces
-8.674	1.177	-1.339	1.044	-0.020	-3.634	0.407	-6.816	-2.612	-2.069	-6.327	-3.311	2.637	2.531	-1.165	2.824	1.931	1.315	-0.046	3.944	3.961	-1.793	2.649	4.682	-0.246	0.132	7.931	4.404	1	ScrambledCars
7.366	-1.774	-0.013	-0.758	-6.384	-5.647	-8.071	-0.827	2.903	-2.206	-12.400	-11.921	-7.064	-5.796	3.243	0.588	2.944	2.305	6.034	-4.464	-5.380	3.203	1.613	0.870	2.377	4.618	2.034	3.206	1	ScrambledCars
-2.346	1.527	4.914	-2.058	1.611	-0.012	3.341	0.971	6.746	7.657	3.874	0.907	-2.047	-2.399	-1.414	-0.287	-2.341	-1.512	-4.282	-2.670	-2.427	-7.573	-1.435	0.654	-3.296	-2.802	2.370	6.042	1	Cars
-0.103	6.596	6.984	5.694	4.734	6.803	0.960	0.600	2.215	-1.481	-3.507	-6.718	-0.032	0.158	0.429	5.731	-0.142	-0.957	-3.312	4.760	1.622	2.412	0.447	1.476	-4.292	0.774	1.128	-2.014	1	ScrambledFaces
14.352	9.494	9.009	5.906	-2.812	-2.237	-7.739	-5.399	-9.892	-9.144	-14.051	-8.724	-1.330	-2.401	5.874	8.206	2.496	0.070	1.659	1.513	2.180	1.929	-3.496	-3.808	-1.103	-2.540	-3.559	-2.816	1	ScrambledCars
-8.502	1.531	-7.905	-0.677	-1.468	-6.787	-2.426	-10.619	-3.351	-4.327	-10.075	4.435	5.524	5.202	1.515	-0.459	7.412	7.410	9.769	1.559	5.278	10.432	12.731	12.428	2.722	-0.081	8.127	-0.611	1	Faces
4.176	-2.077	15.969	-3.530	-4.698	4.005	-6.038	0.359	-3.541	-6.130	3.428	-6.147	-13.830	-11.188	-2.301	-3.198	-1.629	-0.810	3.669	-2.823	-6.411	1.874	5.268	-5.303	-1.525	-5.957	-9.375	-2.544	1	Cars
-15.008	-5.619	-5.949	-1.279	-3.935	-3.916	-2.508	-8.171	-3.628	-4.480	-3.878	-1.464	1.379	1.668	-4.088	-1.542	4.029	3.112	7.529	3.729	6.790	4.452	7.567	3.775	4.178	-3.075	-3.422	-2.299	1	ScrambledCars
-15.118	-7.666	-1.978	-5.183	-4.327	-5.296	2.488	-0.880	13.751	3.869	-5.280	12.458	1.307	-5.560	-6.168	-4.856	1.092	1.070	5.989	1.861	4.234	8.079	4.823	1.509	7.947	0.428	-8.346	-7.422	1	Cars
-16.688	-6.132	-1.199	-6.536	-3.211	-0.914	7.944	8.060	11.676	11.641	14.532	3.322	-2.377	-2.872	-9.754	-8.274	-8.513	-3.613	-9.207	-3.819	-2.888	-5.445	-0.267	2.810	13.858	12.837	8.114	9.528	1	ScrambledFaces
1.723	8.539	-3.321	7.712	7.574	10.295	-6.694	-15.423	-21.116	-9.612	-3.701	1.095	3.703	8.813	5.711	7.969	8.838	6.334	8.404	10.347	10.377	7.252	6.697	6.033	1.678	-0.415	-1.314	-4.737	1	Faces
7.375	10.931	11.654	6.265	4.842	1.139	-9.969	-4.377	-6.224	-18.913	-8.520	-2.769	-3.461	2.436	5.142	8.830	7.987	3.185	11.071	6.227	4.338	11.373	3.605	3.890	-5.733	-7.118	-1.353	-5.734	1	ScrambledCars
12.615	10.016	-4.384	11.285	9.509	6.268	3.473	-3.060	-1.108	-3.446	3.740	-3.165	0.707	3.162	7.848	6.512	5.287	2.089	2.871	7.908	5.038	-2.848	-3.484	-4.919	-10.571	-10.425	-8.581	-4.920	1	ScrambledFaces
7.694	14.792	-1.814	13.575	5.872	7.788	-5.236	-6.597	-8.145	-5.537	-13.380	-13.441	-0.976	2.216	8.726	12.087	12.126	4.838	12.616	8.170	6.857	4.730	-1.028	-1.165	-10.366	-12.938	-7.230	-10.092	1	Faces
-21.347	3.195	-2.262	6.512	5.177	3.049	-4.170	4.506	-5.183	-3.438	1.387	-0.180	-0.790	3.278	-5.897	2.343	3.546	2.577	4.827	5.198	7.618	8.962	10.256	6.560	2.005	-2.596	5.620	-3.495	1	ScrambledFaces
4.985	2.106	14.027	-0.011	-2.336	2.481	-7.439	1.053	-2.004	-4.948	1.033	-6.347	-6.707	-4.729	-1.138	2.444	-2.269	-3.086	-1.490	1.181	-1.809	2.094	-0.242	-6.715	-5.403	-9.621	-10.032	-9.010	1	Cars
7.001	-0.293	2.109	-1.828	-1.637	-5.206	0.433	1.500	7.387	4.208	16.326	2.195	3.773	2.034	2.041	-3.630	-2.217	-1.808	-3.115	-2.295	-0.964	-4.690	-6.541	3.021	-3.443	4.072	9.711	2.480	1	ScrambledFaces
21.545	7.301	8.676	3.250	0.986	6.234	-13.028	-8.810	-15.635	-11.261	-6.274	-10.229	-17.831	-14.500	9.020	4.056	6.627	2.592	9.952	4.262	-5.341	3.126	0.016	-5.542	-13.122	-10.291	-3.438	-3.093	1	Faces
-7.878	-2.306	-12.698	-2.372	-4.973	-1.412	-1.710	2.295	9.107	-6.814	5.695	3.647	-2.661	-3.166	-4.164	-6.009	-4.153	-0.822	-4.340	-4.659	0.622	0.484	1.155	6.729	9.708	4.246	13.534	16.118	1	Faces
-2.270	-2.716	-0.292	-1.495	-2.082	-7.024	-5.591	-0.787	3.539	-1.637	-3.016	2.135	0.175	-1.384	1.202	6.481	3.827	1.851	3.867	4.682	1.190	5.756	0.999	5.270	4.359	10.629	3.637	3.629	1	ScrambledCars
-2.030	2.231	-7.743	1.994	0.121	6.718	-3.131	1.758	-2.676	1.251	-3.706	-6.075	0.159	-0.831	-1.378	-5.370	-2.407	1.360	-2.745	-4.448	-2.665	0.670	7.449	0.479	0.851	-1.124	1.082	1.986	1	Cars
11.052	-4.732	7.272	-0.772	2.196	-0.278	2.778	2.160	9.215	8.128	1.482	9.820	2.345	0.974	2.131	-3.315	-4.485	-1.499	-6.110	1.801	1.842	-2.675	-4.191	-2.400	5.963	7.105	4.967	0.882	1	ScrambledCars
0.672	10.220	-0.101	8.335	6.968	6.793	-8.789	-8.772	-9.403	-7.185	-9.982	-3.071	-5.816	4.685	3.412	8.586	7.306	1.916	7.147	12.096	14.439	6.734	0.404	-3.464	-9.069	-15.832	-10.062	-8.396	1	Faces
7.291	-0.263	0.520	1.239	4.168	5.607	1.167	1.861	3.346	3.505	-2.976	-1.618	2.907	2.715	4.215	8.096	0.780	0.525	-3.958	6.107	6.333	-3.630	-1.593	1.573	1.099	5.461	0.103	-0.322	1	ScrambledFaces
-5.734	-6.838	-0.138	-4.298	-1.755	-7.222	-0.815	3.562	8.460	3.069	5.594	10.919	0.474	0.531	-1.438	1.212	1.793	0.034	3.572	0.623	0.362	0.485	-3.251	4.505	5.123	6.052	4.599	5.270	1	ScrambledFaces
9.478	5.208	6.678	2.602	1.008	0.551	-11.432	2.893	-4.082	-16.989	-2.558	-13.708	-22.303	-15.241	-0.143	1.099	-1.075	-0.722	3.784	-1.718	-7.247	-2.424	-0.993	-10.543	12.851	9.068	-6.339	-2.703	1	ScrambledCars
10.010	7.808	5.238	4.608	-0.243	3.394	-4.786	-3.879	-4.971	-11.892	-3.779	-0.623	-7.578	-5.927	3.124	5.355	0.801	-0.743	-0.054	4.463	-3.474	-4.558	-2.067	-6.026	-5.074	-6.076	-7.178	3.503	1	Cars
-11.385	-16.336	-12.088	-11.494	-9.309	-6.410	-0.044	1.339	13.337	2.285	6.006	-3.746	-1.430	-5.534	-6.053	-10.726	-4.503	-0.947	-2.373	-8.311	-6.932	-0.520	0.975	7.899	9.475	18.315	16.442	12.249	1	ScrambledCars
3.687	-0.668	-5.487	-0.742	-1.974	-8.051	-3.736	-6.663	-12.009	-8.590	-4.818	0.936	-2.905	-1.992	3.798	4.552	4.858	5.093	5.730	-1.199	-2.462	3.555	8.822	1.031	1.340	-0.109	-4.411	1.641	1	Faces
-11.692	0.735	-3.552	-1.647	1.494	-9.581	7.231	-1.521	3.609	7.521	2.477	-6.485	18.706	16.000	-1.648	-3.694	2.260	2.113	1.866	4.313	7.610	4.190	3.855	10.023	-2.191	-2.207	6.924	-4.047	1	ScrambledFaces
0.875	-2.821	-9.536	-5.663	-0.653	-5.175	-1.190	-10.375	-6.256	-2.340	-0.778	-1.956	5.214	4.026	3.388	0.032	3.658	3.920	3.030	2.224	1.959	2.113	3.397	9.694	3.389	9.905	8.297	0.034	1	Faces
-11.110	-14.066	-2.176	-12.667	-10.377	-10.635	7.588	9.739	15.052	23.524	18.594	31.219	-5.557	-8.182	-7.496	-11.704	-9.079	-2.890	-9.357	-12.748	-10.552	-7.401	-0.159	3.718	7.524	10.003	10.567	14.855	1	Cars
4.691	2.761	0.722	2.438	-2.160	-6.932	-2.464	-15.453	-13.828	-8.496	-3.176	-7.979	8.510	7.241	4.161	0.340	4.542	4.443	5.829	2.022	4.074	3.635	5.824	6.197	0.358	-2.513	-0.971	1.130	1	ScrambledFaces
10.610	4.262	2.779	2.665	-0.777	0.092	-0.034	-0.868	-2.060	-3.083	-9.385	-11.650	-3.040	1.223	3.712	4.086	-0.451	-1.521	-3.121	4.012	-0.679	-4.590	-5.120	2.569	-0.958	-3.492	-1.352	-6.373	1	ScrambledFaces
-11.721	-10.918	-16.065	-2.973	4.702	6.147	16.938	14.345	4.118	12.687	-0.853	13.198	19.194	11.323	-4.151	-9.514	-4.750	-1.672	-7.919	-6.272	4.410	0.832	0.629	8.030	-5.599	-4.928	10.038	0.754	1	ScrambledCars
2.267	-2.136	-7.055	-0.261	1.856	-3.101	3.606	4.826	6.107	-1.471	1.128	3.702	1.341	-1.629	1.182	-1.231	2.705	1.012	6.064	3.344	-0.121	3.192	-2.966	-5.799	2.874	6.670	-8.740	2.141	1	Faces
-6.743	2.572	-18.761	1.802	0.913	-0.664	2.800	3.657	4.781	5.738	8.533	21.977	7.034	3.756	1.081	1.002	2.493	1.153	-1.114	4.829	3.814	-4.274	-3.463	1.536	-4.327	-5.240	9.520	7.198	1	Cars
-9.804	-6.055	-9.212	-2.954	-1.071	-3.145	7.949	9.634	18.098	19.206	19.348	15.825	0.691	1.489	-4.551	-6.748	-4.059	-3.005	-4.545	-3.642	-1.157	-4.188	-7.698	-1.827	2.727	6.636	3.054	6.538	1	Cars
-10.678	-5.845	-0.254	-4.690	-3.857	2.455	-0.199	9.233	11.533	6.825	6.939	6.530	-2.551	-9.775	-8.052	-8.718	-8.102	-3.057	-7.526	-7.828	-10.722	-8.659	0.786	-0.886	10.167	12.428	8.187	9.383	1	ScrambledFaces
-4.415	-3.272	4.032	-8.047	-9.140	-11.728	-8.129	-0.415	8.545	-1.301	10.795	4.632	-5.258	-9.555	-3.413	-7.805	-0.511	0.723	6.531	-9.696	-9.410	-2.726	-1.550	3.561	15.854	19.854	13.422	5.322	1	Cars
27.644	8.450	17.145	8.874	1.387	2.452	-15.777	-16.479	-18.554	-25.656	-21.074	-4.116	-19.055	-10.570	10.588	12.847	8.178	4.548	12.446	6.080	-3.043	-3.288	2.820	-13.155	0.795	-6.853	-23.263	-8.879	1	Faces
22.355	6.136	13.740	6.160	-2.312	2.566	-3.075	-6.691	-7.150	-4.515	-2.638	-2.419	-1.574	-0.516	5.333	6.194	-5.426	-3.955	-11.339	3.329	-1.483	-6.256	-3.974	-10.928	-8.992	-2.864	-16.342	-12.349	1	Faces
-23.046	-10.576	-9.114	-9.016	-11.035	-6.385	2.715	9.463	13.313	11.489	9.831	12.333	-1.042	-5.359	-11.077	-7.015	-7.950	-2.134	-9.642	-10.362	-8.877	-2.580	8.004	7.270	6.431	7.741	6.442	6.963	1	Faces
6.498	0.399	-3.525	1.420	-1.215	5.214	-1.737	6.092	-6.463	-4.570	0.154	-5.882	-4.880	-5.005	-1.404	-3.618	-7.827	-1.765	-10.752	-7.404	-4.060	-7.368	6.399	-6.430	-0.978	-3.722	-7.459	2.025	1	ScrambledFaces
16.850	4.484	5.516	-1.655	-4.929	-1.869	-6.512	-11.368	5.492	1.325	4.733	3.147	-2.316	-3.583	6.864	4.841	-0.010	0.267	-4.458	4.454	3.115	-0.223	1.486	-3.195	-14.687	-7.554	-7.571	-3.356	1	Faces
10.488	-5.187	-2.012	-5.692	-4.181	-5.056	-4.782	-3.289	-4.737	-3.717	-7.983	-4.743	3.255	0.608	3.330	0.697	0.413	-0.987	0.932	0.529	-0.685	0.407	-4.899	-0.440	-0.708	-4.936	-6.155	-1.125	1	ScrambledCars
-1.887	-3.529	3.274	0.000	1.305	3.044	-5.495	-3.791	-5.668	-8.158	-7.742	-8.380	-5.677	-1.405	-0.650	3.155	1.488	2.321	1.848	3.783	0.253	2.503	9.754	2.322	1.719	-4.159	-2.781	-10.900	1	ScrambledCars
-8.944	-6.401	-3.925	-0.194	-1.211	-2.309	2.908	-0.662	6.306	5.335	10.024	3.067	7.358	3.028	-3.609	-7.011	-2.905	0.840	-3.072	-1.382	1.890	2.764	4.676	5.274	5.863	3.727	11.024	11.115	1	Faces
2.257	0.354	5.263	0.476	2.136	-2.192	3.062	0.464	0.086	0.011	1.561	-43.315	3.755	0.654	2.740	4.413	3.215	1.969	3.186	0.570	-0.878	7.440	1.314	5.764	3.794	6.255	12.263	1.224	1	Cars
-16.503	-3.586	-7.660	1.913	4.694	-1.072	6.180	8.066	5.316	3.943	2.940	-1.341	-0.829	5.611	-4.365	0.949	0.898	1.269	-0.266	5.693	8.782	3.966	3.793	8.486	7.670	11.601	11.075	4.160	1	Faces
15.834	5.684	8.123	4.151	0.007	9.690	-3.301	-0.862	-4.988	-5.265	-7.355	-6.376	-2.580	-1.084	5.394	1.830	1.036	0.314	1.764	-0.037	-0.397	-3.899	-3.256	-2.304	-0.336	0.485	-0.231	-2.680	1	ScrambledCars
-19.727	-6.931	-8.567	-5.049	-1.501	7.617	11.931	7.369	15.193	17.348	18.754	8.595	16.328	5.961	-8.124	-9.407	-6.684	-4.231	-9.241	-9.294	-3.568	-1.467	-5.652	9.273	2.186	4.716	17.481	7.255	1	Faces
0.645	1.987	3.036	-0.419	-2.624	0.729	1.494	-1.461	2.989	6.484	-1.220	-6.250	1.413	-1.573	0.117	0.682	-0.103	0.832	-0.833	3.794	-1.164	-4.798	2.377	-3.723	1.450	0.119	-6.154	-3.750	1	Cars
-7.548	-6.608	-5.339	-7.249	0.097	-2.982	-3.479	1.221	1.954	-5.980	-0.867	49.167	-0.578	-3.342	-4.440	-3.610	-3.150	-1.268	-2.886	-1.688	-0.076	-1.888	2.834	2.213	-0.186	1.726	-4.035	-5.627	1	ScrambledFaces
22.238	-4.897	-2.205	-9.797	-9.932	3.419	-1.543	1.012	-3.014	-0.088	-0.077	3.798	3.455	-2.137	5.856	-5.797	-4.570	-0.401	-5.097	-5.977	-3.634	-4.821	-3.209	4.221	7.697	2.424	4.804	5.332	1	Cars
13.447	2.977	1.053	-0.014	-0.401	0.973	-2.468	2.022	1.060	-4.492	1.091	3.709	-5.360	-4.146	5.353	2.207	1.561	2.667	0.854	1.314	-3.894	-3.161	6.614	-4.262	-8.573	-5.255	-5.538	-12.149	1	ScrambledCars
-1.967	-12.709	3.662	-6.220	-5.631	0.987	0.226	1.333	3.978	-3.828	1.331	4.333	-2.337	-3.665	-2.485	-4.255	-0.572	0.195	4.373	-3.716	-4.992	-0.465	-1.025	4.204	12.300	20.241	6.318	12.112	1	Faces
9.855	8.285	9.174	3.647	-5.108	-8.312	-8.260	-14.550	9.553	-10.360	-1.439	7.637	-1.917	-2.263	6.486	12.389	5.602	0.085	3.372	9.610	0.249	-6.184	-10.246	-6.451	-4.615	8.510	6.704	10.615	1	ScrambledCars
12.668	7.177	9.154	-1.328	-6.363	-22.378	-11.688	-2.346	3.674	-8.477	4.543	6.665	-21.002	-14.419	3.219	8.131	0.064	0.518	0.142	0.014	-5.094	-5.365	2.632	-12.790	-0.483	5.446	-14.021	3.328	1	Faces
-11.418	1.873	-3.424	0.557	-1.098	6.283	1.501	3.766	2.150	-0.968	1.527	0.842	-0.124	-3.427	-6.773	-2.409	-6.924	-2.964	-9.745	-3.056	-4.664	-3.707	1.202	2.051	10.389	13.122	5.152	1.928	1	ScrambledCars
-8.746	-3.941	-0.253	2.104	5.982	1.131	1.736	2.326	-3.570	-0.215	7.017	9.201	5.614	6.402	-4.637	-4.835	-4.311	-1.268	-5.825	-0.078	6.471	1.839	5.679	4.758	-3.817	2.714	-0.216	-0.764	1	ScrambledCars
-1.978	2.243	6.096	6.651	3.983	-4.937	4.079	1.611	-3.615	1.836	2.828	-5.303	4.415	4.091	-0.357	0.273	1.341	-1.145	2.609	0.308	3.970	4.896	-3.944	0.525	-4.120	-7.884	-1.830	0.240	1	Faces
-23.082	-6.346	-14.808	-5.514	-2.721	-0.357	8.843	14.685	16.144	17.525	22.052	10.402	-2.231	-3.902	-10.194	-11.872	-5.716	-2.574	-3.658	-6.858	-8.740	1.226	-4.854	8.448	18.571	31.690	17.164	10.352	1	ScrambledCars
-0.569	6.927	5.592	5.856	7.342	4.936	4.364	-12.212	-2.025	-4.235	-13.008	-0.130	8.451	9.965	5.041	10.232	10.430	3.128	10.365	11.765	13.037	3.700	-1.634	2.457	-12.057	-16.441	-7.993	-8.623	1	ScrambledFaces
-1.175	-11.272	-3.238	-9.228	-4.964	-10.526	5.360	0.428	14.688	18.595	21.058	7.400	7.316	1.353	-1.753	-6.055	-4.358	-2.870	-4.826	-3.286	-3.609	-7.000	-10.128	2.571	7.196	14.815	1.805	14.173	1	Cars
10.479	-3.322	-1.853	-2.103	-1.450	-3.469	0.943	-3.999	0.787	2.536	5.047	0.661	-1.923	-0.545	4.185	-2.376	-1.334	0.770	-2.937	-0.762	-2.672	-1.021	-2.856	4.086	6.212	8.050	14.287	0.571	1	ScrambledFaces
6.302	1.794	12.451	0.681	-1.244	4.441	-10.365	-10.354	-12.011	-9.469	-10.803	5.210	-8.172	-6.816	0.077	-0.423	-0.571	-0.244	2.729	-1.570	-4.019	3.015	1.619	-2.805	4.017	3.456	-7.489	-2.265	1	Cars
3.076	8.554	-1.802	4.370	4.384	8.670	5.847	3.755	0.865	8.817	2.906	-4.783	2.844	3.229	2.094	5.782	0.341	-0.725	-3.578	3.006	4.440	-5.486	-2.676	-6.735	-5.265	-18.329	-13.671	-3.371	1	ScrambledFaces
9.080	2.918	0.227	3.227	-1.056	1.110	-6.204	-1.053	0.902	-6.000	0.804	16.912	-5.133	-6.263	1.265	0.925	-4.439	-2.084	-7.384	-2.623	-6.291	-7.739	-1.252	-4.703	-2.945	-0.544	-5.221	2.629	1	Cars
-1.847	2.920	3.463	-0.887	-1.560	-3.060	9.300	11.946	4.181	3.909	2.418	-6.665	5.078	-0.436	-2.656	-0.590	-5.634	-1.447	-9.034	-2.762	-1.332	-2.079	5.034	-2.256	2.080	2.224	1.638	-6.876	1	ScrambledFaces
5.517	16.251	2.420	12.833	5.683	15.537	-10.260	4.572	-0.486	-20.267	-10.842	-18.215	-14.752	-9.664	1.814	11.975	3.455	-1.058	3.156	5.070	1.573	-3.163	-0.930	-13.411	-7.773	-17.432	-14.915	-12.677	1	Cars
-12.756	10.397	-6.796	6.001	2.703	-41.202	-0.099	-9.204	-2.018	-0.739	6.064	-8.048	2.935	5.772	2.455	13.952	9.506	4.421	5.071	14.606	12.586	3.957	2.417	5.404	-2.863	-12.525	6.203	-5.795	1	Cars
7.976	7.798	2.687	6.177	-0.688	0.705	-11.291	-4.190	-3.240	-8.951	-1.359	-5.708	-14.687	-12.183	3.944	7.520	5.171	2.040	7.500	3.488	-5.338	1.081	-1.012	-9.018	2.172	-3.196	-5.580	-0.015	1	ScrambledFaces
7.970	1.674	0.628	-0.651	0.895	6.788	0.228	3.289	9.055	7.611	3.298	-0.757	-8.655	-11.655	-0.720	-5.138	-9.623	-3.967	-15.416	-9.273	-9.445	-13.028	1.786	-7.075	-13.028	-4.647	-0.916	-7.350	1	ScrambledCars
-8.882	-6.045	-1.714	-8.667	-6.103	2.383	-4.761	3.157	11.053	1.532	6.484	6.728	-8.464	-11.493	-7.124	-4.541	-7.695	-3.007	-7.931	-6.255	-10.063	-3.162	0.540	1.716	15.042	22.130	7.199	12.894	1	ScrambledFaces
11.774	17.940	1.181	13.993	9.533	29.516	9.141	5.583	-0.981	5.998	-1.340	-5.491	2.550	4.645	5.508	11.595	0.189	-6.561	-7.571	10.708	6.723	-7.887	-21.678	-12.715	-14.956	-8.498	-8.029	-6.751	1	Faces
-10.713	-12.312	-6.095	-6.945	0.662	9.597	5.511	1.788	-0.356	2.646	3.569	-0.150	5.145	3.149	-2.873	-3.134	0.881	2.365	1.227	-0.753	0.794	4.626	9.622	6.966	-3.637	-0.075	5.639	1.515	1	ScrambledFaces
-11.732	-10.441	-12.143	-10.037	-5.001	-14.548	8.283	-9.262	4.657	11.072	7.558	10.312	16.076	12.614	0.106	-5.258	4.816	5.386	6.596	-2.006	5.293	4.931	4.099	10.233	5.037	13.613	12.530	16.464	1	Faces
-9.992	-8.687	7.999	-5.312	-2.676	4.921	3.223	-0.247	4.192	6.897	5.714	2.417	5.441	7.282	-1.185	0.973	7.854	0.774	13.423	7.662	8.593	4.283	-6.455	5.234	-1.795	-9.172	6.804	-1.040	1	Faces
3.412	-7.935	2.205	-6.289	-0.439	2.787	2.032	-3.011	-1.279	4.727	4.785	2.235	6.041	6.056	-0.740	-5.977	-4.605	-0.943	-5.324	-2.915	1.374	1.831	2.793	2.993	-0.125	-2.931	-2.847	6.112	1	ScrambledCars
-15.277	-3.106	-26.457	-2.432	-2.487	-8.182	-0.902	-4.687	1.666	1.596	8.087	2.766	5.503	8.059	1.968	3.746	13.576	6.458	16.486	16.214	11.174	8.135	-0.465	2.300	-1.230	5.593	5.252	6.047	1	Faces
13.195	-8.430	6.051	-5.481	-5.766	-3.995	-3.863	-4.603	-9.107	-2.823	-2.223	-3.506	4.888	1.619	5.417	1.175	2.508	1.349	3.469	1.400	4.251	3.712	0.873	2.153	-6.652	-2.070	0.677	-4.486	1	Faces
-7.232	0.832	-6.565	4.888	1.308	4.445	2.935	-6.148	5.590	7.699	4.733	2.049	4.774	9.811	3.228	7.266	9.960	4.977	10.270	8.189	7.863	4.130	1.111	0.221	-4.421	-2.682	-1.650	-6.151	1	Faces
4.455	4.463	-0.146	1.352	1.266	-6.634	-1.245	-6.551	-0.171	4.858	-6.725	-2.074	8.955	3.195	5.553	5.693	4.898	3.240	3.069	1.842	1.293	7.336	-0.031	6.066	0.939	4.331	6.766	-3.745	1	ScrambledCars
10.943	4.032	7.676	2.030	-3.934	-1.215	-9.748	-6.956	1.486	-7.329	-2.088	-2.424	-7.471	-9.158	5.238	9.305	5.218	0.391	5.894	2.398	0.358	-1.379	-3.064	-5.526	-9.795	-11.876	-9.965	-14.708	1	Cars
-8.662	3.666	-1.729	4.823	2.011	-31.742	5.197	2.143	10.398	11.708	14.077	11.863	4.559	-18.422	-5.162	-8.365	-4.186	-1.109	-2.222	0.772	-0.186	3.016	-1.363	-5.586	10.527	15.639	-7.612	-0.268	1	Faces
-17.986	-3.085	-9.927	-2.192	-1.957	-26.665	5.124	-3.975	-2.700	-1.978	-5.177	0.160	18.941	17.647	-0.511	2.083	8.154	6.532	8.675	7.197	10.271	12.723	9.817	17.501	4.155	4.555	16.160	0.881	1	Faces
5.360	5.778	3.436	0.198	-4.235	-1.806	-5.388	3.220	4.631	-7.529	7.353	9.070	-12.988	-9.368	-1.202	1.117	-6.100	-2.843	-8.536	-2.247	-5.358	0.489	1.253	-5.966	0.734	10.237	-0.659	7.325	1	Cars
-3.891	-0.441	-9.285	-5.183	-5.365	5.686	-2.048	2.696	10.065	15.584	-3.805	0.957	1.132	-3.357	-5.216	-7.741	-9.837	-4.620	-13.184	-7.908	-7.405	-9.067	-3.967	-3.115	7.372	11.441	-5.633	2.708	1	ScrambledFaces
-2.129	1.522	13.593	1.465	-2.994	9.698	-16.453	0.977	-1.158	-5.329	-3.135	-2.856	-19.255	-8.127	-3.550	2.409	-0.996	-1.905	2.010	0.643	-2.094	5.320	1.774	-4.838	2.835	-7.022	-0.190	2.551	1	Cars
-1.868	2.168	13.092	-1.052	-3.419	1.203	-4.626	-0.864	9.335	-4.956	7.716	5.773	-15.221	-8.976	-3.430	0.392	-0.360	-2.504	4.452	-2.219	-4.784	-8.277	-5.710	-8.700	2.665	10.458	-7.359	5.337	1	Faces
20.998	-6.392	18.512	-5.248	-2.778	4.115	-6.137	3.915	5.673	-6.192	5.318	-7.651	-2.983	-1.072	3.378	1.067	-3.749	-1.310	-2.719	2.650	2.186	-7.421	1.819	-6.833	1.299	-7.071	-12.401	-6.769	1	ScrambledCars
-6.075	-6.311	-3.355	-5.663	-0.311	1.541	2.286	8.104	-2.171	-1.400	0.656	-1.356	-0.033	1.693	-5.011	-7.578	-3.499	-2.933	-1.168	-2.030	-0.412	-5.946	-2.241	1.368	-0.152	-1.857	-1.167	-2.114	1	ScrambledFaces
0.885	-4.083	-15.490	-3.669	-0.393	1.244	1.520	-2.043	1.878	4.451	-3.552	2.464	2.466	1.341	2.667	2.285	0.092	3.099	-4.395	0.169	4.666	-1.628	4.651	7.104	7.733	5.244	5.462	2.322	1	Faces
17.511	5.789	13.410	0.834	-5.665	-0.243	-8.815	0.539	-6.758	-5.547	-2.281	-8.437	-6.609	-4.804	7.098	7.193	5.109	0.663	8.209	-1.045	-5.244	1.659	-6.100	-1.110	-1.555	-4.013	0.190	0.352	1	ScrambledCars
-6.316	-2.591	-13.335	-0.703	0.670	-7.086	12.036	-82.199	7.019	17.419	8.772	6.105	12.547	14.413	10.473	0.055	12.265	11.782	6.657	-0.554	4.854	7.772	2.414	11.176	-0.558	6.540	21.842	9.370	1	Faces
-31.702	-16.534	-22.654	-12.974	9.774	-0.962	4.955	22.016	16.960	18.110	10.442	62.592	-2.807	0.868	-15.035	-16.415	-10.932	-6.360	-11.482	-10.130	-5.303	-0.414	-5.451	5.538	5.882	17.737	17.531	23.377	1	ScrambledFaces
5.504	2.113	-6.762	2.542	-1.417	-4.898	-2.017	-6.079	-6.991	2.261	-11.020	-10.294	6.676	5.320	5.597	6.900	3.653	1.640	-1.217	8.899	7.680	2.718	-1.058	2.366	-6.432	-1.227	3.602	3.487	1	Faces
4.435	7.013	-4.781	9.478	10.928	3.851	4.807	-2.005	0.967	6.106	2.769	-9.089	5.590	3.902	10.589	14.845	14.656	6.269	12.902	7.319	9.484	3.455	-3.244	2.605	-13.494	-5.026	5.863	-8.374	1	ScrambledCars
-6.725	-4.643	-1.480	-1.201	4.506	1.656	6.494	-7.355	-1.185	2.931	1.365	-9.306	3.404	3.864	-0.210	-1.073	3.220	1.716	3.647	1.458	3.582	5.405	2.089	2.751	-5.573	-2.188	5.488	-2.520	1	Faces
1.835	1.892	1.487	5.038	4.231	2.660	-4.243	-12.552	-19.147	-14.684	-14.283	-20.708	5.043	7.289	3.359	2.888	6.237	3.413	7.955	6.705	5.413	12.768	5.012	6.566	-2.725	-5.622	2.979	-7.482	1	ScrambledCars
-6.745	-20.767	-6.468	-18.082	-10.637	-6.660	3.865	2.933	13.677	19.767	20.122	19.789	4.464	-1.639	-6.673	-16.215	-12.168	-3.741	-14.313	-13.227	-7.556	-5.270	0.719	6.766	4.504	17.680	16.285	14.833	1	Faces
1.041	6.647	10.381	3.000	-2.443	0.683	-8.021	-10.123	-10.148	-9.539	-2.691	-1.430	-6.663	-4.431	-2.094	3.121	-2.856	-2.667	-3.742	0.451	-0.393	-4.850	0.184	-6.610	-2.357	0.020	-12.791	-4.160	1	ScrambledCars
13.407	-10.375	10.649	-9.386	-5.832	0.948	-1.647	-1.629	1.416	-5.703	0.432	-4.395	-5.285	-5.027	0.842	-3.398	-5.083	-2.138	-4.467	-3.062	-4.270	-5.115	1.006	-5.976	-0.689	-2.932	-2.363	-6.443	1	ScrambledCars
-20.823	-17.103	-9.965	-14.667	-8.027	-3.384	4.660	15.043	23.263	9.927	9.748	14.998	-7.437	-10.759	-16.338	-20.454	-18.437	-8.743	-18.222	-16.923	-12.357	-9.835	-4.737	5.656	22.667	26.095	18.142	14.858	1	Faces
-3.016	5.805	-4.520	4.818	2.478	30.836	0.070	0.675	-0.456	-0.229	2.282	-0.941	-2.650	-2.239	-2.602	0.527	-3.168	-4.811	-5.585	-1.151	1.891	-5.421	-8.648	-5.968	-5.190	-0.217	-5.175	-6.665	1	Cars
-13.706	11.324	-20.086	10.917	3.526	3.029	0.209	-3.107	-6.024	-4.229	-5.390	1.022	1.280	5.089	3.061	10.522	14.818	7.475	16.990	10.091	8.658	9.792	3.421	2.386	0.152	1.078	-4.346	-10.421	1	ScrambledFaces
2.603	13.666	5.440	6.731	0.534	5.011	-9.427	-8.893	-8.516	-12.125	-13.899	-7.753	-4.080	-0.212	4.149	9.895	9.133	3.589	12.097	7.593	4.964	5.299	0.517	0.303	1.513	-3.385	-6.845	-3.064	1	ScrambledCars
2.063	3.210	3.689	-0.835	-1.667	-1.619	-1.299	7.327	4.225	-1.105	5.076	-4.219	-0.132	-1.824	-0.598	2.615	-1.930	-0.889	-2.548	-1.068	-0.573	-0.408	1.329	-7.041	1.483	3.062	-4.180	-0.012	1	Cars
4.604	3.279	5.909	4.331	-2.342	1.547	-5.451	3.505	2.554	-4.220	-7.465	-6.241	-21.850	-11.670	-1.312	1.863	-4.151	-2.245	-4.958	-2.677	-5.630	-7.091	-0.860	-6.998	6.621	2.086	1.429	-4.600	1	ScrambledCars
-10.891	-2.658	-14.591	2.980	4.254	-1.349	1.996	-0.569	0.363	3.854	10.297	2.737	4.277	2.411	-2.714	0.310	-0.398	-1.772	-3.511	3.131	0.339	-5.107	-5.502	0.992	-2.448	-2.782	0.939	0.426	1	Cars
-1.630	-9.590	1.818	-11.690	-6.097	-6.032	-0.096	2.085	7.716	6.457	11.038	20.702	-0.638	-4.082	-5.354	-9.206	-9.925	-3.410	-10.499	-8.603	-8.847	-3.119	0.938	-0.024	9.687	12.761	2.285	3.577	1	ScrambledFaces
-9.429	-22.194	1.898	-15.700	-6.512	-0.112	7.964	4.689	8.202	11.395	5.085	-0.681	13.757	7.574	-7.525	-18.970	-8.244	-1.240	-3.576	-20.146	-12.782	4.737	6.156	14.687	6.871	10.809	11.687	16.823	1	ScrambledFaces
-6.017	11.298	5.654	4.397	4.962	-3.581	-0.291	2.849	1.771	-0.232	-5.760	-2.750	2.525	2.663	-1.227	4.221	2.121	-0.390	2.087	6.384	4.788	0.328	-3.083	1.480	4.622	-0.364	1.829	-5.315	1	ScrambledCars
0.884	-4.862	7.922	-6.932	-3.032	-5.512	0.179	2.244	0.235	2.648	-1.325	-2.650	6.620	5.271	0.215	0.234	-0.086	-0.443	-0.321	1.374	4.858	0.778	1.216	5.343	-5.050	0.573	3.882	1.060	1	Faces
-4.816	1.045	2.921	0.208	-4.045	-0.335	-1.342	-8.202	2.142	-3.908	5.666	-0.694	-1.851	-2.386	-1.506	-0.415	0.627	0.641	1.688	-2.765	-3.253	1.657	2.035	1.228	1.231	2.014	4.595	-2.658	1	Cars
-3.318	2.123	1.552	2.236	-2.308	3.421	-5.005	8.089	-3.114	0.653	0.714	-3.230	-6.741	-3.563	-2.441	3.184	-0.524	-2.129	-0.306	2.773	1.191	-1.659	-2.155	-6.833	-0.914	-0.027	-5.522	-1.803	1	ScrambledCars
10.482	-8.657	5.143	-8.070	-6.111	-4.780	-6.587	1.921	-0.932	-2.756	-2.159	-4.165	-3.699	-3.081	2.098	0.094	-1.489	0.999	-1.172	2.152	1.592	1.484	6.759	-2.293	0.334	2.061	-2.622	-5.217	1	ScrambledCars
10.365	-1.570	3.273	-3.604	-3.172	-8.252	7.644	6.488	8.745	8.442	2.849	-0.130	6.532	6.607	5.982	1.623	3.916	1.941	4.425	-0.352	3.129	-4.005	-3.051	5.285	-5.402	-3.251	1.991	-3.223	1	ScrambledCars
-22.873	-0.175	-18.909	0.059	-6.469	-2.516	2.530	9.660	9.781	4.767	8.441	5.504	-10.186	-9.857	-9.246	-4.476	-2.890	-1.741	-2.972	-2.504	-6.696	-3.878	1.263	-3.628	3.928	4.814	2.797	-0.206	1	ScrambledFaces
-0.739	1.283	6.470	-0.572	-4.406	3.238	-11.811	1.299	3.402	-14.341	1.218	1.027	-23.369	-16.485	-4.927	1.999	-3.398	-4.134	-0.204	0.477	-7.595	-7.824	-4.951	-13.810	8.253	9.976	-8.782	3.007	1	Faces
16.300	11.968	9.758	9.255	4.329	-12.002	-4.065	-18.436	-34.654	-17.996	-27.190	-11.962	6.323	9.619	11.776	15.619	11.892	7.696	10.874	14.699	12.008	10.862	8.525	0.481	-3.332	-9.379	-8.494	-6.819	1	ScrambledCars
16.234	-7.623	8.773	-3.647	3.770	-0.104	-2.736	3.343	3.812	-2.321	6.264	9.073	-9.296	-4.605	3.441	-5.128	0.529	-0.990	7.630	-4.621	-3.553	2.922	-8.756	-6.205	4.703	0.540	-3.998	3.409	1	ScrambledCars
-3.538	0.808	-3.539	1.752	0.193	2.916	-3.005	4.381	2.731	-1.962	-9.914	-5.085	-1.491	-2.207	-1.230	1.493	0.483	-0.805	0.524	1.521	-0.429	1.314	-1.912	-1.717	1.311	2.755	3.021	-0.683	1	ScrambledFaces
17.527	-0.628	7.298	1.578	-2.088	3.547	-8.993	1.649	-6.037	-5.616	-6.230	-7.414	-6.107	-6.385	3.213	-1.786	-3.911	0.315	-3.260	-3.353	-6.783	3.657	5.453	-6.105	5.354	-1.184	-4.536	-9.919	1	ScrambledFaces
-0.460	8.434	-7.212	6.585	2.086	-1.961	4.163	-1.499	1.217	9.533	-0.819	4.169	8.094	4.335	4.099	6.060	4.393	1.946	0.213	5.881	4.668	-0.173	-2.264	1.464	-5.691	-3.617	0.947	-9.149	1	Faces
