FP1	F3	F7	FC3	C3	C5	P3	P7	PO7	PO3	O1	Oz	Pz	CPz	FP2	Fz	F4	F8	FC4	FCz	Cz	C4	C6	P4	P8	PO8	PO4	O2	ID	Condition
-8.202	-2.857	3.563	0.319	6.249	-3.857	24.665	-10.723	-0.966	14.128	7.381	3.738	12.485	12.966	-6.149	-7.724	-8.896	-7.420	-6.783	-3.140	5.234	-1.262	-4.497	5.272	-5.786	-6.760	5.371	-0.604	2	Faces
0.764	-1.879	8.409	2.498	0.442	6.147	5.816	6.067	5.696	4.357	11.381	9.002	2.742	-8.857	-1.192	-5.045	-7.542	-3.909	-4.934	-8.279	-9.734	-4.513	-1.803	-1.052	2.403	4.093	2.105	-4.187	2	ScrambledCars
0.090	-5.773	-0.305	-10.503	-31.363	-13.012	-30.599	3.475	17.889	9.984	9.015	7.449	-9.435	-20.404	4.805	-4.268	-0.987	5.257	-3.092	-12.205	-15.602	-1.713	2.371	3.464	4.519	11.266	15.236	12.901	2	ScrambledFaces
-4.369	1.010	-18.233	-1.392	4.499	-7.642	11.181	-9.200	9.778	11.216	0.673	-3.048	1.403	6.045	-4.465	7.602	3.750	-4.223	8.018	12.563	11.158	11.871	1.418	4.512	-3.039	0.281	1.419	-0.560	2	Cars
-2.958	-10.050	-11.468	-11.081	-9.998	-3.805	-3.068	1.012	8.244	10.508	14.842	5.261	-5.553	-8.888	5.171	-8.129	-2.416	8.378	-7.358	-11.691	-9.881	-9.542	-4.386	-6.989	3.933	0.478	4.972	9.330	2	ScrambledFaces
-4.983	-2.843	9.010	-2.407	-3.454	-9.106	-17.605	-3.863	1.834	18.634	7.410	4.789	5.450	0.801	-1.169	-4.247	-2.249	-4.170	-1.080	-4.850	-8.530	-0.027	-0.685	6.305	-0.677	2.308	8.828	11.603	2	ScrambledCars
3.551	0.626	-6.106	-0.748	0.995	7.598	-9.748	-1.749	11.797	6.776	5.551	8.339	-11.760	-8.655	5.203	-1.070	-2.320	0.987	-1.090	-1.909	-7.767	-8.442	-0.024	-1.192	2.136	1.326	2.667	6.645	2	ScrambledFaces
-0.761	-6.464	3.790	-3.580	5.344	5.909	-12.975	11.810	14.173	-0.746	14.412	6.299	4.439	-0.223	-6.884	-10.527	-15.591	-15.640	-16.225	-11.367	-6.311	-14.148	-6.971	0.737	0.685	6.089	1.328	13.150	2	ScrambledCars
-9.559	-13.149	-7.515	-11.152	-3.446	-11.971	6.955	5.375	10.336	10.086	13.323	6.674	-2.769	1.334	-4.819	-8.977	-7.083	-1.232	-3.398	-10.030	-2.175	3.869	0.499	6.786	9.469	8.844	10.302	13.319	2	ScrambledCars
2.023	9.966	-14.035	14.041	2.006	-4.439	3.588	-14.981	-11.787	-8.212	-7.743	-0.633	2.549	0.857	7.587	11.966	9.951	4.437	12.574	9.133	6.890	8.855	4.627	1.089	-6.988	-7.331	0.746	-3.006	2	Cars
2.805	8.913	3.529	4.789	8.819	1.359	-16.628	0.235	-4.927	2.800	-0.887	-7.322	6.255	8.230	5.660	16.158	11.889	7.387	10.297	17.169	12.265	4.357	-1.143	-8.542	-11.552	-16.074	-8.632	-6.541	2	Faces
-4.667	-4.604	0.774	-1.728	-1.179	7.617	6.345	3.965	10.227	-11.891	11.794	-2.028	0.643	-4.453	2.171	-2.098	-2.094	2.579	-3.728	-5.190	-6.236	-5.960	-2.993	-1.043	1.234	4.523	11.660	2.701	2	ScrambledFaces
3.838	4.386	2.283	8.013	0.692	-2.808	6.311	-3.075	-4.707	-23.719	3.374	-4.224	9.110	4.218	8.210	9.216	7.158	8.679	9.848	7.860	6.420	3.181	1.435	-0.603	-10.219	-13.222	-5.278	-3.106	2	Cars
6.333	9.441	3.020	5.168	-5.633	-5.968	-5.192	17.825	12.568	25.330	13.498	0.060	4.315	-5.124	-1.862	2.112	-7.562	-11.378	-7.272	-1.930	-3.918	-10.532	-8.765	-3.792	-9.239	-5.522	-5.505	-0.742	2	ScrambledCars
-6.453	0.183	-6.998	9.125	14.510	4.456	-0.399	-1.305	7.700	14.512	6.895	0.632	6.783	16.110	-5.107	4.025	1.008	-3.050	1.311	4.217	10.440	1.192	-5.865	9.379	-10.384	-3.941	7.289	1.010	2	ScrambledCars
1.057	-0.313	8.032	-1.251	0.105	-5.376	-8.521	-3.311	0.014	-5.280	4.559	-2.218	5.151	7.159	0.781	5.554	4.786	4.846	7.198	7.463	5.873	5.320	1.788	6.396	-2.688	-2.923	1.303	3.821	2	Cars
-3.231	-2.839	-1.387	-0.002	2.537	1.555	-14.417	1.728	6.780	-12.725	4.555	4.291	18.558	6.718	-3.395	-1.871	-1.402	-5.156	2.927	1.334	7.092	4.624	7.391	8.378	-0.217	-2.124	6.066	4.735	2	ScrambledFaces
-3.216	2.426	0.060	1.409	11.201	0.635	2.063	-10.102	-5.893	3.833	1.327	1.650	25.126	9.337	-6.773	6.318	1.971	-1.178	1.443	7.103	13.077	-3.804	-1.330	8.205	-5.666	-5.330	11.862	5.059	2	Cars
5.957	-2.278	-1.980	-0.943	-1.022	-2.248	-14.415	10.412	5.566	6.188	4.058	12.419	-1.316	-9.075	1.399	-3.587	-0.703	-1.267	0.273	-3.489	-9.242	-3.888	-4.564	-10.258	-2.033	-2.147	-2.498	2.953	2	ScrambledFaces
-1.562	-5.161	-4.651	-5.845	-5.314	-4.552	7.755	-4.080	-1.089	-5.097	3.090	6.401	-7.107	-2.431	4.663	1.168	5.659	2.744	5.253	-3.349	-0.995	1.867	3.023	10.720	-0.584	-0.366	-0.792	-0.514	2	Faces
0.135	-5.097	10.434	-5.086	-17.771	-0.017	-10.524	2.267	11.028	19.899	10.643	6.666	-8.545	-4.383	0.534	-7.862	-2.299	-2.948	-7.857	-9.000	-13.417	-9.338	-7.020	4.614	1.947	6.370	11.305	9.031	2	ScrambledCars
5.808	7.535	2.876	0.203	-1.936	-10.009	5.240	-0.034	0.318	-2.597	1.269	-0.200	-4.079	0.421	5.187	8.651	5.401	1.588	4.280	3.556	2.905	1.961	4.991	-5.772	-7.341	-9.612	-8.180	-11.523	2	Faces
7.065	3.451	1.905	3.225	3.063	3.301	19.877	-5.915	11.201	18.400	9.700	6.342	-7.333	-11.299	1.318	-4.911	-7.251	-1.219	-9.581	-6.689	-11.496	-13.627	-11.894	-8.859	-11.235	-2.227	-2.960	9.945	2	ScrambledFaces
3.172	-0.593	5.562	5.312	-5.082	-0.531	12.968	14.359	1.003	-6.546	0.680	9.962	1.363	0.722	-4.127	-6.118	-7.042	-7.760	-10.571	-6.860	-4.931	-11.082	-2.870	3.127	-2.946	-7.533	-1.291	-1.179	2	Cars
-9.571	3.808	-2.539	0.981	9.367	-6.590	14.622	-3.748	-3.436	-10.439	-0.511	5.258	15.664	13.822	1.425	5.581	4.382	-0.072	3.825	5.235	12.031	7.836	-5.256	5.302	-14.425	-13.787	2.836	0.528	2	Cars
-0.900	-0.115	-1.752	-6.606	-6.440	-7.231	12.906	6.774	-0.468	4.141	7.283	8.032	0.901	-2.306	2.153	-4.586	5.274	2.623	1.799	-6.756	-6.638	0.223	-1.847	-3.002	-1.212	-5.522	4.842	2.911	2	Cars
2.413	8.053	-15.840	8.605	2.159	7.724	-2.140	-1.292	-4.125	-9.269	-3.972	2.962	-4.895	2.686	7.941	8.974	7.311	5.267	4.243	6.739	4.633	0.110	-2.499	-4.234	-10.307	-10.116	1.805	-5.900	2	Faces
5.648	2.850	1.911	5.878	2.520	10.610	-5.037	9.781	-0.542	-3.856	-0.662	-12.310	-3.984	-2.350	-0.854	3.869	2.083	1.913	1.540	7.006	3.111	0.202	1.062	-8.494	-11.353	-9.556	-11.686	-2.678	2	Cars
-1.013	-2.261	4.851	3.770	-1.010	-6.984	30.585	-1.053	8.123	16.111	7.732	3.411	-4.048	1.592	-0.858	6.004	2.960	-2.941	1.702	6.163	1.394	-0.334	-6.619	-4.992	-9.844	-11.486	-5.611	0.127	2	Faces
-9.526	-0.775	-13.373	1.174	10.007	-1.073	31.143	10.151	7.631	-2.019	9.956	-1.377	12.836	8.726	-6.304	2.921	0.735	-7.982	3.208	6.614	7.849	2.888	-1.248	5.295	-5.375	-2.488	6.362	8.190	2	ScrambledFaces
1.806	0.211	-8.032	3.318	2.640	3.023	-7.677	-2.708	0.998	-8.467	2.292	-2.040	0.104	3.518	8.371	4.752	5.230	8.174	5.380	8.533	2.281	5.019	1.439	-1.913	-5.426	-7.222	-13.501	-6.128	2	Faces
-5.231	-3.162	1.581	3.316	5.230	-0.129	26.869	2.357	5.525	12.615	18.267	10.685	11.804	13.591	-8.992	-4.701	-11.636	-15.471	-5.646	2.575	11.774	-2.524	-8.048	4.117	-8.847	-6.819	9.374	-1.178	2	Cars
-14.072	-16.951	19.968	-10.291	-1.219	2.644	-13.820	15.251	12.205	9.375	10.047	8.995	5.658	7.765	-10.365	-10.974	-7.458	-9.787	-4.298	-8.872	2.346	2.068	-4.029	6.779	8.783	9.290	18.385	10.674	2	ScrambledFaces
-9.507	-5.703	-8.364	-4.525	-2.058	1.730	29.421	6.526	4.094	18.490	6.768	9.624	9.171	-0.479	-5.468	-5.796	-3.232	-6.819	0.004	-0.397	-4.608	0.636	-2.683	4.722	2.458	-5.759	6.393	4.511	2	Cars
7.871	3.484	-1.155	-3.319	-2.766	1.365	-20.425	-10.688	-1.084	2.156	0.114	2.204	-6.999	1.391	5.588	13.120	12.161	6.787	11.351	12.030	5.703	5.032	4.618	-0.117	-10.025	-4.867	1.141	-6.315	2	Cars
-6.830	-5.137	-6.400	-0.486	2.546	-3.140	1.894	9.225	7.970	16.790	8.487	4.663	6.220	12.712	-7.117	-2.927	-6.068	-5.595	-3.282	-0.315	5.841	3.131	-1.926	3.799	-2.491	-8.259	1.258	0.971	2	Faces
-5.304	-2.787	-3.723	-1.257	3.705	-6.150	18.087	4.605	-0.913	0.187	15.677	10.913	0.214	-1.393	-2.237	-7.622	-6.704	-7.689	-8.222	-9.716	-5.112	-7.871	-8.049	3.810	4.084	6.339	5.903	15.515	2	ScrambledFaces
1.737	-0.845	18.088	9.998	13.903	5.016	-16.346	-11.439	7.860	-4.619	-5.429	-3.923	-1.412	3.636	-1.579	0.629	1.990	2.872	1.845	7.867	4.965	1.883	3.826	-3.117	-4.569	-5.636	-4.461	-4.363	2	Faces
5.897	9.500	-3.429	14.326	11.296	-4.343	-2.570	1.361	2.402	-13.317	-0.335	-10.613	16.551	20.640	0.019	14.350	5.890	1.961	9.218	17.417	19.183	4.342	-1.683	2.455	-12.102	-18.636	-10.997	-10.412	2	Faces
-4.762	-3.316	-6.787	-5.844	-10.569	-8.203	-38.109	10.765	10.444	16.847	9.738	11.815	0.046	-3.856	3.169	-4.598	-6.368	-2.072	-9.868	-6.725	-6.214	-7.487	-4.221	7.068	3.551	8.032	6.768	14.665	2	ScrambledFaces
-8.031	-12.978	-12.179	-6.003	5.732	6.280	1.706	10.749	4.406	16.786	13.218	14.455	13.520	17.110	-10.022	-5.243	-3.587	-11.521	-3.458	-1.328	5.894	-3.012	-6.541	8.222	-6.092	4.550	13.460	15.474	2	ScrambledFaces
3.300	5.812	4.802	2.226	-2.733	-2.000	0.257	4.891	5.489	-5.368	0.628	-2.316	3.925	2.295	4.886	7.990	4.839	1.808	2.966	5.061	3.285	-2.496	-4.871	0.746	-5.643	-9.521	-10.034	-6.236	2	ScrambledCars
-9.301	-10.600	-0.911	-13.986	0.679	-2.271	4.159	14.519	15.535	19.739	20.096	15.061	13.672	9.627	-8.546	-8.092	-9.680	-11.297	-7.618	-6.574	0.846	-4.183	-8.806	8.783	-5.558	2.967	10.996	16.359	2	ScrambledFaces
-5.894	-11.540	-9.299	-5.180	7.897	4.589	8.751	24.107	13.025	10.464	8.194	4.687	0.526	2.146	-12.387	-17.640	-11.616	-1.585	-10.568	-14.334	-7.766	-2.399	-0.857	0.675	4.996	2.266	2.387	-0.979	2	ScrambledCars
-2.281	1.523	10.466	1.512	6.566	-1.267	-8.569	-12.846	-8.831	6.384	4.594	4.246	1.111	0.413	2.357	3.169	2.310	0.112	2.372	-1.178	-3.620	6.058	2.501	4.737	-1.371	-8.099	-0.442	-4.041	2	Faces
2.291	-6.756	-2.243	-7.414	-8.696	0.824	13.005	-9.124	8.316	-4.617	12.171	3.859	2.880	-7.332	-2.131	-7.845	-5.979	-2.708	-2.466	-11.303	-8.102	0.877	2.868	0.315	8.388	9.320	4.671	14.999	2	ScrambledFaces
-4.659	1.035	-9.655	-1.255	-1.536	5.728	-8.890	11.428	-1.236	-0.995	9.214	5.444	-7.677	-10.150	4.833	4.984	4.943	6.265	-1.340	2.451	-5.500	-4.656	-6.827	3.255	-0.665	3.333	6.179	16.716	2	ScrambledFaces
3.330	11.889	1.201	11.287	-0.862	4.254	-28.657	-7.655	-3.428	2.270	-8.209	-15.553	-19.235	-8.924	18.201	20.012	18.945	13.301	19.103	22.980	11.335	6.746	2.743	-12.836	-16.409	-11.683	-8.768	-9.576	2	Cars
4.814	9.875	-8.492	11.453	3.799	-1.338	10.262	37.034	3.875	6.342	0.834	2.763	-11.203	-5.763	2.341	11.644	9.040	4.203	6.539	11.197	3.705	-3.842	-10.466	-10.721	-15.244	-10.467	-9.216	-11.707	2	ScrambledCars
-2.351	3.642	-18.030	4.494	4.883	-4.706	5.979	-5.089	-3.581	-13.588	-11.991	-7.979	11.959	13.904	4.089	11.541	14.356	10.940	18.174	18.452	14.245	16.765	10.637	8.237	-5.114	-18.663	-8.875	-13.477	2	Faces
2.770	8.702	-12.288	7.159	1.191	-4.341	13.215	-1.789	-5.414	5.492	1.577	4.113	1.891	9.948	3.766	9.639	7.286	-0.330	3.791	12.575	10.527	-2.372	-6.132	-1.313	-10.023	-13.841	-5.396	-7.279	2	Faces
2.576	3.789	1.484	-0.026	4.140	-2.643	-7.712	2.190	7.898	36.439	9.677	5.586	3.375	-2.463	-0.161	3.129	0.246	-1.235	-5.388	1.955	-1.251	-15.647	-11.411	-4.624	-4.786	-3.533	-3.004	-1.571	2	ScrambledCars
-13.602	-13.952	-13.999	-7.676	-6.199	-4.943	-5.386	17.320	16.521	25.064	18.691	15.045	9.918	2.804	-5.107	-13.474	-6.343	-3.515	-7.649	-17.318	-11.390	-2.808	-3.539	8.671	3.277	10.281	19.477	15.636	2	ScrambledCars
12.804	9.111	0.058	2.294	3.401	-0.130	-40.964	-8.325	-5.209	-26.972	-7.001	-6.042	0.143	3.703	10.951	9.581	11.312	7.276	11.756	15.632	8.213	4.078	7.768	-2.447	-10.564	-13.789	-13.245	-12.284	2	Cars
-3.329	3.574	9.473	9.057	5.112	-2.409	10.559	14.643	13.474	8.657	12.268	15.449	-2.715	-5.388	-9.065	-5.941	-12.566	-13.780	-9.007	-7.796	-5.736	5.695	1.577	-0.939	-0.638	-0.328	1.730	10.671	2	ScrambledFaces
1.221	4.911	-5.306	3.731	10.144	3.202	-30.071	7.330	-6.659	1.263	-0.793	-8.844	-6.070	8.507	3.834	12.084	6.822	1.562	11.387	17.834	12.666	3.545	0.969	2.482	-6.997	-6.654	-1.436	-12.210	2	Cars
2.973	1.669	3.446	2.084	-2.645	2.357	28.190	-0.757	2.782	-11.840	7.277	5.024	-3.605	-13.714	6.644	-5.287	0.297	5.386	-4.760	-15.035	-15.996	-9.454	-9.327	-5.609	-2.921	-8.425	1.280	1.005	2	Cars
-1.342	2.020	-7.256	2.402	3.704	4.204	11.447	17.565	10.759	-7.285	8.828	5.536	-5.879	-4.371	-1.536	-1.161	-5.603	-6.620	-5.437	2.553	2.530	-5.253	-5.425	-2.712	-7.905	-0.869	2.602	4.025	2	ScrambledFaces
-6.282	-9.023	-4.594	-7.528	-1.506	-7.389	0.551	8.990	11.888	8.633	12.326	15.308	-3.386	-9.507	-10.102	-9.103	-10.557	-6.980	-8.804	-9.458	-11.569	-1.589	-0.275	9.361	9.897	13.929	16.065	20.983	2	ScrambledFaces
-2.354	3.215	13.641	1.659	6.082	-0.721	-11.998	6.741	4.250	-5.523	2.723	4.321	0.468	-1.145	0.988	3.780	3.498	0.009	3.428	6.198	1.381	2.867	-0.678	0.213	-0.526	1.113	-0.274	4.176	2	ScrambledFaces
1.236	8.119	-15.539	8.198	10.788	-0.130	-12.013	-10.901	-1.378	9.267	4.422	-4.239	11.432	17.503	1.674	14.820	10.129	5.781	8.857	17.841	19.001	4.325	-2.700	0.287	-13.684	-16.540	2.018	-7.062	2	Faces
-8.890	-6.512	-3.318	0.766	1.133	2.139	5.295	-1.592	8.849	14.542	15.308	11.572	-1.203	-2.012	-3.836	-4.975	-5.436	-10.304	-2.386	-4.946	-0.177	-2.183	-3.168	8.937	4.090	3.494	12.068	14.764	2	ScrambledFaces
-1.449	-9.006	5.563	-9.222	-7.661	-0.492	17.928	11.853	7.482	20.463	9.129	7.272	7.586	1.707	-2.530	0.672	-1.072	-1.482	-4.141	0.960	1.125	-10.095	-9.630	-5.173	-12.048	-8.843	-0.968	-6.104	2	Faces
-9.509	-5.198	8.801	-4.477	-4.254	-0.987	25.354	-2.912	5.977	7.029	7.232	4.456	-3.662	-12.675	0.817	-3.726	-6.013	-2.822	-3.727	-4.006	-7.343	0.464	1.614	-0.066	0.116	2.537	1.867	9.002	2	ScrambledCars
11.185	5.031	10.747	-6.621	-15.412	-4.801	7.232	-3.702	1.999	-4.872	3.813	5.025	-1.945	-13.038	3.775	-3.458	0.314	-0.875	-4.753	-4.382	-12.451	-10.889	-4.144	-4.526	0.269	3.255	2.114	1.372	2	ScrambledCars
7.922	5.742	8.255	5.017	-8.463	-2.256	-5.383	-3.933	4.943	-6.286	3.245	5.198	-1.988	-6.780	1.379	-4.208	-5.048	-5.594	-7.133	-2.212	-5.968	-9.188	-5.355	-0.201	1.014	2.035	1.863	9.901	2	ScrambledFaces
-0.666	-3.150	6.008	3.484	5.580	-1.667	16.303	-3.781	7.740	-13.463	4.062	3.411	3.189	2.629	-3.961	-0.724	-3.860	-4.791	-2.580	2.650	-0.089	-6.842	-4.889	1.365	1.137	-2.984	8.074	5.518	2	ScrambledFaces
3.594	4.231	-4.673	-5.458	-2.024	-14.370	-22.891	6.959	4.549	-12.860	5.996	2.311	3.410	-0.409	5.222	0.477	0.564	2.799	2.620	1.476	0.553	5.356	-3.221	-5.820	-0.598	0.002	-0.544	5.721	2	ScrambledFaces
-0.195	-6.066	2.425	-7.761	-3.806	2.750	8.608	1.977	6.227	8.640	-0.794	11.539	16.638	-0.043	-8.108	-13.457	-12.276	-5.768	-8.474	-11.782	-4.713	1.412	1.506	-4.350	1.536	-1.546	3.266	1.130	2	Faces
4.459	5.446	0.551	5.993	-1.676	3.343	1.580	-8.175	-3.500	-6.073	-6.538	-2.971	2.754	3.908	8.919	7.887	5.097	8.620	5.923	6.229	9.446	2.896	-0.095	-8.745	-19.254	-21.368	-10.392	9.484	2	Cars
2.906	-1.609	-1.688	-6.778	-8.767	-1.161	-3.813	-16.042	-1.825	-16.595	3.374	11.604	-1.007	-0.034	6.991	-0.043	0.290	2.874	0.325	-1.979	0.853	0.692	1.615	2.942	6.610	4.372	5.763	4.542	2	ScrambledCars
9.398	12.606	-2.604	8.418	-3.146	-11.176	-9.619	-17.003	-10.831	-25.811	-5.136	-12.899	5.716	11.137	8.230	20.794	16.160	9.043	15.806	23.034	15.602	8.448	5.414	-1.893	-14.318	-17.501	-2.093	-7.902	2	Cars
-15.659	-14.997	-31.682	-7.388	-4.790	-8.182	13.624	-2.437	3.048	33.588	8.990	4.808	13.161	10.885	-11.541	-5.000	-8.140	-7.547	-5.103	4.966	12.610	0.653	0.565	16.203	9.389	12.042	16.052	5.302	2	ScrambledCars
1.816	5.684	1.883	1.318	7.474	6.009	7.656	8.688	7.042	2.235	10.839	10.143	0.943	0.983	-5.421	-4.577	-4.029	-6.179	-4.254	-4.828	-1.711	-0.945	-3.599	6.878	-6.258	-7.031	6.417	0.342	2	Faces
-6.705	-5.919	2.604	1.682	13.605	0.611	0.925	4.928	11.812	16.419	7.212	13.294	4.574	1.638	-13.345	-7.396	-9.190	-9.273	-10.643	-1.358	2.972	-5.451	-0.009	5.157	1.916	3.403	8.100	3.201	2	Faces
-6.529	-0.176	-7.779	-2.524	-1.221	-11.453	3.932	12.547	7.226	-5.673	6.622	6.346	7.309	-5.303	-5.335	-3.785	-4.406	-4.774	-2.954	-4.550	-1.897	2.305	-0.929	7.630	6.386	-3.912	8.657	2.431	2	Cars
-0.350	3.047	8.263	3.694	-2.944	-8.179	-17.833	-11.276	-4.140	15.936	-2.558	1.582	10.045	9.476	4.207	10.887	8.287	-0.151	9.636	12.531	7.556	8.533	3.690	-0.089	-10.317	-15.728	-8.197	-2.211	2	Faces
5.313	6.554	22.269	10.609	5.965	19.110	3.474	15.554	2.470	5.867	-1.641	-11.443	-0.471	-0.586	3.517	4.722	2.360	0.834	-0.509	2.835	-0.491	-7.036	-9.463	-16.367	-19.156	-18.785	-16.350	-15.795	2	ScrambledFaces
-7.610	-4.726	-11.455	-5.278	-2.262	-9.961	15.048	19.464	8.060	28.901	13.002	-0.797	10.205	2.033	-11.170	-8.871	-10.523	-9.537	-6.761	-5.668	-3.581	-5.303	-6.082	1.540	-1.787	7.554	14.247	12.809	2	ScrambledFaces
-0.535	-4.512	-0.815	-4.692	-0.623	-4.359	-21.035	-4.961	9.400	0.193	11.841	8.864	-2.418	-1.924	0.998	-4.907	-0.154	-1.051	0.606	-2.864	-2.773	-0.479	-1.705	1.671	-1.329	5.088	12.783	19.290	2	ScrambledFaces
-8.549	-10.653	-15.080	-11.535	-4.989	-5.492	10.592	5.458	13.505	9.205	15.912	14.052	12.840	-1.579	-6.547	-8.581	-8.469	-6.227	-6.339	-6.067	-3.270	0.564	0.662	8.444	4.142	6.669	12.515	8.021	2	ScrambledCars
1.067	-2.085	1.652	3.445	0.641	-12.079	-15.543	4.518	11.822	-4.720	8.154	6.184	3.001	-3.763	0.472	-2.224	-2.690	0.244	-4.209	-3.226	-3.827	-5.556	-2.838	-1.207	-4.088	-3.508	2.269	8.341	2	ScrambledCars
1.222	-3.469	3.892	-0.943	-9.540	-9.143	-13.155	-1.787	2.085	10.177	10.744	4.441	9.094	7.353	-2.035	-1.747	-2.207	-2.661	-0.984	2.176	6.173	5.189	-5.008	-0.736	-11.304	-6.693	3.262	3.145	2	Faces
-8.289	-7.898	-12.896	-3.657	-6.851	-16.067	8.566	-20.427	-10.226	3.642	7.458	3.711	14.443	1.208	-0.011	1.335	1.245	3.276	2.788	3.630	3.274	5.096	6.507	11.834	2.403	1.922	11.592	5.205	2	Cars
11.923	0.678	-0.707	-1.232	-1.851	0.322	14.056	0.371	3.912	16.782	1.909	0.396	-5.362	2.322	8.038	5.177	5.828	6.819	4.046	8.149	5.151	-6.849	-9.767	-24.702	-19.971	-21.429	-19.191	-15.873	2	Faces
-9.675	-6.643	-10.184	-9.385	-1.463	-2.336	11.156	-0.294	9.315	27.965	10.612	4.164	23.787	11.101	-4.526	-9.490	-11.309	-5.760	-9.998	-6.800	4.361	-7.143	-6.776	7.235	-8.835	-3.922	4.709	-1.327	2	ScrambledCars
-1.018	1.075	-5.169	7.927	14.795	14.339	-0.022	-5.232	1.549	18.685	0.598	-13.582	10.805	10.386	-7.031	2.652	-2.853	-6.224	1.671	8.080	10.123	1.025	-4.166	-0.142	-5.579	-9.201	-0.803	-2.467	2	Cars
-3.276	-10.614	-14.904	-5.945	8.063	0.289	-12.622	-10.403	-9.083	4.756	-0.142	1.343	11.706	18.693	-7.840	-0.427	-1.997	-1.071	6.508	5.927	14.567	11.501	5.518	12.606	-2.252	-2.190	7.403	-0.383	2	Faces
-0.316	-6.707	-4.858	-0.591	-1.322	9.130	16.334	1.933	10.380	-5.822	7.618	5.192	6.261	-0.158	-6.503	-3.609	-5.751	-10.360	-6.462	-4.687	3.771	-5.124	-3.081	-4.140	1.104	1.326	3.254	15.659	2	ScrambledCars
0.843	2.348	-4.194	5.562	15.562	-4.936	-20.821	-14.970	-2.358	-10.219	-0.836	1.069	-5.060	0.904	1.701	4.242	2.487	-0.693	7.715	10.067	9.145	8.485	1.491	-3.074	3.035	-1.106	-1.675	1.336	2	ScrambledFaces
6.650	5.083	1.927	1.946	0.046	-8.780	16.853	-18.412	-6.703	-11.513	3.289	0.710	12.067	3.384	3.225	2.152	4.631	5.652	3.313	3.102	1.511	1.910	1.604	1.657	-16.360	-15.116	-1.334	-11.776	2	Faces
-1.496	-3.685	-1.797	0.495	-3.025	3.527	1.529	2.749	13.077	12.648	12.651	2.996	12.158	3.059	-2.061	-5.065	-7.717	-4.774	-8.986	-4.545	0.393	-9.448	-9.208	-5.114	-4.504	0.883	5.201	2.801	2	ScrambledCars
6.831	1.716	-3.027	6.504	9.289	-1.901	-18.942	7.181	4.508	-7.586	3.748	-2.539	0.603	6.579	0.431	5.459	2.744	2.659	6.077	11.253	11.725	5.295	-0.833	-7.621	-14.731	-17.074	-12.333	-7.881	2	Cars
-5.053	-0.616	0.925	2.833	6.710	0.386	20.178	11.346	5.568	-0.160	9.315	12.977	16.919	4.804	-7.594	-3.195	-3.382	-5.235	-1.940	0.963	3.015	-1.307	-3.367	4.164	-10.231	-2.860	10.542	0.852	2	ScrambledFaces
13.066	11.029	16.526	4.482	3.123	4.509	-6.767	-6.634	-2.864	3.911	2.869	-8.519	-14.358	-9.151	6.957	5.821	4.600	6.555	-0.514	-1.403	-7.211	-9.091	-6.089	-8.972	-13.730	-15.321	-9.671	-10.639	2	Cars
5.480	2.800	23.598	-4.020	2.228	0.076	13.633	1.029	5.011	-8.374	9.779	5.167	1.051	-3.766	-6.729	-8.211	-9.615	-9.556	-8.696	-9.451	-9.857	-4.647	-3.721	-1.147	2.449	-1.602	0.173	2.601	2	Cars
-4.623	-4.024	-7.648	-1.490	-3.763	-11.456	-3.919	17.047	19.174	9.885	17.345	5.651	4.287	-3.007	-1.812	-7.227	-4.924	-4.965	-6.196	-11.317	-8.668	-4.571	-0.799	0.366	6.028	5.976	-0.495	13.245	2	ScrambledFaces
-0.044	-2.063	1.277	-2.198	4.836	1.420	8.242	-8.820	5.372	-0.706	2.439	3.385	-7.722	-4.388	-3.146	-6.795	-3.260	-4.864	-2.195	-10.226	-8.280	0.466	4.163	2.801	3.088	6.302	8.217	8.626	2	ScrambledFaces
-13.688	-6.247	-10.779	1.230	-2.078	-13.484	13.981	-1.582	1.239	-6.106	11.414	4.460	19.786	19.063	-3.688	-1.547	0.549	-3.553	3.319	5.715	12.653	11.946	5.324	14.857	-2.322	-4.524	8.450	2.859	2	ScrambledFaces
-0.018	-10.379	-4.827	2.716	-6.732	4.733	-14.453	2.632	6.929	9.429	12.815	4.620	2.981	1.148	-0.398	-5.943	-0.810	-3.087	0.393	-3.249	1.891	-0.691	-3.469	1.840	-5.304	-0.809	4.169	1.462	2	ScrambledCars
2.195	9.017	9.044	4.850	3.295	-0.162	-11.859	-16.576	-7.550	-6.391	-1.569	-2.350	4.206	4.670	8.163	5.776	7.603	12.890	6.146	3.014	4.398	6.918	6.647	4.956	-9.842	-14.258	-5.930	-0.343	2	Faces
0.160	5.662	-1.915	4.469	1.125	-0.150	-1.314	-5.661	-0.842	13.604	5.924	0.167	14.225	4.722	-5.051	6.778	-0.927	-7.526	-1.157	3.963	9.356	-1.328	-5.456	10.127	-6.495	-0.801	5.110	7.631	2	ScrambledCars
11.494	9.880	17.035	7.822	6.938	3.075	-11.562	-12.080	-1.647	-16.809	-1.211	-6.193	-2.996	-2.597	6.920	8.135	8.163	8.054	5.372	7.693	-3.006	-1.305	2.194	-6.118	-13.349	-15.488	-8.775	-12.592	2	Faces
5.596	2.791	14.268	-2.840	-4.418	10.334	16.281	-4.169	3.460	-20.056	-3.263	-4.657	-6.817	-3.979	8.617	-2.351	1.660	7.918	-2.829	-7.573	-9.048	-4.825	-1.424	-4.690	-10.941	-16.324	-9.479	-0.041	2	Cars
6.400	8.867	-3.415	3.244	4.071	5.557	-24.441	9.751	8.920	-1.939	2.242	-1.666	-12.573	-4.803	4.816	5.858	3.293	1.342	-0.606	6.539	-0.814	-6.259	-6.749	-12.306	-5.186	-1.625	1.353	1.689	2	ScrambledFaces
-1.302	-3.140	2.109	1.639	-1.109	-7.684	-6.534	4.118	7.879	-14.185	4.446	-2.316	-4.754	-7.536	8.527	6.557	8.122	6.121	4.786	2.528	-1.056	-2.830	1.366	-6.558	-6.633	-7.508	-5.309	0.134	2	Faces
-2.262	7.376	-6.763	8.273	5.753	-2.331	-6.671	-24.629	-12.190	-4.279	0.109	-4.077	10.419	8.913	4.514	10.033	7.618	3.338	10.007	10.850	9.357	14.221	9.913	7.857	-0.426	-13.215	-2.407	-3.304	2	Cars
9.686	10.266	2.411	15.066	2.415	-2.322	-32.720	-26.245	-12.173	-22.267	-5.626	-6.791	5.386	10.289	11.914	12.472	13.026	8.703	12.930	15.369	14.342	8.968	4.597	-0.835	-16.457	-12.475	-5.105	-6.407	2	Faces
6.243	9.665	9.580	5.010	1.151	-2.287	-6.279	-9.343	-10.771	-13.766	-5.070	-6.301	3.027	5.089	-0.867	3.859	7.712	0.151	8.328	8.300	5.583	10.992	7.497	6.619	-1.194	-8.471	-5.889	-3.846	2	Cars
1.203	4.767	6.474	7.974	-3.421	9.075	1.682	-2.557	0.347	9.885	-2.054	-1.640	-2.561	-8.892	0.312	0.340	4.868	5.972	1.249	-6.526	-9.147	-1.355	2.455	4.707	-3.789	-9.549	7.057	-3.172	2	Cars
-2.348	0.085	4.483	1.434	7.811	22.835	-2.079	-6.682	-3.889	-8.928	3.839	0.422	7.706	11.008	1.655	-0.181	0.342	-2.836	1.429	4.738	7.759	3.293	-1.174	4.354	-10.864	-9.766	0.424	-1.905	2	ScrambledFaces
-1.022	-2.397	-5.403	-9.182	-6.352	-21.099	4.553	-11.653	-3.771	13.121	2.382	1.435	-7.972	-1.409	-6.397	-1.827	-2.106	1.455	0.104	-2.414	-0.107	4.450	7.156	4.574	8.549	7.997	15.266	12.891	2	ScrambledCars
-3.039	8.776	1.954	7.541	14.469	14.510	4.966	13.243	8.361	28.217	3.299	-0.043	5.064	1.292	-2.905	8.693	-0.716	-6.132	-3.572	12.104	5.662	-8.911	-13.984	-7.153	-9.420	-12.056	-3.759	-12.496	2	ScrambledFaces
4.058	-4.605	-3.091	-7.532	-9.212	-6.380	-16.461	-6.323	4.477	10.760	7.358	4.767	-10.330	-5.152	-1.343	-9.158	-3.203	1.544	-3.461	-8.821	-9.174	-1.197	1.934	4.075	6.321	5.411	8.306	9.394	2	ScrambledCars
5.345	7.179	1.848	2.521	0.143	1.770	-15.454	3.731	7.282	-9.374	4.802	2.039	5.312	-2.599	1.014	2.837	4.121	-2.236	1.468	2.691	4.670	-1.106	-2.176	0.047	-11.464	-5.274	-0.754	1.191	2	Faces
-7.740	-8.143	-14.649	-4.717	-0.469	1.778	3.146	4.021	11.867	12.778	12.264	6.486	7.812	0.990	-6.489	-2.036	-3.088	-9.283	-1.578	-0.936	-4.884	1.398	-0.627	10.781	0.969	9.783	13.524	12.813	2	ScrambledCars
-1.715	-10.025	-5.566	-13.537	-17.341	-12.288	11.363	4.522	14.063	9.245	20.066	11.395	-3.773	-9.458	-0.922	-6.550	-2.000	-5.046	-2.204	-7.240	-7.537	-4.162	-1.797	1.886	7.416	11.020	11.128	8.691	2	ScrambledCars
-2.041	1.032	-7.880	2.695	-12.750	-8.949	-17.031	-1.335	3.095	4.883	6.224	2.166	6.136	-6.140	7.053	5.520	8.015	2.975	8.099	11.143	0.309	3.377	2.435	2.401	-7.148	-12.768	0.322	-0.767	2	Faces
0.558	4.115	-0.333	1.368	-3.812	7.877	5.050	9.667	2.677	11.534	1.192	-0.473	1.728	0.008	-1.963	3.491	-2.584	-0.050	-2.416	-5.819	-3.481	2.802	-0.846	-1.166	-1.703	-11.969	-1.219	-3.513	2	Cars
14.307	11.536	0.074	7.601	-2.624	0.199	12.168	-1.464	4.935	-10.460	6.212	1.484	-6.514	-15.147	7.052	4.007	5.168	-1.151	-1.689	-1.135	-8.414	-8.529	-10.207	-11.361	-10.533	-7.077	-11.853	-2.869	2	Faces
1.867	4.883	0.301	3.625	-5.439	0.472	-17.915	-3.371	1.582	-1.190	6.457	9.257	-7.310	-4.556	0.162	-0.988	0.586	-2.735	-2.641	-4.471	-6.178	1.272	0.915	6.252	-0.833	0.504	10.974	9.812	2	ScrambledCars
-0.724	2.554	-0.454	6.628	5.550	2.757	-8.126	-2.271	3.176	3.709	0.141	5.981	3.618	4.697	-1.631	7.066	3.893	3.506	4.947	5.669	3.544	7.471	2.400	2.059	-7.833	-8.228	5.728	-4.546	2	Faces
-0.910	5.204	3.016	-1.561	0.209	-11.016	0.176	-2.111	6.609	-0.951	3.225	2.662	2.457	8.938	6.481	10.170	5.011	2.499	4.961	14.731	10.890	2.093	-7.338	-3.266	-16.418	-9.283	-2.920	0.948	2	ScrambledFaces
1.845	6.877	-2.687	8.323	11.370	6.638	34.282	-11.319	-14.585	1.072	-0.098	-11.199	7.507	7.868	-3.428	4.802	-0.502	-0.923	4.946	9.616	11.253	3.828	-0.248	-1.769	-10.065	-14.106	0.181	-3.123	2	Cars
-0.165	-11.276	-6.381	-12.397	-16.837	-4.683	-18.968	8.759	10.361	21.136	12.700	13.000	-12.916	-15.573	-0.631	-15.581	-8.144	3.083	-7.476	-16.719	-17.474	-4.011	2.861	4.977	10.502	12.287	8.925	7.224	2	ScrambledCars
0.505	1.478	-2.085	-0.648	-8.750	-23.513	10.568	-19.445	-7.018	-8.695	5.190	5.077	9.663	8.783	-0.536	5.426	4.451	-0.885	6.829	7.426	6.338	9.589	3.141	10.914	0.021	2.292	9.953	8.259	2	ScrambledCars
-4.872	-9.301	-6.207	-0.716	-8.119	-8.413	5.684	12.168	8.908	14.864	3.962	9.497	-0.681	-5.532	-4.821	-7.013	-6.845	-6.568	-3.891	-3.206	-5.130	-3.238	-4.776	3.484	4.974	3.454	3.288	4.818	2	ScrambledFaces
-4.461	-13.339	-1.491	-15.118	0.272	0.098	24.007	22.590	18.911	27.547	20.867	10.528	0.571	-12.412	-6.505	-12.886	-8.336	-8.209	-0.626	-17.316	-21.855	-6.054	-3.582	4.049	3.222	5.927	10.887	8.393	2	ScrambledFaces
-0.953	5.251	-2.528	8.732	6.035	1.956	31.351	-15.765	-7.040	7.824	-2.041	-3.486	1.643	13.632	-1.003	10.163	4.420	-2.589	5.816	13.193	14.286	5.881	-0.350	-0.492	-9.091	-16.510	-3.289	-3.314	2	Faces
5.617	3.526	-9.103	-0.721	-10.888	-8.422	-8.306	-4.315	-2.204	-5.223	1.547	2.248	1.758	-1.754	3.832	4.198	5.506	5.303	3.668	-1.002	-4.123	4.276	4.965	2.102	0.089	-2.878	2.029	5.939	2	Cars
3.842	5.686	12.296	5.904	3.031	3.316	-7.389	-6.343	0.883	1.063	2.060	-1.214	8.513	7.160	-2.076	3.040	-1.810	-1.402	-3.351	1.476	4.460	-1.149	-4.447	0.565	-7.834	-12.351	-3.250	1.692	2	Faces
-8.214	-7.157	-9.229	-3.604	-6.092	-6.755	28.904	-0.473	7.275	2.497	6.631	10.522	3.929	-3.007	1.069	-1.602	2.526	1.768	2.416	-0.960	-2.031	1.761	-0.992	9.610	-6.069	-5.097	5.750	1.827	2	Faces
-8.436	-12.737	-3.905	-4.764	-0.601	0.011	-0.276	-3.333	-2.878	0.486	-1.131	-2.693	4.849	9.544	-3.004	-2.136	1.118	5.566	3.978	1.967	10.112	7.601	9.540	2.161	-6.674	-12.754	4.338	1.378	2	Cars
-0.694	0.022	-18.912	2.239	10.464	-2.730	-1.289	-9.948	-2.016	-12.103	-0.584	2.708	7.895	3.234	-2.385	3.628	4.072	0.222	5.249	5.517	5.170	3.667	0.907	6.324	-2.961	-0.954	7.617	5.295	2	Faces
-12.268	-7.897	-18.320	-7.171	0.135	-4.380	23.155	4.550	-0.929	3.475	6.928	5.596	12.495	0.397	-4.915	-1.303	-2.879	-2.495	-0.905	2.655	1.822	2.082	1.097	3.883	-3.264	2.260	17.119	6.341	2	ScrambledFaces
-2.548	0.065	-9.198	2.213	0.085	-0.387	22.765	2.279	-5.710	-9.017	1.328	2.706	-8.439	-1.611	-0.636	-0.577	-1.331	0.008	-0.990	-1.283	-1.857	0.169	0.278	0.869	1.045	-2.040	8.677	0.541	2	Cars
-8.799	3.512	-0.776	6.501	8.851	1.156	-6.246	3.261	9.306	29.359	15.285	8.663	6.313	7.633	-7.655	-7.659	-12.202	-13.023	-7.926	-1.950	3.718	-2.690	-7.456	16.799	-5.280	-0.319	14.595	7.347	2	ScrambledFaces
1.833	3.429	-0.819	8.124	-1.976	3.206	-2.287	-8.523	-6.842	7.407	1.661	-0.424	6.711	6.614	1.394	9.403	4.865	1.195	3.160	6.689	9.804	-0.918	-5.204	2.528	-8.362	-18.349	2.483	-0.146	2	Cars
-8.106	-17.396	-5.010	-17.310	-3.469	-0.835	3.608	16.005	11.659	15.249	19.166	6.346	-3.952	-3.638	-12.815	-12.586	-6.953	-6.025	-2.479	-12.855	-11.906	7.222	4.508	10.800	10.733	11.685	16.374	13.913	2	ScrambledFaces
4.247	-1.782	5.559	-3.774	-18.648	-10.009	-10.389	5.243	4.787	-1.788	0.552	9.675	-7.723	-13.972	4.407	1.161	3.700	4.883	0.212	-3.883	-11.587	-4.493	-1.215	1.005	6.484	5.219	2.442	8.430	2	ScrambledFaces
-1.382	-3.316	-8.124	-4.303	-6.555	-0.492	12.052	-3.398	0.331	8.213	-0.069	5.282	-8.815	-5.743	3.375	1.280	1.206	1.742	1.600	-0.983	-0.831	1.452	4.116	-3.665	0.818	3.061	1.517	-0.809	2	ScrambledFaces
-1.699	-6.404	-5.848	-7.222	-13.238	-7.625	31.042	9.745	1.351	12.133	7.051	5.808	-2.369	-3.469	-2.113	-8.437	-1.297	1.041	-0.225	-10.380	-6.261	0.602	1.286	-2.783	4.679	0.628	2.271	7.739	2	ScrambledCars
11.359	2.785	10.815	4.032	1.245	10.327	-4.458	4.116	9.403	-6.960	1.750	1.515	-17.224	-9.242	2.354	-0.994	-2.372	3.310	-2.913	-3.050	-4.567	-5.208	-3.593	-12.443	-9.864	-3.920	-4.153	0.097	2	ScrambledCars
-1.112	6.670	9.469	-0.641	4.432	3.087	19.619	-4.437	-5.104	-1.976	-1.924	2.197	1.222	4.585	0.018	2.055	-1.045	-0.628	-1.192	2.884	1.502	2.186	-1.498	3.621	-10.439	-13.580	-2.520	-13.817	2	Cars
2.684	-2.664	-4.881	-5.340	-10.100	-5.617	-23.862	3.029	7.492	-0.848	11.968	12.369	9.455	2.465	-6.108	-9.655	-10.592	-8.040	-8.926	-11.006	-6.509	-0.784	-1.192	6.418	4.673	9.026	19.244	11.557	2	ScrambledFaces
-6.743	-7.574	-9.946	-15.700	-7.740	-2.978	31.375	16.853	16.349	22.790	21.003	6.477	8.504	-8.700	-4.917	-10.646	-5.123	-4.629	-8.324	-12.979	-17.516	-9.554	-6.731	3.670	-3.600	2.959	10.594	11.288	2	ScrambledFaces
11.892	11.147	3.452	5.831	2.401	8.529	4.170	-7.194	-2.913	-13.152	-1.375	-14.240	-8.221	-2.174	13.720	6.805	10.868	11.103	7.930	4.133	4.730	-3.478	-1.591	-13.529	-15.527	-22.103	-20.350	-14.077	2	Faces
-1.376	-0.368	-0.711	-0.596	0.588	-5.912	-14.474	3.697	-0.688	-5.194	3.084	-0.908	0.062	4.382	0.122	-0.362	3.501	2.894	4.786	1.034	2.722	7.632	2.679	5.625	-2.343	-2.812	1.582	-0.416	2	Cars
-6.231	-7.940	-12.393	-4.179	-4.107	-7.752	-3.761	0.537	0.717	2.532	8.557	5.903	2.505	3.015	0.923	-4.318	-0.461	-1.308	1.151	-7.459	-0.812	3.123	3.256	2.900	1.361	0.771	10.393	10.629	2	Cars
3.497	3.292	9.854	0.786	-0.109	-4.713	-20.256	7.037	-0.690	-17.100	8.122	4.305	0.670	3.145	0.689	5.011	2.200	-4.085	0.762	7.049	2.825	-0.810	1.097	-5.163	-6.809	-9.417	5.439	1.765	2	Faces
-1.561	0.689	-8.691	4.418	3.290	-14.153	-3.332	-1.689	2.762	-8.491	2.613	0.861	-1.589	0.263	8.793	14.772	13.484	7.641	11.703	17.666	7.818	1.273	-2.395	-2.202	-4.681	-2.364	-3.870	-1.589	2	ScrambledFaces
-4.179	-1.344	-7.668	-7.786	1.505	-5.978	-10.382	-0.717	-0.940	22.436	9.977	10.069	12.036	2.593	1.533	-2.050	-1.573	-0.579	-3.354	-3.174	-0.946	-1.451	1.199	-1.552	-5.365	-7.276	-0.287	8.729	2	Cars
1.242	-3.163	-4.281	-5.513	-1.127	-5.041	15.430	-17.795	-9.355	-2.671	1.839	2.267	6.917	16.936	0.173	2.092	5.689	5.837	10.655	6.909	12.859	13.693	5.923	10.432	-11.771	-11.774	-1.330	-3.635	2	Cars
-9.520	-7.422	-6.226	-4.315	4.309	-4.289	17.527	-2.489	2.682	-0.513	2.527	2.344	18.759	11.185	-8.911	-4.069	-2.689	-3.056	0.842	0.113	4.160	7.802	2.141	7.983	1.272	0.127	11.796	4.163	2	Faces
-4.870	4.816	-9.643	5.237	7.631	-8.154	-7.775	-2.823	-5.798	-6.123	-1.982	-0.593	4.677	11.208	1.326	12.552	6.905	2.761	8.236	13.258	12.010	9.835	9.417	3.896	-0.058	-9.621	0.087	-5.980	2	Faces
-7.517	-6.572	-1.267	-9.846	-12.869	-12.194	13.142	-1.709	2.880	15.738	3.921	6.404	3.961	2.372	-2.261	-11.602	-3.852	0.937	-4.827	-13.775	-5.804	1.956	4.935	5.912	6.588	-1.077	4.916	1.951	2	Cars
11.396	17.443	1.507	7.108	-4.415	3.089	-10.018	-19.039	-7.551	-21.698	-12.214	-5.597	-5.151	4.102	9.657	10.706	10.436	8.647	7.133	10.996	4.700	6.166	3.878	-5.827	-3.683	-10.488	-1.611	-10.632	2	Faces
12.681	10.334	3.618	6.132	-3.173	-8.033	-13.678	-10.860	-11.275	-23.016	-11.898	-13.751	-8.364	-10.359	16.582	18.146	17.395	17.333	15.132	13.813	0.315	2.820	7.513	-16.209	-11.099	-21.356	-20.026	-9.917	2	Cars
-7.295	-1.925	-1.549	-3.130	3.409	2.453	-14.464	-24.710	-9.561	2.366	2.236	6.733	7.287	7.763	6.086	2.032	1.166	6.093	6.679	1.782	4.536	13.091	11.069	9.216	-0.990	-9.123	2.892	0.004	2	Faces
3.555	8.254	-1.517	5.383	9.778	-4.549	-3.768	-1.770	-0.875	8.591	2.606	-1.398	4.122	11.194	-1.141	12.414	1.913	-4.166	3.511	20.128	13.305	0.834	-6.835	-6.018	-8.782	-4.106	-4.349	1.604	2	Faces
-4.020	-5.536	-4.255	-5.203	2.263	-9.539	5.441	-3.380	-0.778	30.842	5.928	3.005	11.752	8.871	-6.949	-4.269	-4.023	-3.568	-0.826	-2.359	4.008	-0.175	1.875	5.153	1.246	1.625	3.513	3.860	2	ScrambledCars
2.453	1.688	-11.706	-2.830	-12.504	-19.082	14.568	-15.911	7.630	-10.041	3.008	7.818	-8.969	-5.862	12.216	4.632	8.058	8.693	3.551	-0.952	-3.118	-0.068	-1.708	-8.947	1.723	1.605	2.185	12.324	2	ScrambledCars
12.207	0.993	8.141	-1.990	-5.358	0.957	-26.064	-5.780	-1.321	-10.758	7.163	-6.002	-7.915	-9.010	5.444	-0.242	3.362	9.278	1.961	-1.522	-1.764	-1.032	5.004	-4.543	0.675	-4.899	-8.797	-7.240	2	ScrambledFaces
11.930	8.295	17.019	3.451	-6.430	-4.986	-38.498	-12.809	-3.221	1.159	0.804	4.120	-11.295	-4.827	13.140	4.065	7.254	8.251	1.324	-0.646	-6.893	-3.020	-2.901	-2.524	-7.162	-8.852	-12.479	-3.506	2	ScrambledCars
-6.885	-6.390	-13.199	-8.309	-1.550	5.497	6.208	2.588	6.094	8.969	6.855	7.420	7.242	2.476	-0.115	-0.949	-1.567	-2.304	-0.498	-0.642	-0.754	1.027	-3.322	3.331	-0.491	-2.218	4.490	-1.726	2	ScrambledCars
6.152	2.656	18.450	-1.859	-8.082	1.210	-9.974	0.755	5.400	-5.886	6.133	2.585	-10.447	-15.240	7.986	-4.419	2.228	7.768	-1.645	-6.353	-11.576	-1.723	0.072	-11.121	-9.140	-1.554	-1.195	3.942	2	ScrambledFaces
-1.526	-0.698	-4.354	1.033	-2.003	4.495	11.015	-6.741	1.934	12.313	5.430	6.936	6.653	8.205	-3.207	3.305	-1.534	-6.866	-0.369	5.716	6.895	1.314	-8.068	2.606	-6.142	-3.699	7.267	4.518	2	ScrambledCars
-20.119	-8.462	-22.104	0.151	20.726	1.893	31.741	-11.125	4.042	24.828	15.461	11.616	27.652	23.964	-16.370	-2.609	-13.066	-21.195	-8.495	8.614	18.322	2.521	-4.738	16.542	-3.990	0.381	14.868	8.613	2	Faces
-7.355	-3.241	-11.962	-4.214	8.542	-1.470	-10.514	3.951	3.618	0.258	9.820	8.741	16.001	13.665	-6.083	-1.161	-0.778	-5.009	1.964	0.885	9.236	7.221	3.893	12.283	-1.512	-1.646	6.144	8.819	2	ScrambledCars
6.606	11.867	5.198	4.230	-3.761	9.412	5.806	7.610	2.984	8.289	1.263	4.526	-3.442	-2.307	-4.168	-3.805	-8.257	-10.327	-6.376	-1.027	-1.404	-0.714	-7.554	3.245	0.120	-3.488	-2.320	4.505	2	ScrambledCars
-1.434	-5.189	-3.493	0.270	-8.783	-11.672	5.202	-10.918	-6.788	3.224	0.885	4.161	0.430	-1.292	-0.428	1.862	2.800	0.517	5.376	6.116	1.923	3.256	6.359	5.706	3.968	-0.398	8.592	6.318	2	Cars
-6.703	-7.113	-14.729	-9.891	-0.953	-0.091	64.950	2.127	8.712	-6.649	10.924	10.968	0.019	0.652	-7.913	-12.521	-9.998	-10.077	-8.854	-10.753	-4.227	-1.500	-2.702	8.706	5.169	4.558	9.447	4.601	2	ScrambledFaces
4.106	3.941	-2.418	2.430	1.878	-5.567	-5.295	-4.770	3.170	-7.709	6.300	5.286	3.060	4.811	2.504	2.792	-2.572	-0.706	-3.368	2.035	2.116	-5.005	-6.878	2.979	-8.442	-3.789	1.457	2.106	2	ScrambledFaces
0.917	-3.348	-18.663	1.094	0.023	-3.072	-11.128	1.824	5.410	-0.090	0.478	1.159	-5.694	-1.947	0.417	-2.984	2.980	3.331	4.788	1.902	-2.438	6.804	10.149	-0.427	-4.124	-3.612	-0.723	-0.106	2	Cars
-9.795	-11.483	-5.986	-6.542	-3.949	3.201	20.796	6.669	5.704	20.216	5.529	10.926	10.605	-0.367	-9.331	-12.960	-12.682	-7.214	-3.795	-12.557	-6.499	6.280	3.427	10.185	-0.816	-5.974	6.439	9.214	2	Cars
4.451	4.638	8.435	1.104	3.271	3.442	-0.920	-2.322	14.719	6.664	14.403	5.836	-0.351	-5.779	0.692	4.618	2.789	-8.949	-2.641	-0.315	-7.515	-7.725	-12.365	-3.034	-6.334	0.793	2.010	5.916	2	ScrambledFaces
4.013	1.138	-3.909	0.044	-8.221	2.454	-37.536	14.105	8.788	11.264	4.721	0.772	-11.378	-10.285	8.633	0.559	3.913	9.772	-1.524	-2.495	-4.162	-2.252	2.843	-9.548	-0.187	-9.095	-15.336	-3.103	2	ScrambledCars
-1.120	-1.186	1.880	1.201	3.275	-7.284	-11.282	2.149	1.664	12.302	-2.312	8.087	2.458	3.937	-5.568	4.144	-0.794	-4.689	0.561	13.258	5.744	0.175	-8.428	-1.785	-7.728	-8.974	6.409	-1.902	2	Cars
-0.835	-1.298	2.275	-9.883	-0.112	2.115	18.489	-4.601	9.119	7.421	12.314	13.503	6.642	-7.004	2.311	-6.946	-4.805	-2.384	-7.504	-11.590	-11.719	-11.260	-9.158	-1.033	-2.185	4.163	7.196	13.014	2	ScrambledFaces
-4.833	-12.276	-10.602	-6.023	-10.058	-8.965	1.364	-5.259	4.180	7.361	6.226	14.236	7.493	12.740	-4.439	-9.120	-7.486	-6.904	-0.533	0.004	7.531	5.786	-3.532	10.371	3.574	6.303	12.701	4.691	2	ScrambledCars
2.974	4.828	2.632	6.503	2.855	-0.678	-22.741	-1.018	0.173	17.583	0.896	-4.999	-2.387	1.012	0.820	11.853	4.902	-1.417	5.497	10.566	7.513	3.058	1.029	3.401	-7.804	-11.315	-8.843	-3.463	2	Cars
-0.575	7.271	-5.526	10.311	12.652	0.263	-30.308	-9.825	-6.652	21.683	-0.883	-3.400	14.440	17.326	-2.449	8.542	5.927	-1.366	9.529	11.630	14.353	8.514	3.184	7.778	-12.674	-13.853	3.546	-6.016	2	Faces
-4.264	-3.426	13.590	0.803	3.390	-0.349	-3.768	8.440	12.622	12.851	10.812	0.232	1.420	-1.171	-2.864	-6.437	-7.352	-2.738	-8.019	-3.799	-1.046	-4.266	-3.672	-4.565	-1.843	-4.183	-1.608	-3.282	2	ScrambledFaces
1.171	1.379	0.908	4.552	2.721	-4.331	16.072	-22.396	-3.459	13.851	0.302	3.885	4.327	0.043	-4.096	-4.279	-1.612	-1.592	-1.170	1.048	-3.403	0.472	-2.662	3.404	-0.840	-0.438	8.347	4.795	2	Cars
-12.425	-4.394	-19.838	-4.417	8.162	4.557	-0.897	29.473	6.991	2.858	13.176	5.547	11.773	9.399	-3.926	-2.671	-3.421	-4.460	-0.897	-1.428	5.327	0.819	-1.828	6.723	-5.995	-6.454	8.485	4.218	2	ScrambledCars
-6.278	-4.494	-2.082	-1.080	3.545	4.269	22.802	10.844	6.033	2.346	9.581	4.329	0.327	-0.464	-9.457	-4.829	-6.156	-4.941	-3.863	-5.313	0.184	1.449	-2.657	5.900	1.035	4.758	11.883	9.760	2	ScrambledFaces
-11.496	-11.338	0.989	-1.091	5.596	-7.180	1.804	6.851	8.026	23.591	14.487	1.328	17.577	7.789	-14.542	-13.600	-14.291	-11.199	-4.602	-7.909	-0.885	2.658	6.511	14.212	1.727	0.529	13.922	6.667	2	ScrambledCars
0.062	-3.888	2.579	-1.598	-4.756	3.024	11.696	10.278	12.812	-0.991	12.514	8.650	-11.362	-25.032	7.294	-0.030	4.941	5.050	2.195	-6.687	-18.799	-2.840	-2.751	-5.097	-4.789	-1.476	-2.633	5.095	2	ScrambledFaces
-0.896	3.780	-16.015	1.088	-1.561	-9.747	0.363	-25.152	-6.826	-0.374	-1.737	6.390	10.654	8.259	11.236	13.364	14.482	9.040	15.728	15.904	14.392	10.150	3.044	1.166	-9.296	-13.399	-1.090	-7.337	2	Faces
4.465	1.424	-2.739	4.227	-1.577	-2.985	0.136	-13.633	-5.673	21.654	4.512	3.077	-10.153	1.032	7.294	4.139	5.675	4.531	2.213	5.789	5.180	-3.104	-5.668	-12.428	-9.382	-11.628	-9.259	-4.067	2	Faces
1.720	5.768	9.285	-1.947	-6.987	1.379	-26.847	7.464	5.466	19.284	4.549	4.441	-5.855	-6.301	5.941	7.199	2.829	5.024	4.995	2.488	-5.083	1.797	1.738	0.225	-3.673	-2.632	6.036	-0.736	2	ScrambledCars
12.117	8.628	4.502	-0.664	-4.568	3.771	-21.104	-12.101	-0.570	10.220	1.605	-4.306	-2.790	-2.554	7.076	1.095	4.364	3.619	1.972	-1.264	-0.182	-5.927	-8.244	-2.682	-9.361	-11.936	-4.769	-5.002	2	Cars
-4.532	-4.497	-8.925	-7.344	-4.045	11.164	2.454	6.672	4.793	12.651	7.105	2.081	5.940	3.684	-4.992	-7.135	-5.321	-2.769	-2.981	-2.487	0.980	3.869	2.113	2.247	2.308	-3.505	5.830	-0.152	2	Cars
-10.369	-5.814	1.926	1.585	14.080	4.240	21.209	7.312	11.631	35.061	11.750	3.221	8.923	6.924	-14.827	-10.161	-11.924	-12.486	-7.609	-6.826	0.343	-0.881	-3.027	6.960	-0.424	0.134	4.099	4.237	2	ScrambledFaces
-5.852	-5.734	3.619	-8.400	-7.182	2.927	8.772	14.734	13.773	13.173	16.130	14.026	4.840	-8.390	-6.209	-16.736	-11.365	-3.727	-14.330	-19.742	-16.793	-7.597	-5.048	4.398	4.403	5.313	12.623	13.400	2	ScrambledCars
-2.054	-2.008	10.970	1.664	-0.726	-4.813	-1.263	8.245	5.484	-9.872	4.799	1.657	-5.845	-10.740	-2.901	0.559	1.043	0.833	-2.785	-5.209	-10.952	-2.982	-1.294	-1.213	3.741	6.481	9.930	13.697	2	ScrambledFaces
-2.714	2.076	-4.934	1.156	11.813	-6.800	19.384	-11.449	-2.650	-2.243	8.995	1.095	6.552	7.030	-1.182	1.634	0.584	-0.423	0.929	-0.060	2.638	0.716	-0.345	5.619	-3.526	-2.834	2.496	5.038	2	Faces
-4.504	-6.080	-8.821	-6.931	-2.248	-2.578	-10.963	3.438	-0.976	-0.080	1.859	-3.037	-8.025	0.010	-1.562	-2.584	3.070	4.452	5.123	0.863	2.206	8.643	12.146	0.745	4.627	-0.842	6.841	-1.064	2	Faces
-9.024	-1.702	-9.655	3.128	-5.092	-9.049	-13.332	4.952	-7.192	-13.478	0.731	-1.028	3.834	7.955	4.261	11.193	9.235	6.632	11.401	9.334	8.918	12.831	3.375	6.945	-5.157	-4.211	11.202	3.335	2	Faces
-2.714	-2.691	0.750	-1.052	-1.607	-6.335	-5.452	-11.378	4.994	11.522	3.282	4.157	2.579	6.670	0.363	2.658	1.110	3.110	-0.727	5.164	7.320	-2.869	0.126	-4.438	-3.808	-6.669	10.210	1.984	2	Faces
-6.656	-6.212	-9.244	1.750	15.407	15.750	9.003	3.838	5.472	16.938	12.575	4.436	14.130	3.834	-5.505	-0.936	-1.565	-1.583	1.850	2.150	3.245	0.994	-1.943	4.840	-10.700	-15.530	2.832	-4.091	2	Cars
6.139	7.700	9.745	10.637	8.332	7.642	6.081	0.876	3.567	2.710	4.129	8.581	-2.448	-4.839	-1.705	0.603	-0.851	-4.276	-1.477	1.674	2.022	-2.598	-7.786	-12.359	-13.022	-13.360	-0.115	-6.913	2	Cars
1.807	10.159	1.825	6.813	4.812	9.729	-1.258	12.200	4.946	7.025	4.251	-3.482	5.381	4.154	-0.806	3.974	-3.915	-8.105	-3.959	8.235	7.246	-5.023	-10.694	-3.530	-10.974	-9.230	-6.402	-4.131	2	ScrambledCars
1.391	-0.268	-3.497	2.334	9.219	-0.873	-9.819	0.023	1.638	1.888	0.636	2.034	10.721	7.741	-3.101	-0.302	-1.367	-2.031	2.057	2.186	5.374	2.550	-1.934	3.058	-8.050	-11.077	-2.149	-2.421	2	Cars
-9.207	-5.764	-2.248	2.885	7.891	6.006	-8.835	0.655	1.195	11.848	4.768	11.611	24.742	4.627	-10.277	-21.073	-5.814	-6.480	-2.294	-10.351	-6.017	-0.785	9.053	15.490	8.346	2.618	14.685	5.705	2	Faces
-6.438	-1.163	-4.939	-2.478	1.071	-8.596	31.653	-3.365	-7.674	-4.643	-5.723	-2.240	16.342	11.168	-10.759	3.100	-2.462	-6.049	6.723	8.913	11.411	13.467	4.689	11.281	-2.861	-6.381	13.391	0.144	2	Cars
-17.721	-11.416	-14.601	-6.982	7.778	-4.428	4.737	13.099	12.905	25.730	18.573	14.462	22.557	17.697	-12.867	-7.656	-15.018	-17.821	-9.944	-6.746	3.597	-4.083	-7.926	14.935	2.050	10.933	22.387	23.992	2	ScrambledCars
7.506	5.599	-5.171	-1.833	-7.201	-15.553	-1.709	-12.371	0.034	-18.754	11.881	12.179	4.053	3.793	3.227	5.195	4.540	-0.555	4.520	-0.327	-2.459	2.924	1.585	12.286	0.717	0.501	8.870	1.941	2	Faces
3.722	0.365	-4.215	-0.215	-10.834	-11.471	-12.101	-13.598	-2.077	-19.975	3.529	6.837	9.146	4.748	3.843	1.448	3.398	3.410	5.244	4.650	4.074	7.294	1.598	9.356	0.603	-2.802	5.393	3.416	2	Faces
5.108	3.920	-9.022	5.397	-8.024	-13.054	26.879	-7.745	1.195	-7.537	6.615	0.801	-3.197	-1.723	2.645	5.650	2.658	2.971	1.610	2.473	-0.585	-2.149	2.785	-0.070	-3.711	-4.688	0.837	2.462	2	Faces
2.629	2.938	-1.005	11.703	8.259	1.628	-20.673	-6.759	-9.365	1.524	-2.972	-8.484	6.755	16.304	0.370	8.573	4.761	2.725	11.737	16.305	16.205	11.247	2.908	4.501	-12.402	-15.274	-3.127	-9.595	2	Cars
14.370	12.771	12.660	7.053	0.876	0.651	-1.099	-3.682	5.960	-20.898	6.967	9.557	-2.057	-4.180	3.742	3.372	-8.106	-8.123	-4.450	2.220	4.080	-5.377	-8.007	-9.613	-8.717	-6.880	-1.646	-5.687	2	ScrambledFaces
-1.917	-7.499	1.257	-8.476	-4.834	0.746	9.715	-2.938	3.394	-20.478	3.953	10.242	-3.962	-3.722	-0.348	-8.825	-4.325	-0.982	-3.477	-13.052	-6.113	2.339	6.023	4.424	5.211	3.876	7.043	8.924	2	ScrambledCars
-3.021	-3.204	4.374	0.039	6.663	-3.098	7.438	6.044	4.253	5.780	6.615	2.700	-2.350	4.757	-2.182	-7.007	-6.287	-2.322	-2.360	-7.446	-0.269	-1.184	-1.519	-0.765	-4.434	-1.015	1.135	7.205	2	ScrambledCars
3.874	6.333	3.624	-0.741	-2.382	-6.205	1.728	4.523	3.907	-3.143	11.298	1.342	-5.555	-1.856	5.151	11.328	8.210	1.605	4.696	3.974	2.055	-0.629	-6.456	-1.183	-7.864	-10.571	-1.241	-2.196	2	Faces
-3.506	-5.748	4.219	1.541	5.883	4.258	21.517	-3.473	-2.019	-6.917	4.038	5.851	1.733	-5.621	-4.964	-10.593	-1.742	-0.306	-2.686	-5.809	-3.719	-1.765	0.205	3.624	-1.284	-6.208	4.516	2.943	2	Cars
-0.325	-7.300	-13.461	-14.394	-14.887	-3.899	26.600	-12.130	0.756	8.305	-1.935	6.007	-8.621	-13.721	7.329	-9.250	3.678	15.843	0.302	-17.404	-19.858	-1.899	10.560	-3.109	7.987	6.549	5.556	3.458	2	ScrambledCars
7.701	8.471	3.781	-0.988	-3.761	2.360	-9.605	-11.718	-9.236	-11.098	-3.023	-5.988	8.462	3.504	5.240	6.462	3.969	5.780	4.788	4.806	4.891	2.873	3.679	5.052	-6.751	-14.688	-7.350	-10.329	2	Cars
-9.770	-12.400	-8.341	-3.448	-0.783	2.788	4.609	9.131	6.296	12.969	7.484	5.286	2.296	2.593	-7.652	-7.121	-8.334	-7.150	-2.522	-2.917	-0.973	6.429	1.109	11.407	3.969	4.166	2.579	12.227	2	ScrambledCars
17.094	21.363	18.193	16.767	6.861	9.596	-4.214	-8.226	-12.671	-8.265	-14.900	-13.951	3.815	7.516	10.512	19.434	13.418	11.189	7.062	13.516	9.659	-3.875	-5.567	-8.654	-19.210	-24.579	-29.776	-18.216	2	Cars
-1.026	-2.657	0.736	-2.004	0.107	-0.790	-2.480	22.484	11.064	-3.583	5.882	-1.001	0.715	-6.272	-1.265	-2.938	-2.041	-0.014	0.194	-7.068	-5.601	-2.283	2.632	-1.171	-4.361	-6.368	-0.297	1.740	2	ScrambledCars
5.926	8.834	2.492	3.810	1.522	-0.804	1.467	-12.412	-8.185	1.637	-4.277	-2.479	2.887	1.115	2.374	10.021	6.255	4.626	4.855	4.303	3.308	3.102	3.660	-3.255	-5.186	-16.716	-4.227	-10.191	2	Faces
-7.713	-4.871	-20.606	-2.416	-3.635	-6.210	-13.936	14.031	12.670	18.237	11.324	15.031	10.072	-1.135	-7.232	-5.293	-6.147	-11.892	-7.215	0.683	-0.155	-5.426	-12.894	7.520	6.208	13.433	17.484	12.527	2	ScrambledFaces
-6.692	-8.511	-14.471	-12.610	-6.591	-9.752	-0.837	-0.125	7.883	18.353	13.165	9.504	7.436	6.349	-0.127	-7.718	-5.983	1.770	-3.352	-7.850	-2.136	4.071	0.882	4.618	0.254	1.345	4.724	9.250	2	Faces
-1.993	-11.634	-10.902	-11.823	-14.839	-1.844	-4.641	12.296	8.979	2.645	17.421	12.112	6.781	0.684	-5.950	-12.334	-9.962	-10.394	-6.097	-11.825	-8.389	-1.823	-5.565	12.567	8.401	15.628	15.365	18.506	2	ScrambledFaces
-14.554	-18.276	-6.905	-10.543	-9.425	-3.079	15.568	11.650	16.778	20.659	15.486	13.984	-1.353	-13.856	-10.133	-20.631	-10.411	-5.191	-11.257	-23.014	-21.214	-6.439	2.973	4.011	6.401	10.076	33.419	14.065	2	ScrambledCars
-2.072	1.245	-4.173	2.383	3.131	0.453	-4.644	3.165	12.235	16.070	6.269	-4.680	3.510	6.832	2.510	8.744	6.044	-0.297	6.158	12.746	7.186	3.932	2.776	-4.771	-9.687	-16.842	-11.605	-6.460	2	Cars
2.073	1.705	-1.379	2.738	1.665	-5.449	-0.228	7.594	3.202	-12.869	0.037	-0.005	-11.029	-4.354	7.671	1.354	3.939	7.274	4.362	-3.186	-4.309	-0.028	-0.597	-4.077	-2.883	-11.840	-5.074	-2.947	2	Cars
6.875	1.272	-8.363	-7.739	-8.362	-10.299	-15.184	2.635	3.273	2.277	4.387	7.288	-4.027	-4.386	4.973	-0.687	3.223	7.755	-0.423	-4.730	-8.248	-4.901	-4.334	-5.571	-2.610	0.390	2.658	7.311	2	ScrambledCars
-1.521	3.189	-0.451	14.030	22.342	18.101	-0.265	-7.429	-4.866	17.895	15.742	3.927	4.450	1.699	-8.914	2.460	-3.224	-15.909	1.695	11.739	9.818	2.860	-3.631	0.879	-1.928	-1.577	3.536	0.378	2	ScrambledCars
-4.070	2.586	7.375	4.101	11.419	14.081	19.793	14.967	9.646	24.444	9.315	4.404	4.288	-5.633	-5.097	-2.596	-5.061	-2.831	-3.573	-2.224	-6.634	-6.901	-9.286	-7.485	-9.914	-9.601	5.679	-1.593	2	ScrambledCars
-3.957	-5.301	-10.216	-0.235	0.332	-1.540	-2.163	9.816	6.663	7.834	7.936	6.387	-0.434	7.383	-7.051	-3.703	-6.758	-5.193	-3.515	-0.906	2.349	4.261	0.201	7.998	3.035	3.476	6.376	4.952	2	ScrambledCars
6.377	8.748	4.252	7.814	14.251	5.812	-11.538	-5.131	-4.636	6.172	-0.117	-10.106	3.367	4.378	1.439	15.163	9.454	3.551	11.924	18.843	9.406	1.100	-2.210	-2.458	-14.924	-20.092	-6.118	-1.641	2	Faces
-3.414	0.785	0.529	-4.663	-4.537	-7.994	-1.155	5.087	11.985	9.077	12.439	6.206	3.319	-5.905	3.896	-4.176	-1.700	0.774	-4.246	-7.597	-11.017	-5.237	-5.047	-1.160	-3.166	-0.227	7.026	5.539	2	ScrambledFaces
3.821	5.371	-9.295	3.211	2.893	-2.355	-4.712	3.910	5.485	8.304	8.835	-0.098	-11.334	-2.615	5.069	3.892	4.524	6.039	1.646	0.710	-2.522	-3.270	-3.710	-3.149	-6.572	-7.268	-2.660	-3.299	2	ScrambledCars
0.946	-1.374	19.432	0.923	-1.074	-0.796	-7.439	-0.781	4.359	2.091	10.193	11.197	6.446	-4.244	6.203	-4.176	-5.186	-2.208	-6.893	-5.725	-6.419	-9.811	-8.736	-7.132	-8.973	-8.420	-4.690	5.671	2	Faces
2.547	5.435	2.265	8.512	6.924	9.066	1.623	-3.215	2.100	-1.307	-2.757	-2.083	-0.149	-0.084	1.140	0.594	-0.111	2.614	-0.182	1.107	0.226	-0.645	-0.364	-5.106	-9.543	-15.403	0.927	-5.429	2	Cars
-4.534	-1.945	-5.234	1.104	8.726	6.671	-8.756	3.703	2.349	14.909	9.692	5.784	9.228	5.846	-8.671	-12.286	-14.072	-8.527	-10.923	-4.640	-0.531	-1.809	1.744	4.807	-2.081	-4.557	4.505	3.030	2	Faces
-9.209	-4.870	-21.133	1.454	2.644	-11.465	-1.259	-9.631	-1.848	9.918	2.372	2.989	17.216	17.087	-3.628	4.211	-1.961	-0.127	5.218	10.020	14.668	13.684	5.180	11.469	-3.996	-7.307	7.409	1.429	2	Cars
9.085	17.237	-0.589	13.548	5.170	-1.383	13.988	-15.013	-5.165	5.695	-1.652	-15.883	-0.225	4.834	7.117	20.621	10.763	9.815	12.221	20.017	14.132	3.779	1.421	-5.607	-20.092	-28.458	-10.286	-18.722	2	Cars
-13.165	-2.474	-8.214	0.629	10.020	-3.591	44.810	2.197	7.260	11.267	8.464	9.784	10.534	11.767	-7.459	-3.967	-8.472	-11.007	-7.214	1.001	9.287	-3.187	-9.610	7.774	-6.846	-5.304	9.922	5.449	2	ScrambledCars
2.325	5.661	-6.028	5.527	7.628	-6.895	-4.882	-0.341	4.656	6.383	10.436	5.704	-6.706	-7.247	1.404	4.634	1.568	-2.245	0.957	0.859	-1.399	-5.135	-2.031	-2.872	-0.904	-1.345	4.918	2.614	2	ScrambledCars
-10.255	-8.546	-27.030	-17.756	-8.992	-17.463	41.844	5.572	9.846	37.441	15.794	23.544	12.781	5.614	-11.406	-3.340	-8.136	-12.527	-6.604	1.966	3.963	-3.722	-7.794	9.474	5.244	10.157	18.464	11.335	2	ScrambledFaces
-2.618	4.379	-3.336	6.896	5.535	0.661	-13.921	-14.344	-7.656	-9.801	-9.210	-7.361	5.968	9.952	6.683	11.002	15.828	9.737	17.047	16.637	16.353	11.973	8.839	2.135	-9.042	-17.874	-0.453	-8.814	2	Faces
-3.648	-1.749	-1.795	0.460	1.396	4.142	-9.465	-9.648	-2.677	12.926	-2.086	3.940	3.048	8.265	-0.051	7.733	5.903	0.619	9.545	9.956	7.490	9.796	0.818	3.125	-3.257	-8.488	8.753	-5.743	2	Cars
7.320	5.290	2.618	0.583	-1.868	2.962	28.260	-5.440	-2.843	-9.235	3.996	-3.758	4.453	0.296	1.962	6.981	2.742	1.669	0.677	1.829	1.942	-0.576	-0.335	-3.968	-8.445	-16.211	-12.309	-12.042	2	Faces
0.646	3.710	-2.409	4.023	-1.170	-2.542	-22.476	13.984	7.518	-20.892	3.947	4.526	-5.675	-6.155	4.349	3.362	-2.947	-3.853	-6.276	4.086	-1.258	-9.555	-6.132	-2.889	6.833	5.687	0.349	13.066	2	ScrambledCars
4.322	-0.145	2.808	-4.870	-6.118	-3.654	-29.948	-3.437	-3.623	-17.734	-1.525	-0.293	0.013	-0.423	0.037	-0.822	-1.203	1.965	2.436	-2.225	-0.038	7.006	8.797	7.280	6.297	0.402	6.777	1.078	2	Cars
-9.315	2.056	-12.757	4.587	3.825	-7.694	-7.738	3.442	5.976	6.547	7.195	2.542	16.184	9.904	-0.003	7.755	2.463	-2.800	-0.071	12.419	14.385	0.259	-6.474	3.927	-11.665	-10.652	4.441	-0.750	2	Cars
4.201	1.258	12.756	8.700	12.831	13.968	29.152	7.690	13.975	16.520	10.383	0.538	-1.291	0.087	-12.378	-8.365	-13.688	-15.523	-10.116	-4.840	-0.126	-6.964	-9.176	-9.601	-12.397	-13.913	-2.868	-3.604	2	ScrambledFaces
4.412	7.689	3.895	4.183	1.846	-3.845	-1.770	-11.621	-6.569	-29.133	0.089	-1.349	-6.614	-2.237	1.571	8.257	2.579	-0.516	2.823	9.582	6.916	3.919	2.897	0.140	3.226	0.609	6.162	5.386	2	ScrambledFaces
2.524	11.293	1.299	8.139	5.703	0.644	-31.666	-14.769	-10.230	11.087	1.868	-2.535	2.793	9.000	9.848	14.856	8.843	4.058	8.795	14.699	12.823	1.964	0.470	2.461	-7.922	-14.350	-6.819	-7.103	2	Faces
7.271	-3.328	0.671	4.138	7.972	13.886	-0.693	3.037	10.852	-10.546	10.028	6.381	-5.207	0.446	-0.995	-10.089	-5.751	-5.601	-4.853	-10.586	-5.799	-2.057	-2.370	-5.926	-4.258	-0.460	-5.429	7.264	2	ScrambledCars
1.260	-7.367	-5.312	-7.487	-7.294	-0.613	19.538	2.782	4.454	1.847	4.696	2.871	-4.643	-6.837	-1.742	-0.113	-4.506	-1.281	-2.899	-3.039	-6.071	-1.265	-1.213	-0.169	1.682	-0.862	-2.415	0.073	2	ScrambledCars
-3.772	-6.002	-5.726	-9.452	-7.697	-8.423	-20.250	2.251	6.439	14.103	13.423	10.909	13.797	7.930	-2.697	1.821	-1.704	-2.861	-0.151	5.184	8.617	-0.196	-3.861	7.115	-4.275	-4.597	12.746	1.515	2	Cars
2.981	14.592	-4.680	16.319	16.182	6.376	6.483	11.046	5.617	7.977	-0.389	2.546	7.519	7.289	-0.404	7.359	1.857	-7.436	-2.726	14.284	9.791	-13.857	-15.679	-8.110	-12.354	-8.933	-3.317	0.424	2	ScrambledCars
-4.982	-8.460	-5.608	-8.859	-1.372	11.817	18.196	15.364	13.632	2.252	11.320	2.995	5.694	-2.305	-3.511	-6.752	-3.527	-2.976	-0.077	-9.478	-3.297	0.717	-0.858	5.075	-0.157	-4.117	2.637	-4.732	2	ScrambledFaces
-10.288	-1.051	-1.163	-0.143	3.115	-11.327	22.659	3.559	8.931	25.332	8.982	1.698	6.714	-1.018	-5.873	2.376	-2.756	-4.449	1.893	3.524	0.202	-0.291	-3.388	6.741	-3.832	0.518	14.075	7.776	2	ScrambledFaces
-6.416	-4.882	-2.471	-0.415	0.994	0.700	-26.650	12.989	16.873	6.000	12.263	3.378	-0.785	-0.410	-0.369	-1.645	-1.172	-2.627	-4.424	-4.491	-2.745	-2.687	-2.176	-2.823	-0.856	2.860	8.207	7.791	2	ScrambledFaces
-1.384	2.554	-14.147	-0.807	-10.518	-10.745	-26.881	-18.566	-6.862	2.506	2.811	10.608	6.491	-9.064	9.024	4.246	6.057	10.327	2.050	-3.883	-11.834	-1.931	-2.340	0.584	-6.455	-4.928	26.988	7.234	2	Cars
-9.552	-0.771	-7.188	-0.568	-1.211	-7.612	-7.717	-10.183	-3.697	10.628	8.601	12.198	27.074	20.029	-7.619	-1.516	-6.154	-14.654	1.049	3.495	12.805	9.985	1.167	21.828	4.270	3.537	15.699	9.868	2	Cars
4.011	5.445	-9.678	5.372	1.205	2.424	4.800	-10.580	-2.048	-1.684	7.847	-2.363	1.461	-2.257	3.326	6.720	2.864	1.456	2.578	7.054	0.185	0.769	-0.225	-0.554	-7.449	-6.952	4.166	-2.365	2	Faces
-1.360	0.432	5.680	-5.516	-11.282	-5.587	9.783	-6.303	1.423	0.231	-0.292	-0.879	2.814	1.944	-1.092	2.511	0.095	2.147	1.016	4.337	1.154	2.213	1.343	6.163	-1.931	-4.611	12.239	-0.122	2	Cars
-2.764	5.284	-14.119	1.509	5.507	-6.199	8.738	-12.024	-12.264	-5.721	-0.697	-2.246	10.646	17.998	-3.414	11.679	5.777	-4.828	11.361	15.095	17.712	13.774	4.269	13.096	-3.865	-5.090	4.706	3.244	2	Faces
-8.440	-0.106	-2.391	7.394	-1.193	-7.570	-9.468	-4.012	-0.810	28.714	6.534	0.138	5.032	4.703	-7.480	-1.944	-0.597	-7.566	-2.390	5.275	8.897	1.490	-2.556	4.801	2.429	-1.233	7.794	12.616	2	ScrambledCars
-6.240	-4.180	-13.411	-3.425	6.564	-2.245	42.395	-1.850	2.541	8.334	5.285	5.023	18.392	8.654	-9.298	-1.104	-3.678	-7.112	1.062	3.748	5.793	3.469	-5.776	10.051	-11.101	-6.898	4.051	3.559	2	Faces
-2.432	-10.656	3.176	-3.114	1.357	-2.222	-10.041	6.654	8.793	8.689	11.813	9.508	0.397	-6.889	0.263	-7.721	-2.949	2.985	-1.768	-7.027	-4.929	-2.275	-0.707	-1.351	-4.726	-5.176	-0.234	7.303	2	ScrambledCars
4.392	8.580	11.425	5.383	11.738	13.426	19.557	14.804	11.123	-0.208	9.107	6.032	3.944	-0.583	-1.817	3.558	-1.293	-6.971	-4.945	-1.411	-6.598	-2.208	-11.481	-9.317	-23.957	-12.560	-7.777	-10.882	2	ScrambledFaces
-6.862	-3.917	-15.894	-3.653	-2.503	-7.300	23.471	-13.680	3.051	6.086	13.285	6.348	7.187	1.620	2.887	11.765	7.021	1.516	6.034	9.427	-0.745	4.848	-0.966	7.668	-1.967	-2.282	5.537	4.836	2	ScrambledCars
-0.847	-11.914	-3.936	-8.898	-4.123	10.080	21.030	24.123	21.575	13.033	14.750	10.684	-8.583	-10.141	-3.220	-7.235	-5.594	-5.212	-5.752	-8.606	-7.956	-5.890	-7.417	-7.116	-8.356	-7.705	-6.724	4.773	2	ScrambledCars
6.093	6.685	-8.500	8.150	-1.373	2.197	-10.758	-19.051	-10.146	-4.615	-5.312	-5.533	-5.166	-2.522	7.155	15.600	9.430	7.955	10.480	19.016	9.029	8.515	5.112	-1.790	-4.985	-12.895	-4.482	-9.541	2	Cars
-2.042	1.067	6.481	-0.156	1.129	0.841	10.232	-5.415	-1.232	6.932	6.379	5.096	12.654	10.061	-6.914	2.197	-5.382	-9.912	-8.878	2.964	3.994	-9.562	-3.926	6.609	-3.815	-7.381	11.122	0.733	2	Cars
5.400	4.757	4.771	4.594	-5.662	-5.539	-4.539	-3.688	-0.165	2.290	-0.044	2.389	-1.730	-2.897	4.671	-2.620	1.478	3.774	1.078	-2.552	-0.703	-0.678	0.085	2.302	-5.945	-10.223	-5.810	0.255	2	Cars
1.554	4.772	13.086	4.113	-4.004	0.773	-2.265	0.056	-1.102	10.577	1.131	-4.182	-6.219	-3.512	-0.342	2.453	-0.690	0.527	-1.344	3.399	-2.382	-1.175	-3.565	-5.051	-3.949	-5.134	3.911	0.414	2	ScrambledCars
-0.512	-4.188	-0.622	-4.996	-5.609	-4.785	-7.579	13.643	11.372	-2.290	9.324	4.053	-6.890	-2.025	5.403	3.713	9.877	3.128	8.181	5.007	3.074	4.321	2.260	-2.985	-5.699	-7.354	-10.720	-5.187	2	ScrambledCars
-13.383	-8.214	-19.133	-10.909	-6.699	-17.238	2.487	-7.367	-2.130	9.865	4.264	5.307	24.329	14.215	-6.970	-0.817	-0.878	-0.361	7.184	8.553	10.641	13.395	5.841	17.398	1.945	-1.677	22.137	7.159	2	Faces
-11.082	-3.648	-13.560	-1.502	2.437	-12.067	29.686	9.806	2.109	7.271	7.865	11.019	11.654	6.544	-4.022	1.928	-5.911	-7.607	-5.031	5.926	8.226	-1.651	-5.866	-0.715	-5.040	2.175	5.542	8.032	2	ScrambledCars
1.462	1.118	13.384	-1.528	0.036	4.990	7.246	-12.795	-7.212	-21.455	-3.189	-0.956	-9.733	-2.211	7.781	-2.998	5.265	10.463	3.178	-2.603	-3.651	1.579	5.608	-1.629	-0.735	-3.559	0.677	-1.820	2	Faces
-6.864	-7.957	-3.320	-6.026	-2.120	1.612	-9.333	8.369	5.883	7.232	12.928	9.947	8.921	-0.917	-2.447	-8.366	-2.318	0.947	-0.965	-9.406	-1.821	2.226	2.513	6.337	-5.242	-6.274	12.021	5.145	2	Faces
-3.267	-4.832	-0.504	-0.605	1.504	3.502	18.586	14.767	9.881	13.890	4.024	8.645	-0.554	-2.402	-9.948	-11.365	-11.503	-13.027	-9.617	-9.160	-8.900	-5.256	-3.143	1.243	5.032	5.275	3.634	10.348	2	ScrambledCars
0.311	-0.216	13.676	-0.249	3.736	2.236	16.318	10.699	8.944	16.376	4.433	-0.637	-7.858	-3.602	-1.642	-4.302	-4.605	-3.358	-4.643	-1.173	-4.625	-5.603	-7.968	-6.083	-11.986	-9.811	-10.890	-7.082	2	ScrambledFaces
2.555	4.236	-8.353	4.922	3.806	-3.104	-15.631	-2.893	4.076	0.191	2.340	-1.218	-9.128	-5.574	8.852	14.492	12.230	9.223	10.997	15.227	8.861	3.954	1.238	-6.250	-9.730	-15.338	-9.882	-4.516	2	ScrambledCars
7.297	1.828	4.965	-0.112	1.279	2.112	-27.316	-9.491	-2.266	2.500	1.389	3.311	-2.737	-0.097	2.061	-2.313	-2.831	-1.865	-1.905	1.753	1.747	-1.728	0.499	0.423	-2.881	-3.194	-4.887	2.533	2	Faces
0.435	-0.637	-5.367	2.212	-3.592	0.231	-5.373	-13.795	0.482	17.745	0.784	-0.887	0.451	-3.207	2.753	2.193	4.258	5.509	6.707	2.063	-0.433	5.679	4.941	-0.075	-7.478	-8.231	1.198	0.739	2	Faces
-1.207	-2.450	-11.518	-0.395	9.856	-2.911	-3.398	6.116	3.065	-1.246	5.352	4.520	8.182	7.129	-3.234	-0.174	-0.131	1.403	0.331	1.124	6.552	0.452	0.972	-3.193	-2.100	-2.924	-0.755	-1.408	2	Cars
-5.651	-9.148	-14.537	-11.779	-8.772	-12.965	-23.546	-12.249	-4.461	5.222	12.845	15.548	11.876	3.550	0.583	-1.845	1.131	1.606	3.299	-2.716	-3.135	9.842	5.990	12.362	4.454	4.998	16.720	12.182	2	Faces
3.243	-2.023	1.674	2.459	-2.638	-4.326	-5.563	8.806	6.630	14.001	14.858	1.825	-5.152	-8.166	-2.650	-2.991	-5.335	-2.669	-5.065	0.975	-4.491	-5.429	-3.931	-4.282	-2.416	2.729	-1.825	4.575	2	ScrambledCars
-4.661	-15.122	4.484	-11.955	-7.574	2.347	14.482	11.125	14.414	7.629	11.935	15.256	-6.204	-9.126	-5.699	-16.111	-11.252	-8.472	-10.296	-13.626	-10.216	-8.060	-7.153	-0.163	0.076	3.487	10.098	13.666	2	ScrambledFaces
5.230	3.112	6.502	3.664	9.794	5.362	21.497	-2.025	4.232	3.790	0.778	4.392	-7.118	-5.000	-8.353	-6.764	-10.455	-5.373	-4.791	0.256	-0.461	1.768	-2.426	-5.898	-3.652	-0.893	0.518	2.079	2	ScrambledFaces
-11.166	-3.155	-9.711	0.834	11.229	0.867	-1.828	4.012	-1.791	19.366	3.619	0.584	10.848	15.300	-3.965	9.714	1.511	-6.462	11.353	18.784	21.782	16.381	4.488	7.733	-9.463	-14.962	-6.493	-1.405	2	Faces
-1.385	-9.389	-18.153	-6.474	-9.332	-7.699	-2.825	4.794	15.915	17.381	17.857	13.175	-8.638	-15.086	5.220	-6.302	2.398	5.999	-0.498	-10.897	-20.167	-0.796	1.163	-3.012	2.944	6.341	4.120	3.395	2	ScrambledFaces
3.808	8.926	1.479	2.816	5.970	-1.409	-25.217	-11.996	-11.511	-4.872	-5.009	-9.347	3.728	18.432	10.659	19.892	18.001	12.872	19.755	20.516	20.669	14.347	4.834	-2.688	-15.856	-25.201	-10.623	-15.237	2	Cars
9.589	17.207	2.454	13.412	5.742	-1.261	2.649	-21.103	-14.858	-28.893	-6.093	-8.142	7.244	7.649	9.850	10.915	10.876	11.410	12.584	8.944	9.463	11.124	7.443	2.378	-14.144	-18.803	-8.011	-9.661	2	Faces
