FP1	F3	F7	FC3	C3	C5	P3	P7	PO7	PO3	O1	Oz	Pz	CPz	FP2	Fz	F4	F8	FC4	FCz	Cz	C4	C6	P4	P8	PO8	PO4	O2	ID	Condition
-16.165	-9.378	-7.802	-1.639	-1.667	1.369	1.667	14.060	14.533	13.243	19.122	20.810	-3.910	-4.791	-30.811	-10.864	-15.967	-14.678	-9.709	-5.954	-5.905	-12.571	-10.454	-0.884	11.600	19.113	16.771	19.545	3	Cars
-21.539	-18.372	-12.615	-11.027	-11.064	-5.444	-0.375	14.898	17.524	9.955	18.862	12.000	-11.326	-14.538	-31.169	-12.026	-5.017	-7.317	-3.698	-13.059	-15.598	-7.178	-8.739	-1.240	16.070	26.810	17.679	28.828	3	ScrambledFaces
-12.222	-7.646	-9.520	-6.238	-6.927	-8.631	8.841	6.489	10.465	12.142	13.900	9.247	6.294	3.296	-22.678	-10.406	-4.597	-7.486	3.594	-6.716	1.549	0.501	1.501	10.553	17.472	20.633	14.186	16.165	3	ScrambledCars
-5.309	-3.880	-9.802	-3.134	-3.455	-13.102	1.156	-9.498	4.424	9.611	11.485	1.243	9.599	5.230	-17.209	5.809	0.815	-12.171	3.730	6.673	5.588	-0.475	-8.059	9.949	14.854	18.203	13.440	17.427	3	Cars
-35.662	-30.237	-25.615	-22.569	-15.890	-14.921	2.001	16.773	27.322	24.716	29.274	46.030	3.730	-9.517	-64.422	-19.454	-11.714	-32.596	-14.676	-14.401	-12.842	-3.340	-13.026	23.216	35.216	45.659	39.123	44.225	3	ScrambledCars
-33.690	-24.305	-30.135	-15.698	-5.620	-6.221	11.806	23.345	29.565	24.497	32.518	44.496	7.480	1.811	-56.418	-20.092	-19.442	-28.633	-8.868	-10.614	-2.106	-7.244	-9.781	11.667	32.604	42.719	31.197	31.200	3	Faces
-25.523	-21.465	-24.944	-6.180	11.001	0.237	20.912	8.844	19.157	27.228	28.471	17.981	18.183	12.166	-50.584	-13.656	-16.616	-23.372	-6.231	-7.170	4.129	4.555	-1.912	21.633	22.735	18.228	29.035	24.901	3	ScrambledCars
-9.949	-4.978	-5.221	-0.367	-12.001	-7.570	-11.221	0.068	12.526	7.512	12.474	8.093	-11.896	-16.430	-15.718	-4.775	4.178	-2.256	-2.984	-0.395	-10.437	-9.518	-3.705	-2.811	13.744	22.890	11.907	18.026	3	Faces
-17.883	-15.226	-14.849	-11.354	-8.823	-11.383	2.789	6.689	16.865	15.896	28.643	10.169	2.769	-0.169	-26.355	-14.229	-6.717	-9.832	-3.049	-7.009	-5.408	-4.229	-6.303	2.610	20.483	30.002	20.264	27.028	3	Faces
-18.482	-19.069	-18.570	-18.290	-13.019	-16.770	-1.476	6.541	18.075	11.048	23.471	24.028	-5.054	-7.533	-23.237	-7.553	1.083	-2.818	5.433	-6.743	-5.218	-2.919	-3.065	1.338	15.939	22.344	16.128	21.928	3	Cars
-3.159	1.131	-6.082	-9.431	-13.443	-12.563	8.927	13.927	20.850	14.510	15.975	8.907	-1.779	-2.701	-14.342	0.826	3.826	-21.774	0.072	-3.782	-5.989	-3.388	-10.519	0.610	4.969	9.261	5.676	8.835	3	Faces
-17.455	-10.566	-10.113	0.234	1.765	1.442	7.467	12.538	19.276	16.301	25.068	26.333	-3.462	-7.046	-33.142	-18.577	-9.199	-18.355	-1.167	-11.377	-8.193	-6.920	-18.012	0.513	14.539	24.426	18.947	26.282	3	Faces
-27.251	-23.488	-22.023	-22.823	-17.153	-17.407	6.916	17.069	27.321	23.749	27.284	32.325	9.500	-0.624	-41.053	-23.157	-24.724	-17.226	-11.148	-18.883	-12.891	-5.084	-6.789	13.568	23.799	31.785	27.590	31.242	3	ScrambledCars
-16.741	-17.532	-6.559	-6.553	0.217	1.115	5.234	10.941	14.541	15.674	17.890	14.674	2.307	-4.394	-27.075	-8.720	-14.150	-9.309	-16.611	-6.288	-8.833	-19.367	-12.871	0.828	10.754	18.963	14.874	16.282	3	ScrambledCars
-31.369	-23.969	-22.437	-18.393	-14.868	-12.563	7.926	15.620	27.477	28.397	41.973	23.896	4.133	-13.731	-45.090	-31.478	-27.217	-15.211	-14.759	-36.691	-30.106	-20.169	-8.148	10.658	29.785	43.470	35.973	45.480	3	ScrambledCars
-28.712	-22.985	-21.413	-14.507	-9.388	-10.218	10.018	16.280	26.499	16.596	32.022	34.182	13.627	0.897	-44.978	-23.532	-27.963	-14.791	-11.923	-13.119	-7.203	-7.121	-7.296	11.641	22.780	29.567	30.220	29.374	3	ScrambledFaces
-7.990	-7.059	-2.697	-7.143	-8.095	-10.051	-5.489	6.956	4.781	-1.922	8.255	8.457	-14.933	-14.288	-8.341	-2.582	1.813	4.815	-1.054	-4.446	-10.982	-4.936	-9.151	-4.712	2.736	10.356	1.672	11.326	3	Cars
-18.206	-17.714	-9.937	-13.932	-10.169	-7.097	6.542	8.133	20.308	17.045	25.176	23.669	0.359	-7.114	-26.584	-13.077	-18.730	-8.013	-9.494	-10.830	-11.744	-13.056	-11.749	0.152	13.591	23.677	13.688	22.171	3	Faces
-14.345	-15.418	-11.054	-9.001	-10.483	-9.027	-0.305	9.512	19.239	14.602	19.352	35.137	2.055	-1.595	-21.596	-9.726	-15.524	-17.713	-11.829	-15.936	-5.777	-8.412	-5.670	6.163	11.746	17.108	13.968	18.850	3	Faces
-13.185	-6.874	-17.734	-11.213	-4.016	-8.849	7.601	8.657	11.241	15.524	10.187	14.215	12.938	11.045	-28.605	-6.606	-0.552	-16.944	15.093	-1.128	6.154	9.298	1.448	12.251	21.330	22.894	20.493	21.609	3	Cars
-9.534	-10.742	-5.703	-11.170	-6.585	-3.747	-1.386	11.194	16.124	11.438	-61.100	27.793	-0.081	-4.827	-14.472	-5.954	-8.376	-9.093	0.326	-1.743	1.193	-3.035	-5.879	2.593	13.005	21.678	15.258	26.011	3	ScrambledCars
-14.846	-9.396	-8.014	-8.243	-14.696	-6.196	-11.586	6.362	11.783	7.573	17.185	20.391	-22.224	-32.252	-19.620	-5.040	-1.543	-0.714	2.837	-15.487	-28.227	-15.682	-4.761	-7.462	12.959	25.045	12.008	20.835	3	ScrambledFaces
-2.960	5.687	10.786	4.907	-4.180	1.835	-8.846	9.597	11.415	-3.936	9.028	11.172	-22.905	-21.388	-5.499	-6.999	-6.035	3.044	-16.420	-18.052	-26.484	-24.570	-9.065	-16.441	-1.156	11.517	4.231	10.950	3	ScrambledCars
-4.463	-7.063	7.065	-17.625	-13.895	-2.421	-7.758	6.866	11.947	6.211	15.231	5.400	-15.863	-16.997	4.452	-13.977	-12.914	4.903	-12.767	-17.174	-13.053	-8.951	-4.007	-3.883	7.548	21.736	5.615	17.851	3	ScrambledFaces
-15.534	-10.531	-11.291	-7.971	-4.886	-5.721	7.297	13.037	16.465	13.596	21.419	29.168	1.058	-3.272	-27.296	-13.512	-10.313	-15.283	-6.466	-15.634	-6.569	-6.126	-10.536	2.507	13.090	20.585	14.833	18.594	3	Cars
-14.497	-7.992	-10.940	1.610	0.464	-0.124	15.056	14.934	21.566	20.297	21.478	23.764	1.422	-6.608	-31.943	-6.546	-6.086	-17.773	-2.989	-5.236	-7.025	-9.251	-16.019	-5.976	8.931	15.442	10.611	18.905	3	ScrambledFaces
-2.951	0.934	0.389	0.454	0.386	0.215	-1.439	3.564	13.886	4.454	15.993	24.459	-10.053	-11.574	-4.086	-0.614	-5.528	-3.130	-11.665	-4.499	-12.427	-23.213	-14.977	-9.161	2.808	13.959	0.799	9.590	3	Faces
-8.042	-8.136	-8.610	-3.412	-5.944	-5.805	0.321	-5.459	2.251	8.669	10.056	1.910	4.149	-2.723	-18.065	-3.723	4.523	-7.594	8.086	-3.684	-5.510	6.366	-2.693	9.610	10.823	10.615	18.503	14.833	3	Cars
-23.268	-22.387	-10.140	-9.972	-3.748	3.249	11.380	21.426	28.459	24.920	29.324	22.240	2.757	-7.731	-39.809	-20.472	-25.790	-20.313	-12.607	-19.332	-14.947	-7.204	-13.189	1.954	12.355	19.530	23.596	22.842	3	ScrambledCars
-12.494	-9.037	-14.128	-9.059	-10.586	-10.910	3.169	6.708	16.022	15.099	7.004	17.730	1.458	-3.964	-19.809	-5.219	-10.128	-12.464	-10.895	-10.234	-7.958	-5.708	-6.721	2.646	15.879	23.896	16.583	21.847	3	Faces
-18.240	-10.378	-6.141	-13.147	-21.487	-12.985	-3.658	9.643	17.336	7.522	21.797	18.463	-20.815	-32.259	-25.260	-9.653	-1.114	8.387	-3.244	-19.008	-27.734	-17.721	-0.338	-6.223	18.925	33.212	20.068	26.495	3	Faces
-15.930	-5.269	-13.596	3.242	8.239	5.196	14.512	15.827	21.033	16.503	19.733	18.319	3.664	1.611	-34.308	-6.025	-20.417	-18.396	-15.404	-4.515	-2.243	-14.034	-11.374	1.418	11.063	14.930	13.416	16.626	3	ScrambledCars
-14.391	-4.532	-10.843	3.196	7.363	0.331	14.074	0.511	10.937	11.932	16.070	11.371	1.057	0.038	-33.713	-8.626	-6.160	-12.653	5.495	-3.985	0.638	3.815	-0.024	9.834	21.276	23.612	16.466	15.306	3	Cars
-7.924	-5.956	-4.221	-11.834	-14.660	-12.166	-7.870	2.330	10.638	7.497	4.598	13.618	-6.779	-16.079	-11.206	-3.984	-9.445	0.514	-1.043	-8.116	-15.176	-3.472	-6.341	-9.434	7.033	16.545	15.436	22.816	3	ScrambledCars
-21.619	-17.669	-26.235	-10.161	-8.070	-18.340	-1.752	8.874	21.514	10.328	23.128	18.166	-2.407	-4.781	-28.420	-4.927	-4.281	-6.055	0.278	-5.311	-7.941	-5.181	1.277	3.891	19.163	23.068	17.122	20.587	3	ScrambledCars
-17.289	-14.022	-6.911	-9.326	-2.182	-6.025	9.583	8.871	13.148	16.600	21.772	20.367	9.937	8.227	-32.790	-19.008	-25.675	-15.570	-12.628	-10.008	-3.614	-0.160	-3.536	18.458	18.476	21.932	20.097	19.470	3	Cars
-17.626	-18.052	-17.039	-14.887	-8.428	-5.256	-3.805	9.295	13.430	6.846	16.261	24.957	-7.803	-9.512	-18.834	-6.932	4.202	-7.414	-1.233	-8.893	-8.836	-6.778	0.889	1.176	17.753	25.837	10.884	19.788	3	ScrambledFaces
-10.896	-5.778	1.089	-4.130	-14.087	-10.583	-4.300	13.711	23.065	8.951	17.371	14.796	-18.245	-22.717	-14.085	-13.385	-2.033	4.197	-9.692	-15.253	-15.988	-16.844	-10.124	-10.554	7.843	21.503	12.075	21.025	3	ScrambledFaces
9.694	19.740	-1.813	15.689	3.458	-4.356	2.276	-2.671	-2.751	3.664	6.369	-7.465	0.195	-0.674	-1.234	18.375	13.265	-9.011	3.970	12.243	1.934	-1.216	-9.203	0.547	-1.346	-3.208	1.067	-1.165	3	Cars
-4.699	0.329	-4.416	0.057	3.019	5.464	12.095	9.625	15.610	16.037	15.826	9.619	8.487	3.204	-16.897	-4.820	-6.113	-19.816	-15.336	-6.117	-0.465	-12.653	-18.309	-1.943	2.341	7.392	6.651	11.038	3	Cars
-22.681	-24.396	-22.534	-18.316	-5.716	-15.235	10.773	4.219	13.720	21.315	27.905	14.190	17.922	11.286	-33.329	-18.745	-12.545	-13.633	-6.415	-16.179	-1.856	-4.743	-5.197	15.077	22.364	26.337	26.296	24.297	3	Faces
-8.572	-5.722	-5.963	-7.916	-6.532	-6.420	2.135	2.190	12.895	10.800	12.773	10.775	-5.818	-5.646	-13.383	-9.074	-7.025	-4.226	-0.848	-8.910	-7.911	-1.396	-5.991	1.331	8.491	13.822	6.750	10.901	3	Faces
-18.976	-17.358	-12.047	-8.945	-2.484	-7.455	6.412	1.866	10.658	14.593	10.163	12.226	4.261	-3.580	-33.061	-15.095	-5.033	-11.039	-1.469	-11.350	-9.015	-2.256	-2.543	6.386	19.284	24.270	22.281	18.742	3	ScrambledCars
-19.161	-21.712	-7.946	-16.272	-10.373	0.129	11.691	13.350	28.687	20.472	17.573	23.147	0.614	-7.963	-23.744	-19.139	-18.936	-7.306	-14.445	-18.677	-12.108	-10.082	-5.582	4.038	19.171	30.986	22.243	39.108	3	Faces
-7.079	-6.720	-1.618	-3.085	-4.818	-2.060	1.480	14.151	13.748	10.645	7.900	8.109	0.739	-1.846	-9.192	-9.926	-7.427	-6.045	-9.834	-13.420	-7.774	-23.369	-11.623	-4.949	2.311	10.508	10.831	20.630	3	Cars
-16.821	-13.069	-9.232	-11.219	-17.501	-14.876	7.563	12.101	21.343	19.475	26.535	21.890	1.474	-9.442	-26.521	-14.523	-13.914	-0.761	-14.594	-12.682	-16.157	-25.803	-17.479	1.359	10.018	20.033	21.447	24.961	3	ScrambledCars
-9.384	-6.010	-11.246	-8.894	-9.925	-12.290	19.151	10.888	23.011	34.377	26.215	11.046	16.814	7.141	-25.110	-11.828	-9.468	-16.611	-6.359	-7.243	-5.213	-7.725	-11.306	11.748	9.197	9.072	19.144	17.655	3	Cars
-24.470	-26.109	-14.099	-20.377	-8.194	-11.474	9.610	11.654	24.416	24.180	36.403	29.337	2.691	-3.585	-37.484	-24.150	-16.146	-16.722	-10.736	-21.423	-14.697	-11.806	-11.005	5.791	19.028	28.382	27.674	30.514	3	ScrambledCars
-10.665	-4.120	-13.166	-11.380	-14.530	-13.104	-2.178	5.794	14.211	10.333	12.260	25.178	2.692	-0.389	-20.037	-5.730	-4.636	-14.107	-8.190	-4.204	-4.243	-6.255	-8.628	5.992	14.852	22.337	15.409	20.321	3	Faces
-15.948	-15.575	-23.001	-12.958	-8.805	-8.523	4.689	11.628	14.172	15.032	19.122	17.076	7.440	4.137	-17.708	-9.681	-6.626	-8.204	1.415	-8.326	-1.763	0.136	-3.255	4.790	15.010	19.051	17.692	20.679	3	Cars
-4.675	-0.856	-5.130	-5.196	-7.199	-6.679	0.158	1.846	7.324	10.632	18.197	6.200	1.653	-8.569	-11.779	-1.456	-6.536	-7.285	-8.953	-9.771	-11.554	-11.524	-8.607	4.679	5.036	8.601	11.466	13.497	3	ScrambledCars
-17.973	-19.883	-6.329	-20.812	-14.743	-11.014	-8.210	8.605	8.823	6.556	13.752	24.508	-0.736	-9.320	-19.477	-23.288	-10.985	1.451	-6.906	-20.328	-14.784	-5.948	-1.497	5.079	12.961	21.239	21.517	21.206	3	ScrambledCars
-17.405	-12.184	-12.803	-11.639	-8.129	-5.971	14.960	17.280	26.106	24.135	28.496	29.420	7.640	-0.059	-30.715	-17.725	-21.729	-14.138	-13.336	-17.842	-12.220	-4.495	-4.314	9.751	15.217	18.998	23.093	21.975	3	ScrambledFaces
-10.909	-6.475	-10.164	1.690	12.651	7.717	14.954	14.741	19.568	18.023	19.559	3.977	-0.540	8.772	-25.518	-8.293	-8.879	-24.981	-0.348	-3.972	2.650	-6.008	-12.024	-1.043	6.403	8.503	8.026	9.931	3	ScrambledFaces
-7.961	-1.606	-4.580	4.695	4.828	3.490	11.556	5.683	8.991	12.939	15.207	9.144	5.516	3.799	-20.747	-9.339	-14.067	-10.379	0.486	-9.092	1.118	-1.283	-0.743	4.929	9.089	9.181	13.702	15.220	3	Cars
-6.348	-4.941	-3.840	-5.121	-4.121	-0.795	8.608	10.687	16.974	16.463	28.238	16.799	0.334	-2.658	-11.608	-9.921	-14.877	-14.685	-13.820	-7.679	-6.851	-5.131	-13.532	-5.038	2.256	8.494	6.713	9.910	3	Cars
0.700	4.121	1.903	5.925	6.625	4.784	-2.868	1.597	3.343	0.166	-0.863	1.989	-6.044	2.525	-2.334	-0.843	-4.290	-9.280	-2.428	2.874	3.561	-4.931	-9.811	-11.559	-0.544	5.431	-0.387	2.507	3	Faces
-18.966	-18.291	-20.272	-14.236	-8.901	-10.521	1.269	5.915	12.515	9.357	3.763	2.948	2.055	-1.628	-18.273	-12.730	2.701	3.843	1.669	-9.284	-2.588	1.725	6.008	6.478	22.838	29.172	15.419	21.478	3	Faces
-12.511	-11.710	-13.463	-9.137	-4.745	-5.200	16.861	15.777	25.394	25.476	19.533	16.727	3.474	1.133	-19.126	-12.737	-7.617	-11.165	-1.024	-12.433	-6.326	1.105	-4.765	3.557	8.832	10.340	8.218	10.398	3	Faces
-10.678	-10.100	-8.132	-4.574	0.359	-1.582	6.768	13.694	17.271	14.522	15.167	18.815	10.820	0.879	-24.004	-5.493	-12.651	-24.140	-5.069	-5.011	-3.594	-0.552	-11.408	4.401	8.730	12.714	13.964	12.627	3	Cars
-14.130	-10.770	-5.533	-1.843	-1.175	2.395	0.200	8.854	10.191	7.032	22.700	8.201	-3.697	-5.378	-19.722	-16.163	-10.546	-6.924	-3.371	-12.601	-7.601	-7.332	-0.967	2.215	12.157	18.167	11.454	17.922	3	Faces
-13.124	-13.745	-8.899	-6.560	2.547	-1.623	10.521	2.088	9.575	13.652	13.137	16.699	1.939	0.929	-21.946	-10.271	-1.993	-3.610	-4.962	-8.094	-3.011	0.672	-1.435	4.607	9.658	9.989	11.992	14.966	3	ScrambledFaces
-15.444	-6.255	-6.741	1.857	-0.012	-4.785	12.445	10.804	16.215	20.767	25.790	21.630	-3.418	-3.624	-35.346	-7.242	-10.632	-5.310	-12.244	-5.280	-6.216	-12.335	-11.265	-1.076	12.434	18.352	17.942	18.178	3	Faces
-12.201	-10.619	-10.909	-3.850	0.738	-2.525	11.535	12.228	22.392	20.519	20.700	20.616	7.734	4.889	-24.377	-11.343	-14.810	-21.341	-14.216	-11.214	-4.357	-4.781	-18.062	3.449	8.108	13.599	15.670	20.893	3	ScrambledCars
-8.266	-7.248	-19.760	-9.613	-4.097	-12.307	7.697	-2.473	9.903	19.343	12.001	12.408	9.946	6.239	-11.476	-1.838	0.665	-0.635	2.345	3.439	6.644	0.836	0.273	4.307	10.492	8.764	11.896	13.428	3	ScrambledFaces
-6.659	-4.058	-2.582	-1.788	-4.572	-7.492	-2.573	0.038	8.876	6.092	8.412	16.880	2.733	1.921	-10.376	-13.234	-8.143	-6.009	-7.298	-10.182	-6.026	-4.148	-3.611	2.982	10.574	16.832	12.701	11.731	3	Faces
-18.053	-17.815	-14.714	-19.341	-12.030	-13.698	9.665	14.937	23.742	19.222	22.361	18.087	7.800	-1.042	-23.784	-18.803	-2.685	-3.968	-16.366	-15.241	-9.263	-5.849	-7.496	10.573	16.470	23.257	22.721	26.158	3	ScrambledCars
-2.819	-3.504	0.457	-2.487	-3.745	-0.373	-8.338	5.091	-0.696	-0.534	9.657	5.914	-13.659	-7.288	-1.013	1.697	-0.287	-1.197	-0.211	4.117	-2.604	-6.936	-5.027	-13.760	-0.531	6.333	-0.561	8.850	3	ScrambledCars
-16.296	-14.395	-9.904	-10.592	-2.427	-3.926	17.031	9.259	19.335	23.925	22.883	11.525	0.718	-8.936	-24.399	-16.728	-12.126	-5.574	-10.643	-24.814	-16.115	-16.943	-8.609	-4.213	9.627	16.620	11.313	18.296	3	ScrambledFaces
-5.981	6.921	-0.975	9.308	3.968	8.626	-3.975	11.571	11.796	-0.278	10.510	7.013	-23.752	-23.404	-12.977	-2.736	-2.255	-7.429	3.403	-5.264	-11.236	-7.371	-3.495	-12.962	6.212	15.020	0.089	14.684	3	Faces
-28.674	-26.517	-24.075	-11.270	-4.997	-9.058	14.942	10.758	20.727	23.862	23.191	13.325	17.580	5.042	-49.061	-18.300	-11.202	-19.119	-3.663	-6.347	-3.970	-10.700	-10.063	15.013	23.947	27.964	27.393	27.559	3	ScrambledCars
-15.449	-7.305	-7.329	-4.731	-6.443	-4.285	-1.556	13.260	15.695	6.924	14.923	6.786	-6.758	-20.414	-25.796	-7.879	-5.731	-2.115	-6.248	-12.084	-17.478	-3.989	-4.031	-1.933	14.690	23.976	16.779	19.274	3	ScrambledFaces
-35.777	-35.624	-13.113	-16.996	10.202	7.708	36.886	49.386	46.355	41.003	36.759	22.217	17.847	5.681	-61.581	-34.566	-33.814	-24.601	-23.462	-26.306	-12.530	-15.875	-19.096	6.352	13.390	19.437	26.249	23.381	3	ScrambledCars
-16.361	-18.010	-14.761	-8.477	-4.367	-13.942	6.384	4.463	10.077	11.801	22.984	11.317	11.959	12.592	-29.944	-8.639	-3.297	-12.025	6.617	-2.029	6.857	8.910	1.480	15.821	16.397	14.255	19.602	15.079	3	ScrambledCars
-9.872	-10.465	-17.663	-6.465	-0.702	-11.107	2.766	-3.095	9.729	11.095	11.117	10.233	12.137	12.068	-16.589	-3.547	-2.741	-9.251	7.807	2.421	12.927	9.068	-4.249	5.917	12.068	11.985	14.024	9.321	3	Faces
-30.295	-27.553	-11.256	-12.936	-6.962	-1.971	8.434	18.940	31.579	24.101	28.173	14.252	1.120	-17.170	-41.910	-31.133	-27.647	-7.014	-21.858	-32.824	-31.435	-22.746	-4.247	5.527	22.153	33.651	29.216	30.977	3	ScrambledCars
-5.704	-0.734	2.350	0.495	2.093	10.472	6.768	14.728	20.335	16.097	7.572	11.014	-8.652	-12.874	-13.987	-5.377	-7.293	-8.339	-22.502	-11.068	-13.817	-13.638	-9.426	-2.944	3.759	10.303	8.769	11.494	3	Cars
-17.578	-17.826	-0.914	-10.578	-11.726	-3.992	-2.202	14.104	22.807	15.956	18.203	8.723	-2.487	-9.535	-30.809	-14.402	-17.838	-14.018	-8.026	-8.944	-13.194	-13.035	-9.323	3.144	14.867	25.592	22.199	23.807	3	ScrambledCars
-12.577	-8.581	-12.550	-1.115	-0.626	-5.137	-0.657	-1.842	5.615	6.176	11.801	18.249	-2.846	-3.690	-20.037	-6.382	5.025	-1.888	0.233	-3.995	-0.519	-3.906	1.066	4.071	14.332	16.735	13.872	15.857	3	Cars
-8.736	-1.157	-5.212	1.038	-7.028	-2.064	-4.849	14.373	18.876	8.932	12.996	12.848	-15.537	-20.892	-10.822	-6.912	-11.617	-5.523	-14.943	-14.479	-16.551	-13.701	-9.509	-4.741	6.935	17.117	6.889	13.078	3	ScrambledFaces
-11.798	-9.713	-7.338	-8.970	-9.681	-10.909	-3.758	1.537	10.032	4.934	19.736	23.266	-12.950	-13.163	-17.364	-4.542	-3.471	-4.586	-0.477	-10.718	-12.244	0.473	-0.120	-3.883	13.062	20.823	12.248	21.317	3	Faces
-12.077	-8.545	-4.460	-7.550	-7.503	-1.795	9.737	12.648	21.230	23.949	23.826	18.238	3.422	-8.583	-22.408	-13.152	-14.989	-11.709	-12.764	-15.274	-12.379	-10.337	-12.029	3.734	16.106	27.291	19.817	24.137	3	ScrambledCars
-14.817	-7.581	-15.229	-10.550	-6.886	-2.682	7.297	13.765	22.369	20.164	28.169	13.088	4.957	-4.728	-19.310	-16.940	-16.354	-7.043	-15.743	-15.226	-9.639	-7.558	-4.490	1.143	13.401	20.182	14.900	24.632	3	ScrambledFaces
-3.290	-2.745	-5.463	0.835	5.067	2.244	-3.767	-15.881	-8.158	-1.538	0.752	0.285	8.941	6.778	-10.991	-3.729	1.628	-8.290	7.072	-3.541	0.745	5.557	1.373	13.129	10.274	8.037	17.229	9.852	3	Cars
-0.652	1.268	7.565	6.303	2.692	2.269	-6.096	10.508	12.498	2.119	11.020	-6.047	-13.769	-16.661	-3.150	-2.488	-10.326	-8.603	-10.056	-4.126	-13.435	-18.359	-27.774	-9.570	-5.112	7.429	0.966	9.427	3	ScrambledFaces
-9.329	-2.540	-7.956	-0.185	0.606	-2.900	-0.824	6.645	12.267	9.581	20.869	13.357	-7.496	-6.447	-18.683	-6.240	-8.642	-9.055	-11.379	-7.860	-3.677	-8.404	-12.219	-4.741	3.653	8.402	9.730	10.476	3	Faces
-12.577	-15.986	-10.515	-14.167	-8.811	-6.476	-12.245	-7.614	3.703	-4.140	0.101	5.540	-7.468	-5.974	-8.282	-11.456	-0.321	1.787	1.844	-11.949	-6.370	5.927	3.997	3.944	13.992	19.729	11.785	15.216	3	Faces
-12.352	-7.702	-13.684	-4.995	0.554	0.693	9.188	4.932	12.147	15.952	13.950	20.891	4.653	7.194	-26.667	-2.817	-10.907	-17.502	-2.900	-3.104	2.088	0.107	-2.223	9.893	16.523	18.191	15.518	14.762	3	Cars
-12.141	-3.676	-8.694	2.123	-1.810	3.932	5.202	5.526	14.430	9.389	18.667	9.799	-0.741	-1.263	-21.974	-14.694	-12.314	-9.380	-6.534	-9.956	-6.858	3.611	-3.004	6.879	14.947	19.440	16.455	17.777	3	ScrambledFaces
-4.708	-0.379	-3.952	0.538	-6.704	-5.836	-0.566	6.257	8.992	3.383	8.386	-1.592	-1.909	-2.379	-12.168	-1.029	-4.103	-10.264	-5.063	0.543	-3.215	-0.634	-3.807	3.503	6.717	9.634	10.561	13.491	3	Cars
-20.114	-17.500	-10.832	-14.718	-7.944	-4.753	1.481	7.076	14.070	11.427	15.265	38.127	-1.538	-5.219	-30.253	-15.860	-23.681	-7.295	-10.880	-9.659	-6.575	-1.862	-6.334	8.706	18.849	27.289	21.686	20.934	3	Faces
-21.091	-17.028	-15.472	-9.634	5.310	2.126	20.965	22.883	25.890	24.787	27.904	20.047	4.229	3.472	-38.197	-15.303	-16.693	-17.314	-13.649	-8.767	-1.648	-15.822	-17.255	1.829	8.359	12.177	16.008	14.290	3	Cars
-1.516	-3.417	9.852	-2.873	-8.606	0.063	-5.911	8.131	10.495	4.239	13.032	3.159	-11.244	-12.302	-2.387	-7.252	3.680	-6.011	-4.202	-9.457	-11.513	-8.937	-2.074	-7.044	0.130	6.717	0.897	3.163	3	Faces
-16.029	-10.658	-8.410	-1.425	1.757	7.485	18.049	20.422	25.930	20.488	23.725	30.944	5.079	-2.750	-32.341	-12.518	-15.696	-20.370	-12.232	-14.411	-10.263	-12.540	-8.720	-0.506	6.823	9.925	8.790	16.740	3	Faces
-8.399	-10.069	-8.345	-2.057	10.421	8.630	28.837	8.433	10.940	24.299	9.188	5.590	28.799	24.257	-23.274	-14.088	-11.934	-24.449	-5.925	-9.144	5.045	-1.696	-10.688	15.529	6.258	2.410	11.213	8.226	3	Cars
-18.212	-13.866	-22.419	-12.199	-12.975	-14.883	-3.237	1.391	11.291	7.650	15.149	17.858	5.325	-1.246	-22.349	-14.256	-4.876	-3.708	-8.746	-12.252	-5.492	-0.246	-3.012	10.766	18.109	22.556	19.819	20.050	3	Faces
-12.239	-9.366	-14.385	-14.791	-8.633	-4.304	-2.248	7.846	12.823	7.289	20.736	5.353	-1.241	-6.875	-11.939	-6.444	-9.843	-1.384	-1.291	-3.508	-6.054	-8.795	-6.886	2.287	9.949	16.757	8.334	18.154	3	Cars
-9.725	-4.133	-3.710	-2.142	-5.782	0.812	-11.432	7.232	11.125	-0.214	9.565	11.513	-19.143	-24.305	-10.568	-5.837	4.739	1.678	4.733	-5.915	-19.615	-6.903	-5.890	-6.264	10.874	22.513	5.528	11.117	3	Faces
-7.292	-1.349	-11.961	-1.149	-2.116	-4.571	5.328	9.236	12.311	8.540	16.863	10.108	-5.313	-7.135	-11.672	-2.091	-0.299	-5.197	2.267	-1.264	-4.206	0.090	-2.941	-3.309	3.865	4.859	1.291	7.824	3	Cars
-13.961	-10.484	-12.524	-9.040	-3.768	-2.016	-1.554	4.076	13.220	11.627	20.020	13.979	2.049	-1.005	-21.036	-10.839	-16.919	-9.338	-5.941	-3.584	1.229	0.171	-6.364	1.157	14.770	21.856	19.701	22.517	3	ScrambledCars
-11.608	-8.747	0.207	-3.578	-6.521	0.080	1.210	10.338	19.545	13.377	20.550	25.762	-2.552	-14.252	-20.014	-13.813	-13.744	-7.935	-16.534	-15.101	-16.533	-20.005	-14.551	0.943	7.819	18.009	14.183	19.582	3	ScrambledCars
-7.796	-5.048	-11.718	-11.734	-9.405	-11.413	1.719	6.002	15.236	7.858	27.096	12.560	2.048	-5.875	-7.556	-5.533	-12.118	-1.897	-3.487	-10.922	-12.269	-2.047	-4.602	6.702	7.932	11.849	8.633	12.449	3	Cars
-20.669	-19.115	-32.598	-5.978	-0.223	-13.476	15.534	-1.334	13.631	25.321	23.251	24.053	22.610	15.279	-34.053	-7.020	-8.380	-16.051	-3.384	-1.387	1.477	1.035	-5.024	13.786	23.166	22.584	25.543	22.509	3	Faces
-6.704	0.062	-5.452	0.038	-0.741	-2.874	5.108	10.809	15.286	9.655	11.772	11.237	-2.703	2.314	-16.788	-3.296	-8.666	-9.757	-2.865	-3.687	-2.398	-2.242	-7.143	3.739	8.422	12.463	9.993	15.442	3	Cars
-19.805	-12.691	-8.475	-7.137	-9.044	-7.892	1.139	5.144	19.917	12.051	17.547	17.342	-7.274	-21.313	-40.819	-10.505	-0.377	-12.628	-2.357	-16.196	-19.841	-14.910	-5.230	3.901	17.038	23.448	24.230	20.816	3	Cars
-9.546	-7.508	-8.000	-5.481	-11.723	-3.683	-10.223	6.091	11.705	2.923	8.995	2.282	-20.790	-21.473	-12.080	6.176	10.131	1.827	12.364	3.976	-9.367	-5.278	1.474	-9.272	6.923	12.106	2.553	8.134	3	ScrambledFaces
-18.061	-17.437	-15.490	-10.722	-8.755	-7.154	3.174	8.814	13.862	12.347	16.251	17.450	5.911	0.953	-23.180	-17.745	-9.522	-10.129	-7.258	-13.932	-6.885	-4.120	-4.091	8.931	16.764	22.604	17.836	19.015	3	Faces
-29.106	-27.703	-25.098	-25.201	-23.036	-16.404	4.196	21.326	25.192	20.137	30.625	24.542	3.057	-10.808	-36.479	-18.269	-12.816	-4.809	-5.473	-17.510	-14.338	-3.177	-2.711	8.510	22.712	30.959	24.886	30.110	3	ScrambledFaces
-9.749	-8.085	-5.228	-0.141	7.178	4.685	9.109	6.860	10.289	10.629	8.060	9.836	6.228	3.587	-23.364	-5.795	-6.116	-18.523	-6.601	-1.648	4.284	-2.426	-6.429	4.257	10.696	13.655	14.136	15.729	3	ScrambledFaces
-4.686	-4.809	4.948	-3.470	-0.134	3.095	1.921	5.853	9.537	11.349	18.519	5.546	-8.818	-8.416	-7.896	-8.273	-2.899	-3.108	-1.995	-7.845	-7.239	-12.620	-7.109	-8.003	2.935	10.561	1.948	8.007	3	Faces
-7.806	-6.689	-2.444	-7.048	-9.188	-2.962	-0.541	3.185	13.114	6.552	11.285	9.075	-8.015	-9.719	-9.517	-3.491	-5.910	-2.476	-9.836	-9.946	-9.462	-16.414	-7.872	-1.792	11.734	23.158	10.512	13.588	3	ScrambledCars
-11.493	-3.785	-4.266	0.723	-2.491	2.857	5.921	25.275	13.772	7.238	10.524	8.890	-6.759	-12.899	-17.010	-4.981	-10.639	1.358	-8.919	-8.758	-8.109	-6.697	-2.717	0.404	9.246	15.885	6.957	3.523	3	ScrambledCars
-13.630	-9.231	-14.978	-9.132	-6.244	-6.455	-0.407	9.006	14.408	9.701	15.625	13.066	-3.584	-4.723	-18.362	-2.077	-12.152	-0.569	-6.028	-1.387	-2.175	-3.902	0.233	2.762	13.315	17.427	15.682	20.217	3	ScrambledFaces
-23.391	-21.573	-20.042	-16.037	-3.736	-4.564	10.374	22.399	26.074	18.417	36.244	23.327	-2.587	-9.626	-26.583	-17.748	-8.434	-6.802	-11.693	-17.153	-16.808	-13.323	-5.784	2.837	16.824	25.398	13.745	21.788	3	Faces
-7.157	-11.770	-7.492	-2.352	8.464	3.567	16.009	8.713	10.284	15.439	13.176	3.077	21.531	15.221	-9.110	-12.443	-17.459	-13.648	-13.229	-9.372	2.248	0.287	-8.384	9.014	4.513	4.892	6.386	11.039	3	Cars
-8.189	-1.154	-0.437	5.926	4.226	1.444	2.318	1.765	13.584	10.231	13.210	9.402	-4.846	-8.789	-25.113	0.198	-9.028	-17.875	-9.483	-3.999	-8.308	-12.398	-10.015	-4.058	11.441	19.816	9.919	15.150	3	ScrambledCars
-2.661	-0.136	-6.027	-1.077	4.695	-1.334	3.169	-0.107	6.442	5.676	2.445	-2.417	-0.025	7.326	-10.578	4.048	-8.719	-10.167	4.479	1.321	5.066	-0.732	-5.121	4.510	7.692	9.305	12.651	8.616	3	ScrambledFaces
-6.662	-2.458	-4.696	-4.387	0.777	-5.609	9.430	2.518	12.648	17.780	22.958	11.383	5.993	3.581	-14.784	-11.538	-17.604	-8.301	-18.730	-7.713	-4.170	-15.594	-10.463	7.253	8.743	13.270	17.622	18.306	3	Faces
-13.575	-9.796	-16.273	-4.165	-3.509	-10.719	1.355	-0.182	4.435	6.932	12.918	27.986	0.408	1.420	-23.512	-1.483	-1.497	-2.372	3.580	-0.664	-0.392	7.997	3.740	5.373	11.620	9.583	10.220	12.172	3	Cars
0.545	2.612	-1.567	-3.793	-7.965	-9.824	-10.070	-3.062	2.207	0.740	7.048	5.274	1.099	4.049	-1.801	0.350	-8.934	-9.382	-1.862	1.172	3.220	1.474	-9.085	3.658	8.233	15.655	11.639	15.073	3	ScrambledFaces
-26.273	-26.996	-21.814	-14.926	-11.861	-14.628	-1.726	9.005	14.057	8.445	17.122	26.441	2.225	-3.978	-28.547	-21.965	-13.109	-4.495	-1.495	-14.275	-7.757	-3.789	0.022	3.827	22.032	30.810	20.789	28.479	3	Cars
-11.494	-1.895	-8.220	-5.320	1.570	4.418	17.061	19.101	30.961	23.400	28.251	13.131	0.770	-9.251	-23.886	-12.939	-16.555	-16.452	-12.816	-16.454	-13.803	-22.569	-20.110	-4.256	6.109	15.375	8.914	14.951	3	Faces
-13.080	-10.295	-18.249	-10.919	-8.283	-11.809	-6.844	2.644	18.123	5.915	21.102	14.849	-8.413	-7.392	-20.570	-0.753	10.755	-12.405	12.945	1.269	-5.516	1.785	-1.884	-0.436	12.967	16.405	10.497	13.610	3	ScrambledCars
-23.679	-27.265	-12.359	-27.090	-23.746	-8.378	5.673	26.586	32.561	18.353	30.953	27.085	-9.634	-22.068	-16.428	-22.352	-14.521	11.307	-10.632	-22.847	-22.285	-14.026	-0.330	-6.097	9.058	19.398	5.211	18.121	3	Faces
-3.393	-1.727	-9.305	1.889	1.954	-5.067	1.975	-7.930	-3.471	1.436	2.098	8.002	-2.638	0.646	-5.131	4.405	-5.571	2.061	5.466	5.999	2.366	-4.154	-0.418	-2.695	2.452	1.298	4.095	5.967	3	Cars
-14.818	-15.560	-7.134	-16.388	-8.444	-5.785	4.361	12.484	22.875	16.958	22.734	25.133	2.258	-3.353	-22.200	-21.241	-13.349	-12.115	-9.251	-21.437	-12.987	-7.405	-14.354	8.563	8.583	15.288	17.498	16.216	3	Cars
1.994	2.355	1.628	3.985	1.631	-0.332	-2.380	4.801	1.671	-5.664	-4.572	-15.607	-7.807	0.163	-0.753	7.852	12.650	-9.287	8.894	7.992	7.153	-1.136	-7.714	-4.133	-0.564	2.860	-7.362	-4.360	3	Faces
-25.079	-23.161	-19.951	-12.197	-7.778	-11.991	-0.646	3.075	19.264	18.243	23.935	18.944	1.811	-2.604	-36.204	-17.641	-13.932	-8.292	-8.784	-10.508	-6.546	3.301	2.646	12.707	26.760	32.084	26.886	29.578	3	ScrambledCars
-24.978	-21.094	-18.239	-21.728	-24.578	-16.101	7.548	26.980	33.541	23.834	33.008	18.847	-9.075	-17.197	-29.220	-17.850	-10.053	1.247	-16.074	-23.337	-26.260	-22.060	-15.027	-6.701	13.391	27.780	16.802	27.262	3	Faces
-16.572	-12.705	-9.274	-0.999	3.875	1.129	8.685	4.623	17.508	14.398	20.999	11.178	8.841	6.163	-37.398	-12.851	-16.729	-22.894	-7.860	-3.996	-0.860	0.158	-9.249	9.401	11.924	12.660	18.569	18.186	3	ScrambledCars
-3.866	-2.773	-1.539	-3.406	-4.467	-5.698	-3.721	7.623	5.028	-0.374	4.130	8.904	-9.306	-12.161	-2.033	-3.087	3.102	2.432	-2.129	-12.297	-12.867	-9.072	-3.895	-5.302	-1.450	2.609	-1.212	4.877	3	Cars
-13.773	-8.897	-18.637	-4.266	-3.252	-4.188	3.593	7.023	12.210	11.912	22.416	16.558	3.520	-2.470	-23.618	-4.304	-5.535	-14.227	-3.851	-6.451	-5.536	-10.006	-8.030	6.523	12.342	15.232	17.567	17.686	3	ScrambledFaces
-15.981	-13.023	-8.470	-7.010	-13.210	-6.516	-13.245	3.666	12.003	-2.129	1.609	6.153	-23.489	-18.657	-16.208	-8.848	5.322	5.651	3.134	-6.981	-11.350	-0.013	7.930	-3.875	15.347	22.983	8.573	15.636	3	Faces
-13.213	-6.726	-12.008	-5.695	-14.437	-12.592	-4.873	9.368	18.625	7.706	13.878	20.450	-5.168	-11.252	-15.895	-8.455	-8.671	-2.636	-9.920	-9.593	-11.207	-5.500	-5.274	1.439	15.445	25.636	10.767	20.866	3	Faces
-9.065	-7.904	-2.819	-9.030	-10.834	-2.038	-4.751	-6.045	2.118	2.185	8.613	12.030	-7.929	-10.964	-8.234	-11.815	-4.898	2.518	-4.801	-11.610	-11.898	-7.971	2.950	0.529	13.596	21.768	12.638	17.355	3	Faces
-14.402	-15.476	-15.161	-7.910	-4.503	-4.249	8.378	5.641	13.763	14.074	10.710	14.349	8.029	8.939	-17.678	-13.534	-8.388	-8.470	1.483	-9.367	4.068	6.588	3.280	9.023	17.295	19.614	12.367	12.508	3	Faces
-13.230	-13.926	-11.398	-12.467	-9.583	-8.464	0.202	-4.806	1.526	5.495	8.499	16.474	6.671	3.405	-20.716	-8.595	-4.723	-3.668	1.744	-2.643	-2.190	-5.143	-5.881	6.519	10.416	13.286	15.403	20.437	3	Cars
-21.293	-19.678	-27.689	-10.483	-3.004	-13.747	7.159	5.223	19.631	16.401	15.853	17.676	3.260	4.545	-34.164	-3.831	5.090	-15.608	9.275	5.145	4.597	0.934	-0.422	5.121	19.243	19.651	13.303	20.881	3	ScrambledFaces
-22.414	-18.857	-20.760	-18.044	-8.202	-13.318	6.453	13.011	17.607	14.711	24.469	18.704	-1.267	-8.433	-30.777	-16.898	-12.108	-9.127	-1.122	-12.961	-12.003	-2.306	-10.238	7.036	19.191	27.914	20.999	28.232	3	ScrambledFaces
-6.852	-8.814	1.852	-11.245	-11.649	-8.676	-0.662	7.479	20.571	12.674	19.487	13.010	3.249	-1.198	-12.605	-13.774	-8.755	-15.101	-13.181	-10.389	-9.332	-18.136	-16.150	-0.014	5.039	15.131	12.988	18.563	3	ScrambledFaces
-15.973	-12.913	-9.462	-10.639	-10.754	-4.859	3.868	17.645	20.441	19.706	28.048	12.224	-5.108	-10.232	-25.136	-10.992	-11.798	-12.109	-7.310	-7.867	-9.751	-15.164	-10.336	-1.860	11.963	21.272	15.222	18.909	3	Faces
-22.515	-17.110	-23.963	-14.851	-8.024	-12.766	10.725	12.642	22.434	22.740	31.870	26.559	9.555	1.868	-33.913	-14.954	-14.458	-9.177	-6.763	-8.753	-5.425	3.483	-2.719	13.051	24.078	28.852	23.444	26.335	3	ScrambledCars
-20.567	-17.599	-9.974	-12.382	-14.498	-10.098	1.616	4.017	17.267	13.380	22.102	18.936	1.202	-2.870	-32.366	-21.770	-19.120	-7.556	-8.438	-16.011	-11.666	-6.336	-11.206	11.100	21.616	32.566	30.779	32.015	3	ScrambledFaces
-12.308	-5.614	-12.742	-4.379	-6.870	-11.040	-1.950	1.149	3.627	6.406	15.169	18.522	0.174	-1.083	-27.195	-0.571	-4.350	-9.634	1.986	7.884	2.092	6.243	-1.671	3.580	14.181	16.139	17.352	13.222	3	ScrambledFaces
-7.007	-0.679	-8.170	-7.704	-8.789	-6.479	-2.205	10.695	15.951	6.630	22.274	20.400	-12.646	-15.214	-6.780	-6.885	-2.931	-2.790	0.731	-10.160	-10.344	-7.972	-4.546	-0.616	7.862	15.110	4.433	12.930	3	Faces
-12.092	-12.856	-4.382	-12.853	-14.664	-11.060	-6.511	6.667	8.986	1.651	11.336	18.513	-9.989	-17.010	-10.359	-10.609	-8.760	-1.378	-5.767	-13.506	-14.440	-11.494	-5.116	-6.528	3.868	12.630	-1.889	12.737	3	Faces
-11.810	-12.205	5.815	-4.347	1.498	3.968	10.163	15.054	20.097	15.814	23.400	18.855	4.109	-3.063	-24.080	-19.311	-22.499	-19.816	-14.632	-8.121	-6.126	-10.326	-11.966	4.393	11.549	21.491	15.550	17.726	3	Faces
-16.002	-9.228	-9.950	-7.022	-1.310	2.378	4.917	13.658	22.181	12.170	16.890	21.977	3.037	-5.376	-27.635	-11.390	-18.939	-14.710	-13.783	-9.166	-8.234	-12.767	-7.792	4.890	15.812	24.084	16.914	15.456	3	ScrambledCars
-24.346	-19.201	-14.616	-16.762	-16.102	-8.932	5.919	6.176	31.720	19.287	33.040	32.926	-0.315	-17.318	-40.647	-17.021	-17.898	-11.838	-19.761	-20.202	-20.189	-10.309	-5.110	9.295	23.218	32.026	31.152	30.039	3	ScrambledFaces
-26.161	-23.261	-15.667	-14.087	-4.607	-6.667	11.298	14.530	19.266	18.626	28.346	12.356	2.794	-5.924	-42.161	-20.579	-8.247	-11.861	1.983	-15.697	-17.518	1.841	1.188	7.344	20.551	24.545	18.751	21.240	3	ScrambledFaces
-10.709	-12.111	-1.836	-8.603	-7.050	-3.443	-5.421	16.454	18.396	8.298	19.083	19.764	-10.627	-14.961	-7.681	-13.387	-7.305	1.087	-11.736	-13.969	-11.830	-15.442	-11.174	-6.808	0.423	9.529	2.347	11.134	3	ScrambledFaces
-19.640	-20.141	-9.125	-12.894	-5.474	-7.077	6.839	5.690	13.313	17.019	27.601	23.458	7.221	-2.958	-28.886	-20.307	-19.113	-2.220	-18.161	-13.876	-9.012	-6.183	-9.125	11.005	14.534	20.394	21.953	24.011	3	ScrambledCars
-24.249	-20.194	-19.421	-15.664	-20.812	-15.128	-5.198	5.007	12.792	16.895	23.200	29.010	6.756	-14.942	-39.139	-14.171	-2.421	-7.045	-5.177	-13.726	-23.344	-20.428	-12.775	6.546	19.867	29.430	33.249	33.480	3	ScrambledFaces
-8.339	-3.973	-8.861	2.937	0.146	0.128	13.008	7.279	15.473	14.170	11.290	5.733	2.286	-2.419	-20.781	3.318	-10.195	-16.386	-11.121	-4.578	-4.249	-10.824	-10.497	0.007	8.861	13.492	8.941	13.775	3	Faces
-0.843	2.978	2.832	2.290	3.106	6.781	4.396	-3.937	1.102	9.165	7.916	5.173	-0.821	-2.994	-9.391	1.894	-6.393	-4.385	-2.932	-3.990	-4.428	-4.570	-1.494	-7.240	2.191	4.360	2.717	5.100	3	Cars
-6.376	-3.957	-3.441	-4.233	-0.433	-1.147	4.683	8.081	10.231	11.411	19.126	7.306	0.822	-4.905	-8.502	-9.862	-6.271	-1.336	-8.063	-11.864	-6.204	-11.669	-6.025	-3.990	4.827	10.582	10.139	12.756	3	ScrambledCars
-11.079	-4.243	-8.121	-5.092	-9.752	-5.761	-1.430	1.109	10.516	5.516	8.586	14.516	0.588	-3.471	-21.423	-5.207	-8.845	-9.457	-3.459	-1.681	-4.910	-10.071	-6.823	6.270	15.841	23.753	13.536	18.606	3	Faces
-14.012	-17.052	-5.742	-14.905	-13.828	-10.460	-1.324	9.022	18.382	13.633	23.979	15.095	-1.342	-6.852	-13.899	-16.229	-21.192	-7.757	-16.362	-13.918	-11.601	-7.780	-10.546	5.264	15.813	29.015	17.753	26.085	3	ScrambledFaces
-14.216	-11.260	-19.807	-17.217	-22.378	-26.606	-14.025	-3.413	2.839	1.565	7.109	20.031	-6.204	-7.889	-24.165	7.636	10.628	-8.275	8.390	5.029	-1.313	6.952	3.093	3.784	20.990	26.492	18.609	20.673	3	ScrambledFaces
-19.388	-30.401	-3.840	-27.408	-23.820	-11.994	-2.605	-4.034	2.097	8.193	17.846	21.228	3.019	-5.552	-21.981	-19.488	-3.759	7.306	-7.539	-25.111	-19.832	-4.055	9.321	19.911	18.609	21.691	30.792	20.362	3	Cars
-7.622	0.749	-2.562	-2.850	-0.153	1.593	3.601	6.291	11.758	7.796	17.034	4.926	-5.427	-9.493	-18.669	-4.256	-0.786	-6.037	-14.248	-11.247	-12.501	-11.692	-12.862	-4.184	7.359	16.028	10.524	15.131	3	Faces
-22.587	-19.371	-23.739	-13.844	-6.202	-11.942	7.303	6.052	14.238	13.913	14.192	29.137	7.210	4.053	-32.195	-15.661	-12.473	-5.506	-7.710	-14.127	-3.951	2.290	0.028	11.027	19.641	21.509	24.542	19.895	3	Cars
-21.933	-18.604	-17.157	-16.083	-13.402	-13.456	12.223	6.353	15.800	22.952	31.898	22.689	13.302	-1.597	-37.505	-12.681	-21.810	-7.455	-7.233	-10.945	-10.552	-2.558	1.586	9.157	18.812	20.760	23.046	24.300	3	Cars
-6.176	0.420	-0.068	-4.070	-14.364	-3.663	-9.427	12.184	12.320	3.057	10.426	6.936	-20.710	-25.754	-6.098	-2.073	5.711	3.214	-3.949	-14.571	-23.660	-17.900	-5.856	-14.726	6.257	19.798	5.330	13.325	3	Faces
-24.045	-22.912	-20.129	-16.790	-14.669	-9.060	10.964	17.941	30.243	23.086	23.856	27.190	2.118	-4.911	-32.690	-22.244	-21.152	-13.011	14.313	-15.636	-11.134	-9.899	-8.184	6.681	15.558	21.413	16.430	19.440	3	ScrambledFaces
-6.402	-2.149	-9.801	0.942	1.904	-5.067	-4.141	1.110	4.947	4.055	13.525	8.732	-4.525	0.383	-12.548	-1.004	5.640	-5.523	-6.160	0.585	3.588	7.395	-2.098	2.662	7.640	8.279	8.656	13.101	3	Cars
-19.182	-16.323	-4.741	-15.756	-13.778	-7.518	4.878	14.452	22.075	14.458	23.076	26.153	-6.652	-19.194	-25.802	-21.933	-12.432	-5.259	-21.366	-31.502	-29.049	-29.368	-11.499	1.755	15.441	30.265	22.092	31.326	3	ScrambledFaces
-4.407	-3.525	1.042	7.953	9.434	4.404	3.990	0.895	10.724	7.369	7.441	10.864	-0.400	-2.190	-12.047	-5.530	-7.088	-17.010	-8.418	-5.030	-4.958	-13.194	-14.998	-6.201	4.820	13.182	4.999	14.387	3	ScrambledCars
-25.962	-20.944	-26.119	-10.840	4.883	-0.104	30.102	21.380	36.135	35.590	36.462	21.345	17.254	10.581	-49.963	-20.016	-15.582	-29.557	-10.627	-12.595	1.586	-6.771	-11.779	12.907	16.863	15.758	25.168	29.747	3	ScrambledCars
-10.184	-4.511	5.469	-3.497	-8.149	3.466	8.572	24.440	25.084	19.053	20.705	16.563	-0.690	-8.540	-21.637	-12.145	-28.259	-18.792	-28.158	-14.244	-9.282	-22.434	-13.197	-0.943	10.884	24.785	12.045	17.620	3	Faces
-15.680	-13.306	-11.499	-4.131	2.899	0.962	5.382	5.957	12.286	13.844	8.310	5.548	-1.819	-6.566	-23.297	-15.655	-8.955	-2.977	1.397	-17.174	-11.179	5.738	3.482	9.073	14.517	15.095	19.741	14.641	3	Cars
-2.841	5.337	-6.407	8.908	6.946	3.975	3.560	2.249	6.756	6.517	1.860	0.377	-5.156	-4.554	-12.282	5.869	4.510	-5.971	-6.115	6.426	-1.503	-9.775	-4.834	-2.160	5.054	6.259	7.225	8.683	3	ScrambledCars
-12.668	-11.246	-9.331	-10.676	-11.142	-9.329	7.436	10.673	17.456	17.506	27.093	18.377	5.932	-0.277	-20.794	-13.554	-15.191	-15.593	-8.761	-10.835	-7.959	-10.732	-10.817	0.956	9.208	16.023	13.322	18.101	3	Faces
-25.065	-18.195	-30.166	-8.423	-6.139	-6.881	2.435	-1.139	7.580	13.128	16.739	20.593	9.431	-3.752	-38.220	-6.770	3.876	2.598	1.392	-11.828	-12.270	-2.556	4.852	9.770	22.917	22.462	26.700	21.863	3	ScrambledFaces
-8.164	-11.470	-9.204	-3.300	-3.153	-3.294	6.839	3.037	9.088	14.632	16.573	13.500	8.233	7.302	-14.284	-6.339	-5.198	-12.685	-0.582	-7.687	1.326	-4.278	-7.849	9.572	6.318	6.455	9.993	13.094	3	ScrambledCars
-4.765	-3.360	-0.948	-1.952	5.764	-3.200	10.722	1.499	12.400	13.613	6.859	15.697	0.165	-4.200	-9.418	-10.748	-2.547	0.357	-10.731	-11.407	-10.427	-26.101	-22.870	-3.601	-2.211	4.510	4.473	11.330	3	Cars
-12.183	-9.999	-6.269	-5.830	-6.148	-10.129	0.422	10.439	14.679	9.782	15.542	5.792	-6.714	-6.443	-22.694	-3.835	-3.485	-9.284	-1.334	-4.170	-8.390	-8.523	-4.476	-1.081	9.837	15.080	12.919	8.388	3	Cars
-9.122	-5.157	-6.123	-4.261	-13.603	-7.183	-1.075	8.614	10.563	2.406	11.238	2.981	-4.722	-10.953	-12.476	-6.362	-2.712	-4.287	-0.087	-18.295	-20.029	-11.119	-0.765	4.651	9.629	15.243	11.237	14.437	3	Cars
-13.102	-11.851	-2.886	-4.698	-3.315	-0.449	0.651	13.049	21.385	10.955	23.063	9.480	-7.993	-14.125	-19.410	-14.190	-11.790	-5.722	-5.006	-16.760	-16.437	-19.921	-23.360	-6.225	4.603	17.349	16.358	21.714	3	ScrambledFaces
-9.669	-3.965	-18.676	-1.967	0.675	-11.607	10.485	8.906	12.602	15.312	15.429	11.309	6.359	10.150	-20.103	-3.199	-14.337	-23.072	9.474	3.538	4.617	1.319	-6.640	10.897	16.921	19.789	12.987	14.175	3	ScrambledCars
-10.436	-7.666	-5.519	-7.738	-11.646	-11.531	-3.662	-7.297	7.767	4.667	11.483	18.719	-7.870	-7.546	-17.275	-7.654	1.282	1.954	-1.278	-13.928	-7.920	-2.525	-1.287	0.267	14.524	21.724	18.220	19.904	3	ScrambledCars
-25.758	-33.300	-12.436	-24.141	-15.342	-14.738	6.767	18.080	23.396	22.007	26.162	12.905	4.065	-2.383	-35.734	-20.975	-7.005	-12.712	-11.746	-14.087	-8.359	-1.907	-2.641	4.847	17.348	24.013	22.994	26.644	3	ScrambledFaces
-17.503	-5.463	-7.868	-2.533	-1.813	4.379	9.487	17.635	28.937	20.052	30.828	8.094	-11.465	-20.134	-31.981	-12.993	-11.603	-5.398	-20.534	-14.485	-20.648	-20.659	-15.079	-4.956	11.017	21.525	14.758	21.006	3	ScrambledCars
-2.077	5.777	0.156	9.807	10.958	8.288	9.656	8.266	7.136	5.984	10.714	7.142	-2.451	-1.183	-19.504	5.377	-2.724	-20.910	0.445	1.565	1.262	0.350	-9.324	3.582	5.101	6.445	3.194	4.596	3	Cars
-12.901	-16.285	-3.957	-12.213	-7.210	-3.444	0.223	9.472	19.869	12.956	15.948	8.641	-8.569	-6.128	-15.879	-15.428	-16.716	-7.513	0.477	-15.854	-11.090	0.908	-3.841	-2.781	6.278	11.918	12.226	15.260	3	ScrambledFaces
-14.423	-2.169	-16.114	-8.073	-10.764	-10.507	3.774	5.124	13.553	13.979	14.295	10.802	-0.784	-9.460	-35.384	2.584	0.301	-11.077	6.980	1.993	-6.940	-6.564	-4.608	8.412	22.670	28.493	26.587	23.619	3	ScrambledCars
-0.102	1.476	7.057	-2.027	-8.445	-0.490	-11.423	-6.097	0.758	-4.678	4.453	-3.991	-14.113	-18.595	2.204	-3.543	-2.232	4.492	6.191	-2.003	-8.153	-6.484	-3.495	-6.601	3.911	12.853	2.803	6.476	3	Faces
-7.786	-5.907	-6.233	-7.000	-7.431	-7.833	-3.480	5.158	11.706	4.177	11.901	8.317	-9.167	-8.461	-9.666	-7.035	3.836	-8.379	3.927	-8.610	-7.867	-4.957	-2.977	-4.291	9.549	17.295	6.061	13.757	3	Faces
-3.583	-2.855	2.840	-5.032	-4.894	-2.970	-6.263	1.813	12.439	-0.213	9.814	1.768	-16.776	-13.042	-4.076	-1.987	-7.873	-2.204	-3.070	-7.633	-10.356	-9.040	-11.607	-9.207	3.082	14.055	6.228	15.569	3	Faces
-4.714	-0.292	-6.404	9.335	7.072	0.493	1.883	2.282	6.731	3.434	-1.152	0.863	-13.335	-4.533	-12.412	5.646	3.936	-4.198	9.573	3.603	1.856	2.239	-1.830	-5.227	4.137	4.468	2.605	7.598	3	ScrambledFaces
-11.031	-4.101	-4.641	8.343	6.970	4.885	12.509	16.321	20.374	18.018	18.442	17.357	6.879	6.269	-30.352	-4.527	-17.072	-15.433	-4.972	-3.559	-0.333	-6.989	-8.759	1.823	3.403	2.544	6.958	7.873	3	Cars
-2.233	0.637	-2.559	0.847	-3.401	-4.667	-2.653	-7.795	-6.371	-2.106	-2.111	16.448	3.806	0.848	-10.637	1.524	9.213	-4.732	4.718	1.013	-0.156	2.559	-0.262	9.409	11.461	13.162	13.060	6.822	3	Cars
-6.028	-1.727	-6.173	-6.006	-9.287	-9.760	-0.570	5.967	10.478	8.178	15.364	9.990	-2.891	-6.595	-9.507	-7.526	-3.560	-5.019	-0.499	-8.226	-9.732	-12.798	-9.886	-3.573	4.013	10.378	8.292	11.161	3	ScrambledFaces
-25.233	-22.398	-30.106	-19.694	-18.706	-19.547	2.507	16.614	18.052	18.176	30.076	25.751	5.772	-2.794	-32.667	-11.984	-7.807	-7.534	-7.729	-11.927	-4.506	-1.974	-1.717	9.695	19.378	22.673	23.791	26.919	3	Cars
-23.903	-22.268	-10.452	-14.094	-8.607	1.825	9.436	25.580	30.359	24.805	33.824	29.145	-5.529	-13.340	-33.683	-21.199	-21.752	-13.738	-17.793	-16.072	-17.072	-13.753	-9.697	-7.612	11.045	21.292	13.345	21.028	3	ScrambledCars
-3.577	-7.811	-9.166	-10.715	-13.170	-19.222	-6.716	-1.602	7.230	0.306	2.510	8.232	-5.874	-4.220	7.288	-3.579	4.798	9.809	2.833	-2.943	-2.649	5.130	-0.492	1.880	5.908	10.214	3.169	9.516	3	ScrambledFaces
-14.485	-9.390	-9.907	-4.739	1.484	-3.656	10.173	22.233	24.208	17.135	23.911	5.842	2.455	-1.400	-21.216	-16.442	-16.947	-6.311	-8.535	-8.791	-1.678	-3.007	-7.301	3.907	10.750	16.112	13.740	17.847	3	ScrambledFaces
-7.676	-9.002	10.624	-12.552	-19.688	-7.418	12.571	6.238	13.604	16.433	15.200	6.599	12.408	-0.910	-23.733	-10.982	-17.774	-9.460	-14.714	-20.087	-16.781	-7.655	-3.336	14.644	12.735	18.769	24.466	20.447	3	ScrambledFaces
-11.202	-9.666	4.264	-11.856	-10.789	-2.815	2.971	15.570	23.827	13.173	22.677	12.957	-12.190	-16.758	-19.120	-15.025	-7.655	-7.886	-17.363	-20.077	-17.471	-14.998	-7.342	1.795	9.803	20.132	16.896	18.236	3	ScrambledFaces
-4.142	0.382	4.030	3.265	-0.577	3.398	-4.595	-0.358	4.063	-13.004	1.074	4.526	-16.670	-14.051	-4.919	-2.185	0.341	7.658	-1.751	-4.137	-7.764	-8.343	1.555	-6.170	0.202	3.744	-1.195	1.690	3	Cars
-16.475	-15.183	-14.405	-13.398	-6.269	-2.469	6.352	15.320	26.010	17.547	23.368	19.319	6.079	-7.740	-18.955	-19.599	-7.901	-11.232	-9.025	-20.932	-18.465	-10.892	-3.888	1.378	11.589	17.911	12.618	18.521	3	Cars
-5.756	-8.121	5.485	-5.698	-11.656	-7.702	-5.625	5.157	8.430	4.662	16.749	10.872	-13.017	-10.596	-3.718	-8.544	-10.559	5.042	-5.874	-7.722	-5.649	-7.424	-0.888	-3.921	4.266	11.705	5.807	11.006	3	Cars
-4.986	-10.132	-4.257	-5.622	1.045	-0.732	9.611	12.253	20.075	13.162	18.385	12.345	2.966	1.824	-3.727	-7.176	1.253	-9.266	-13.708	-4.059	-1.189	-11.557	-13.439	-1.229	2.540	8.671	6.686	14.125	3	Faces
1.179	1.459	10.556	-3.255	-6.288	0.289	-6.986	-9.001	1.070	0.652	6.102	4.762	-13.290	-15.922	-1.856	-2.709	3.569	3.835	5.696	-8.957	-14.241	-13.518	-6.580	-6.531	-1.984	3.696	2.052	5.248	3	ScrambledFaces
-10.783	-13.957	-12.413	-23.428	-20.874	-18.583	-6.886	11.276	12.622	6.209	9.821	3.733	-5.590	-10.204	-3.621	-3.944	-3.918	6.273	4.949	-13.571	-14.593	2.161	3.395	-2.570	7.554	13.610	5.656	15.441	3	Faces
-21.192	-23.964	-8.978	-9.882	2.633	6.929	12.913	17.116	21.970	24.314	25.801	21.714	8.656	1.754	-28.201	-28.208	-24.383	-10.839	-15.135	-18.595	-10.141	-3.314	-4.275	8.630	14.087	18.758	20.611	26.341	3	ScrambledFaces
-26.620	-24.575	-18.829	-18.330	-11.749	-13.895	6.092	14.663	23.896	23.362	25.073	28.874	0.004	-5.562	-41.743	-18.041	-14.633	-11.527	-3.315	-12.109	-8.905	4.146	0.809	9.074	22.406	26.911	23.934	27.371	3	ScrambledCars
-6.910	3.003	-8.981	7.588	4.926	1.418	-1.270	-8.461	-1.820	8.327	-1.415	9.880	-4.421	-5.974	-23.458	3.333	4.153	-6.608	14.125	2.228	-4.005	7.208	4.158	2.726	15.380	15.190	15.994	13.896	3	ScrambledFaces
-3.418	3.041	-3.770	0.166	-5.251	-7.716	-8.149	-3.262	1.722	-1.154	13.658	-1.057	-10.818	-8.574	-5.098	-2.748	2.609	8.221	5.238	-3.166	-5.566	-3.461	-3.056	-3.195	2.504	5.338	4.186	4.506	3	ScrambledFaces
-10.751	-11.497	-12.524	-0.026	7.454	6.344	27.322	16.197	15.160	23.994	7.140	2.831	24.775	21.799	-25.274	-12.787	-16.012	-20.076	-10.642	-5.011	8.043	1.337	-4.176	11.863	-2.479	-13.765	10.088	4.435	3	Cars
-14.974	-12.695	-7.260	-7.876	-5.687	-3.162	3.226	12.863	20.171	16.718	29.075	7.896	-10.255	-13.098	-25.785	-4.246	-9.598	-7.251	-6.475	-6.213	-12.351	-12.442	-8.737	-5.901	8.201	15.249	13.059	20.324	3	ScrambledCars
-10.559	-13.325	-16.143	-9.706	-10.617	-22.171	-15.549	-5.087	3.653	4.086	10.686	15.698	10.773	11.863	-17.684	0.595	-8.451	-16.866	-6.910	8.141	11.015	-6.802	-19.022	10.237	14.337	22.331	23.711	21.246	3	ScrambledFaces
-4.913	-1.874	-5.793	2.768	0.861	1.895	3.685	6.795	11.075	6.635	10.048	3.483	-8.215	-5.369	-10.416	4.591	-2.979	-5.737	7.523	0.961	-5.652	-16.351	-13.253	-7.910	0.877	6.197	2.395	8.295	3	Cars
4.615	8.400	-3.584	9.375	14.247	5.836	10.390	-3.346	-5.218	4.571	-5.432	-5.154	10.873	15.433	-8.496	12.892	10.728	-12.661	6.907	12.351	13.543	19.025	0.367	11.154	4.002	-3.497	1.658	-2.590	3	Cars
-9.560	-7.610	-15.737	-15.468	-19.265	-15.681	-6.027	3.719	7.984	3.836	14.413	17.191	-5.731	-8.499	-8.053	-1.553	2.523	-2.482	13.865	-2.757	-5.789	-1.830	-0.975	4.399	15.436	22.908	10.229	18.448	3	Faces
-24.393	-14.963	-27.668	-2.171	2.122	-7.780	14.190	11.170	23.295	27.231	27.589	7.477	7.916	0.465	-41.997	-13.438	-12.865	-13.457	-4.566	-8.697	-2.391	-5.739	-1.689	12.964	25.907	27.823	27.872	26.661	3	ScrambledCars
-32.494	-33.796	-21.733	-23.570	-13.574	-13.599	2.862	13.258	17.892	16.903	24.086	21.783	8.560	3.679	-40.151	-26.425	-22.791	-0.610	-32.107	-15.144	-2.686	2.948	-0.358	16.942	26.755	33.690	30.291	26.590	3	Faces
-22.156	-15.290	-23.629	-4.878	-0.525	-8.686	11.860	6.508	17.634	21.541	20.381	25.794	9.229	9.401	-41.000	-10.351	-10.200	-14.130	-8.680	-3.653	6.385	-2.886	-7.577	19.882	27.881	31.853	30.343	28.145	3	ScrambledFaces
-19.317	-20.571	-15.371	-16.275	-17.136	-14.175	9.533	8.837	21.628	29.304	35.703	11.255	11.999	-5.103	-24.427	-22.875	-17.717	-6.015	-10.857	-21.962	-20.579	-15.457	-10.413	9.527	15.667	23.182	22.913	27.841	3	Cars
-15.118	-7.426	-12.954	1.491	13.211	7.635	19.324	16.545	18.562	23.143	19.437	7.290	14.672	10.230	-30.269	-13.707	-21.351	-16.261	-17.276	-7.538	0.924	-7.220	-8.556	2.252	13.216	16.556	17.921	9.495	3	Faces
-3.357	-2.008	-2.214	2.865	6.461	3.988	5.690	6.453	10.792	7.959	9.836	2.482	-2.422	2.872	-10.916	-0.674	0.874	-11.836	4.020	4.443	-1.053	2.935	-8.766	-0.365	2.633	4.484	0.030	4.359	3	Cars
-15.347	-15.317	-11.742	-8.762	-4.495	-4.084	2.802	0.961	7.637	12.343	9.604	10.799	-0.035	-4.174	-17.820	-16.620	-9.712	0.214	-6.923	-13.186	-10.620	-6.268	-7.099	5.810	12.428	18.155	14.405	14.124	3	ScrambledCars
-11.604	-13.929	1.776	-10.080	-12.223	-7.876	-5.818	4.608	11.531	6.687	14.305	23.276	-5.109	-7.362	-15.236	-20.702	-8.321	-3.081	-2.157	-12.558	-11.252	-4.595	-7.800	-1.831	7.794	16.950	16.942	17.934	3	ScrambledFaces
-7.827	-1.561	-16.657	0.882	4.574	-7.911	11.373	-1.046	9.160	18.871	18.619	15.940	16.164	13.393	-20.901	-1.077	-6.834	-14.019	-11.749	4.468	9.168	-4.040	-10.603	7.040	12.566	13.726	14.879	17.015	3	Faces
-13.831	-19.394	1.018	-26.556	-16.321	-8.677	-0.414	6.008	8.612	11.520	45.091	21.975	-2.982	-8.649	-10.535	-23.362	-20.461	1.296	-24.174	-22.478	-16.826	-19.108	-9.404	-5.246	7.052	20.451	15.751	21.281	3	ScrambledCars
-18.633	-13.068	-11.725	-6.925	-0.272	3.956	4.088	8.066	14.133	17.107	13.649	20.319	3.497	-4.237	-30.247	-20.490	-19.915	-11.600	-11.400	-18.269	-15.060	-10.753	-10.283	8.608	14.414	20.794	20.169	25.740	3	Cars
9.551	13.833	12.024	11.500	1.020	2.663	-18.786	-2.491	-0.050	-14.182	-6.539	-9.835	-32.475	-26.365	17.865	10.812	16.914	12.345	15.202	4.886	-10.350	-13.278	-4.093	-26.646	-10.106	-1.547	-14.773	2.282	3	Cars
-9.586	-6.965	-10.808	-8.215	-8.600	-9.519	-1.240	0.644	-5.050	5.534	15.071	10.715	-3.109	-9.037	-15.765	-0.069	1.257	-3.676	-0.392	-4.164	-7.858	-7.825	-7.070	-2.374	7.825	13.055	10.502	15.604	3	ScrambledFaces
-15.199	-15.313	-7.327	-7.466	-0.737	-1.680	9.495	16.131	22.351	17.576	17.579	9.560	10.349	1.135	-25.150	-20.000	-21.037	-18.733	1.321	-16.683	-11.477	-10.477	-7.969	5.752	10.689	15.871	18.811	17.964	3	ScrambledCars
-21.852	-17.224	-18.261	-8.373	-4.516	-3.194	8.042	5.040	8.794	14.108	23.369	13.701	4.830	3.394	-34.377	-15.115	-2.707	-5.151	-6.350	-6.349	-1.439	2.254	4.547	10.904	22.086	23.728	21.095	20.159	3	ScrambledFaces
-7.087	-7.633	-3.383	-7.784	-4.873	-6.711	3.016	6.963	14.615	10.215	18.942	10.700	-4.281	-7.987	-9.409	-7.571	-0.880	-3.048	-1.798	0.143	-6.453	-5.186	-9.293	-3.953	2.238	7.208	0.996	5.665	3	Cars
-26.597	-13.507	-22.043	0.701	10.948	2.546	15.305	22.281	28.108	23.343	27.529	22.088	3.201	2.658	-57.035	-8.694	-16.842	-28.348	-12.819	-2.092	-0.971	-8.565	-16.506	11.089	21.909	26.650	24.294	26.064	3	ScrambledCars
-10.698	-3.025	-8.967	-3.470	-2.098	-0.953	7.039	3.267	10.361	12.541	8.728	22.542	3.918	-4.210	-17.672	-12.201	-11.373	-1.018	-15.136	-15.856	-11.716	-0.407	-1.058	1.528	11.656	15.904	12.925	16.339	3	ScrambledFaces
-16.544	-11.051	-15.406	-11.868	-13.025	-11.611	-5.118	8.165	17.651	8.573	24.534	16.937	-6.217	-9.509	-21.995	-12.695	-4.443	-7.647	-3.754	-5.945	-7.325	-6.505	-4.179	0.276	15.164	23.245	15.295	25.861	3	ScrambledCars
-19.785	-16.248	-15.574	-4.711	8.876	-6.879	14.190	30.386	35.960	20.118	28.536	11.474	-6.414	-8.184	-28.855	-10.138	-10.560	-10.513	12.009	-4.741	-8.465	-8.394	-7.803	-15.045	6.570	12.629	1.464	13.534	3	Faces
-11.848	-6.772	-18.329	-2.845	5.693	-9.846	7.717	10.101	16.459	16.863	15.684	3.747	-1.676	0.830	-17.799	-4.799	-9.242	-4.486	3.300	-0.291	3.151	3.800	-4.624	-1.176	9.806	11.435	9.869	16.062	3	ScrambledFaces
-11.767	-8.383	-1.492	-6.142	-11.221	-6.520	-8.508	5.592	7.688	7.860	6.862	11.497	-4.458	-14.159	-11.536	-21.456	-21.841	6.028	1.667	-21.946	-15.994	-2.695	5.737	6.410	15.394	23.047	22.312	19.190	3	ScrambledFaces
-27.121	-24.594	-22.376	-18.049	-13.062	-8.827	12.319	20.915	31.560	25.312	27.214	45.337	4.041	-1.986	-44.547	-12.444	-15.757	-15.710	-14.225	-8.698	-6.399	-16.475	-17.766	6.870	14.829	21.304	21.024	24.674	3	ScrambledFaces
-11.921	-11.226	-19.887	-8.049	2.868	-5.164	8.123	-1.459	4.685	14.965	14.930	20.177	6.426	8.109	-20.197	-3.135	1.528	-6.913	24.622	2.553	5.476	5.394	-1.949	4.700	12.421	11.087	10.014	11.692	3	Faces
-10.443	-10.868	0.883	-9.470	-11.619	-2.522	-8.508	14.017	17.054	3.169	2.627	10.447	-13.291	-16.061	-7.898	-14.236	-5.605	-0.604	0.762	-13.312	-14.992	-5.007	4.732	-2.275	10.230	19.235	8.640	15.251	3	ScrambledFaces
-5.829	-1.083	-1.277	-1.528	-5.359	-2.966	10.453	4.871	4.172	19.320	18.413	8.981	12.672	-2.032	-14.454	-9.683	-16.287	-3.265	-11.323	-16.053	-13.783	-20.266	-12.565	-0.729	5.005	11.533	12.958	13.399	3	ScrambledCars
-13.195	-11.684	-5.847	-14.660	-9.205	-10.814	-1.771	13.716	17.953	9.997	11.788	9.573	-16.486	-16.843	-8.190	-13.057	-11.260	11.583	-15.967	-15.378	-15.464	-5.678	-0.703	1.117	12.256	22.349	9.333	18.616	3	Cars
-15.414	-11.284	1.350	-6.367	-1.626	3.098	6.508	12.707	18.387	18.788	17.448	19.702	1.112	-7.868	-25.983	-21.656	-25.351	-11.314	-46.194	-26.232	-15.688	-19.999	-12.026	10.526	17.539	30.452	24.971	26.604	3	ScrambledFaces
-19.523	-11.734	-18.835	-4.733	-8.676	-12.527	4.904	10.135	17.752	16.836	20.500	16.712	9.289	1.184	-35.487	-10.267	-15.131	-11.931	-5.004	-5.869	0.456	1.414	-2.629	10.410	19.821	22.910	21.910	26.007	3	ScrambledCars
-15.765	-14.788	-12.378	-14.305	-11.842	-8.676	-5.068	13.727	13.461	7.418	6.025	21.482	-10.492	-15.111	-17.888	-6.027	-3.985	0.960	-4.040	-10.166	-16.216	-17.880	-8.257	-6.712	6.638	14.946	13.143	12.006	3	Faces
-16.333	-12.303	-4.676	-7.460	-6.285	3.030	4.450	8.486	18.957	13.107	16.886	28.237	-0.152	-5.497	-31.372	-17.604	-2.825	-15.336	-14.887	-15.175	-11.800	-7.808	-4.787	5.034	11.303	15.698	13.592	19.952	3	ScrambledFaces
-11.397	-4.539	-9.578	-12.948	-8.167	-2.534	-4.040	18.087	17.081	4.929	13.114	7.514	-13.960	-10.148	-19.083	-4.096	4.288	-7.868	-1.849	1.676	-4.401	-4.106	-4.204	-3.209	6.465	11.263	9.473	13.424	3	Cars
-18.243	-18.317	-11.533	-11.431	-7.340	-8.097	-0.332	11.876	23.677	12.382	22.650	10.482	-7.134	-3.109	-28.563	-7.093	-16.917	-14.261	-9.520	4.050	6.342	-13.312	-15.001	-5.935	8.270	16.588	11.970	18.282	3	ScrambledFaces
-5.895	-3.059	-10.938	-1.079	4.921	-4.332	6.113	1.640	7.758	4.595	8.350	5.552	-5.258	-4.893	-11.534	5.023	5.318	-4.143	11.803	2.682	-3.916	0.644	-11.493	-9.904	3.271	7.547	-0.116	5.567	3	Faces
-23.809	-23.390	-15.484	-13.043	-4.936	-4.604	11.379	14.222	26.311	27.171	28.680	30.512	6.099	-3.489	-34.815	-19.859	-21.905	-9.899	-20.851	-18.569	-12.895	-15.015	-13.372	5.030	16.117	24.695	21.798	29.331	3	ScrambledCars
-4.867	2.782	-4.606	13.077	16.175	13.818	11.055	2.548	14.840	9.698	5.595	13.745	1.700	8.746	-19.092	-6.759	-7.011	-16.302	-3.931	-0.350	5.554	5.626	-7.487	4.775	3.993	1.429	4.196	-1.545	3	Faces
-15.316	-9.700	-15.043	1.015	3.716	-2.480	11.029	7.699	15.111	19.680	24.953	23.547	11.923	4.652	-36.277	-6.631	-2.134	-21.736	-0.456	-1.458	0.152	-10.038	-14.100	4.343	10.921	12.573	14.938	19.860	3	Cars
-6.686	-4.846	-12.075	-1.313	6.968	-4.309	11.492	6.740	8.012	11.892	9.014	5.482	12.712	11.079	-15.055	-1.578	-5.147	-10.280	-0.029	5.667	9.352	6.465	-5.346	5.643	9.015	8.668	11.741	7.212	3	Cars
-15.377	-10.854	-20.512	-5.576	2.069	-8.296	5.395	-2.113	5.764	6.453	7.049	12.274	5.287	5.729	-23.623	-4.543	-16.095	-6.136	8.823	7.573	10.291	9.203	0.788	12.947	20.614	22.073	15.127	21.573	3	ScrambledCars
-21.206	-19.459	-20.494	-4.298	0.589	-8.212	11.417	7.277	15.714	21.591	21.586	17.965	14.132	4.012	-41.789	-5.530	-8.234	-15.923	0.727	2.370	2.747	0.317	-5.671	11.911	16.053	14.013	20.366	18.789	3	Cars
-8.444	-4.758	-2.473	-3.902	-10.662	-5.165	-9.447	2.392	6.601	2.904	0.768	4.707	-11.662	-15.880	-13.667	-3.753	2.365	1.732	-2.968	-8.252	-11.827	-5.238	1.940	-3.788	7.965	13.099	13.338	16.044	3	Cars
-9.593	-5.739	-11.628	-5.397	-6.528	-9.662	2.663	6.557	13.593	12.637	21.730	3.968	-4.894	-9.307	-14.899	0.588	-5.888	-5.025	-8.292	0.830	-8.023	-27.523	-19.372	-5.652	5.584	14.969	9.533	15.809	3	ScrambledFaces
-13.733	-9.899	-16.775	-11.029	-7.404	-8.572	1.156	3.999	9.043	12.632	13.128	8.458	-0.444	-5.207	-19.640	-6.507	0.607	-2.280	2.072	-11.253	-10.628	-3.896	-4.296	3.021	12.869	17.195	13.881	18.276	3	ScrambledCars
-7.838	-4.285	-0.669	-3.344	3.420	5.394	-0.932	9.167	14.753	4.082	21.858	22.435	-11.847	-14.629	-15.687	-3.055	-9.345	-13.581	-2.963	-10.362	-11.693	-11.235	-12.561	-10.692	3.968	13.848	5.483	13.797	3	Faces
-3.249	-1.030	-4.845	-1.441	0.095	-1.209	-1.195	2.073	4.384	3.775	11.382	-1.748	-1.566	-4.254	-4.836	-5.130	-4.210	-9.458	-4.199	-0.646	-2.790	-10.831	-11.161	-5.913	0.549	5.638	4.934	11.124	3	Cars
-8.229	-3.851	1.543	4.521	-1.829	2.766	-4.557	7.746	14.387	3.005	2.863	8.126	-16.507	-22.865	-9.033	-9.774	-2.083	2.468	0.498	-12.200	-18.225	-11.568	-4.058	-9.260	5.830	15.312	1.612	10.022	3	Cars
-11.807	-1.430	-1.873	4.978	4.488	3.951	8.289	12.965	16.333	16.063	30.780	12.803	0.885	-5.164	-27.115	-13.729	-12.729	-15.342	-12.492	-13.324	-10.438	-27.028	-20.961	-11.876	7.343	20.180	8.326	17.589	3	Faces
4.053	6.528	2.232	4.089	-4.641	-4.135	-10.975	-7.991	-0.415	-0.166	7.820	16.066	-6.922	-6.005	2.864	5.806	6.957	-4.017	0.114	5.662	-2.989	-10.483	-8.346	-7.714	3.286	10.980	5.549	15.442	3	ScrambledFaces
-21.978	-20.146	-20.738	-17.647	-14.474	-16.135	10.208	10.966	22.877	26.070	22.911	21.017	12.946	5.201	-38.104	-16.498	-13.643	-18.991	-8.373	-8.664	-2.305	1.705	-2.960	12.458	18.115	19.113	22.787	23.663	3	ScrambledCars
-14.806	-7.061	-17.735	-5.638	-4.442	-5.498	6.001	4.629	6.793	15.029	22.886	16.910	10.049	5.866	-28.827	-8.584	-17.213	-13.375	-15.022	-7.040	1.487	-5.595	-7.180	16.426	18.283	20.868	27.119	20.422	3	ScrambledCars
-16.430	-16.077	-14.311	-21.471	-22.056	-13.550	4.250	14.366	22.866	20.277	23.016	18.170	-0.878	-8.725	-20.232	-12.727	-8.802	-6.935	-6.151	-16.853	-14.437	-9.158	-6.768	1.245	13.298	22.104	15.633	21.686	3	ScrambledCars
-10.602	-11.178	-1.352	-1.770	-6.787	0.624	2.056	0.099	9.136	10.823	17.835	21.345	-0.180	-3.858	-18.473	-13.555	-4.387	-9.043	-9.774	-10.211	-8.763	-12.453	-9.901	2.056	9.671	16.941	15.015	18.151	3	ScrambledFaces
-6.659	-5.033	-4.132	-9.342	-5.620	-6.007	-6.525	1.336	7.189	6.687	13.361	4.073	-11.178	-6.844	-11.496	-1.500	-2.552	-4.168	5.793	2.384	-3.319	-1.577	-2.030	-1.353	7.741	12.366	7.785	13.597	3	ScrambledCars
-2.838	6.531	-3.267	13.177	13.158	8.725	5.092	9.596	13.767	8.447	5.104	-4.452	-6.298	-0.755	-15.396	8.235	-6.514	-12.382	-3.806	11.595	3.547	-7.000	-6.380	-4.126	3.480	5.010	-0.349	9.255	3	ScrambledFaces
-4.537	-0.366	4.039	6.315	-3.938	1.766	-2.737	10.212	11.771	3.541	5.573	14.300	-16.643	-16.641	-8.798	-3.322	-3.654	-3.737	2.045	-6.811	-13.976	-2.220	-0.411	-10.573	3.152	9.529	1.491	10.472	3	ScrambledFaces
-12.322	-11.471	-8.024	-5.063	-6.108	-7.744	3.102	9.843	13.069	9.468	15.576	7.035	5.346	2.901	-21.127	-7.427	-9.052	-11.990	4.598	-4.029	-0.749	2.784	-2.054	6.053	14.815	19.736	12.438	10.111	3	ScrambledCars
-4.024	-4.181	-3.932	-3.067	-1.933	-4.857	1.345	2.714	6.040	7.875	16.489	6.162	1.201	-3.226	-9.344	-2.415	-4.398	-13.205	-6.223	-2.913	-5.742	-5.809	-11.140	2.686	4.255	8.643	8.107	15.158	3	Cars
-21.469	-15.905	-19.821	-9.519	-9.484	-5.971	4.797	8.207	21.731	17.835	28.126	22.220	4.839	-2.395	-36.063	-11.889	-17.324	-18.170	-1.257	-3.526	-2.921	-1.762	-3.302	8.078	22.578	28.257	21.671	19.847	3	Faces
4.415	10.454	3.994	6.573	-1.114	1.411	-3.601	4.838	10.690	3.206	8.497	7.148	-9.907	-15.462	-1.095	10.120	5.585	-4.990	-4.418	-2.211	-14.270	-22.712	-16.483	-8.628	-4.152	2.853	2.959	9.588	3	ScrambledCars
-11.988	-19.636	-6.230	-8.803	2.807	0.305	11.787	8.336	20.096	19.394	10.034	12.604	9.117	3.697	-15.707	-14.002	-12.624	-14.420	-7.296	-6.314	2.618	-11.222	-13.567	1.100	11.120	19.702	17.491	23.808	3	ScrambledFaces
-15.693	-12.958	-8.419	-3.563	4.711	-0.415	14.812	12.277	15.241	22.941	14.275	11.836	9.061	1.525	-32.835	-13.385	-13.785	-21.008	-10.204	-12.989	-9.850	-3.830	-10.487	11.228	15.585	20.235	15.241	16.528	3	ScrambledCars
4.435	7.584	12.678	8.924	-4.445	2.465	-15.828	-4.354	-2.703	-12.716	-4.783	-0.344	-26.369	-18.046	5.537	6.930	1.921	5.052	-0.147	-2.045	-8.080	-8.943	-3.785	-11.630	-3.190	4.278	-3.905	0.908	3	Faces
-19.836	-17.975	-4.447	-8.678	2.230	9.350	16.886	22.576	22.079	20.881	14.896	14.045	4.827	4.392	-39.682	-16.393	-20.667	-23.458	-10.083	-10.554	-6.353	-8.796	-6.027	13.533	16.399	20.761	19.329	17.537	3	ScrambledFaces
-22.339	-24.494	-24.167	-19.592	-12.451	-19.042	2.022	13.829	22.498	20.718	23.709	9.033	5.381	-0.706	-27.672	-9.058	-6.710	-5.565	-1.236	-5.448	-2.698	-1.834	-2.946	6.796	18.988	23.950	19.372	20.063	3	Faces
-7.398	-3.691	-2.485	1.379	2.287	0.451	1.433	-0.058	4.038	7.256	-0.181	16.709	-2.366	-4.057	-18.322	-3.193	1.945	-7.581	-1.355	-4.459	-4.685	-4.328	-1.135	2.400	10.648	13.848	9.436	9.179	3	ScrambledCars
-5.220	0.766	2.173	-1.068	-7.478	1.130	-8.835	3.048	11.099	0.986	16.093	10.005	-18.491	-18.721	-9.684	-6.660	-4.264	-4.688	-0.519	-10.098	-14.238	-4.535	-3.888	-7.626	3.091	10.017	3.175	9.546	3	Faces
-17.689	-13.053	-6.546	-8.352	-2.730	-3.453	3.279	16.826	13.085	3.178	10.021	16.372	-8.939	-13.845	-23.639	-13.798	-8.458	4.752	-3.718	-19.871	-15.066	1.197	5.531	-1.584	11.786	17.007	12.678	15.355	3	Faces
-10.512	-16.106	-15.852	-8.452	-2.065	-6.559	4.262	1.017	9.511	14.564	12.584	8.052	5.583	10.062	-12.573	-2.288	-1.984	-6.495	4.912	4.859	11.648	9.463	-3.257	9.075	12.706	13.323	10.931	12.028	3	ScrambledCars
-26.807	-25.708	-7.106	-16.824	-15.007	-3.498	7.454	17.375	24.116	22.680	27.035	30.626	4.779	-8.355	-41.371	-30.720	-28.830	-17.569	-22.293	-26.922	-20.193	-15.294	-11.913	10.377	23.271	37.369	30.478	33.973	3	ScrambledCars
-7.996	-3.263	-7.933	-1.559	-6.563	-11.943	2.857	3.254	12.639	10.973	21.698	13.569	-3.029	-6.815	-15.950	-3.423	1.324	-4.745	-0.625	-5.757	-7.706	-6.188	-4.812	-0.809	8.963	13.260	9.101	14.251	3	Cars
-15.257	-17.083	3.357	-9.278	-2.602	1.074	6.516	17.640	21.219	14.667	22.084	16.983	-4.585	-10.774	-20.284	-22.932	-18.777	-7.831	-18.493	-19.077	-15.019	-20.007	-14.052	-2.362	8.533	21.516	13.455	19.105	3	ScrambledFaces
-10.954	-10.494	-7.908	-8.968	-8.263	-7.492	0.845	11.361	16.801	15.999	12.937	3.298	-4.967	-6.279	-12.046	-11.488	-9.490	-3.718	-3.062	-11.753	-12.379	-5.795	-2.197	2.540	11.143	17.424	12.428	16.472	3	Cars
-21.667	-15.946	-13.228	-11.203	-1.659	-4.629	10.625	17.686	22.109	17.226	18.399	7.500	1.676	-3.378	-39.293	-11.287	-17.662	-12.378	-10.945	-7.849	-6.706	-16.410	-16.625	0.820	14.362	23.551	22.654	25.427	3	ScrambledFaces
-15.716	-10.221	-22.352	-6.080	-0.041	-5.948	5.472	13.088	14.548	10.595	15.649	10.492	1.669	-0.311	-22.867	-6.354	1.743	-5.110	5.524	2.099	5.988	2.662	0.150	4.010	8.602	5.773	6.891	6.582	3	Cars
