FP1	F3	F7	FC3	C3	C5	P3	P7	PO7	PO3	O1	Oz	Pz	CPz	FP2	Fz	F4	F8	FC4	FCz	Cz	C4	C6	P4	P8	PO8	PO4	O2	ID	Condition
-10.999	-7.685	-5.418	-4.084	-0.501	4.255	0.934	2.779	3.016	4.989	6.019	4.686	3.097	1.322	-7.472	-7.806	-8.789	-5.980	-4.579	-4.359	-0.400	-6.855	-4.673	1.966	5.504	7.921	10.584	5.958	4	Faces
-8.710	-11.366	-9.098	-7.312	-3.464	-4.645	1.268	6.128	7.190	8.482	8.798	4.955	-3.118	-5.624	-6.307	-4.681	-5.933	-2.650	-9.161	-5.662	-8.078	-7.957	-6.304	2.783	20.991	20.168	8.302	7.935	4	ScrambledCars
4.025	0.929	-0.088	0.718	1.120	-44.323	-5.243	-5.563	-7.834	-1.348	-1.984	1.562	-0.039	0.689	1.624	5.987	7.522	6.150	7.141	5.665	2.631	3.194	6.205	-0.526	7.482	10.804	7.389	3.191	4	Faces
-10.974	-4.757	-11.837	-1.261	-7.223	-5.065	2.050	4.210	5.396	4.192	4.717	2.752	-0.074	-4.507	-9.049	1.954	2.709	-3.116	-1.180	-2.113	-1.101	5.742	5.492	7.592	12.497	10.467	7.699	4.680	4	ScrambledCars
-2.248	-2.642	-1.547	-8.983	-4.417	-4.466	6.220	8.433	11.470	9.625	6.012	4.814	-0.092	-3.182	-0.625	-11.019	-5.845	-5.016	-4.645	-8.463	-4.343	0.663	2.466	-0.391	7.158	11.892	6.140	7.710	4	Cars
-9.624	-1.214	-0.471	-1.691	-8.124	-7.382	-4.439	0.311	2.481	1.004	1.290	1.936	-0.624	-1.992	-8.494	-2.044	0.601	-4.837	0.650	2.590	-2.264	-3.162	0.148	4.014	12.013	14.120	6.969	6.535	4	ScrambledCars
-15.242	-11.824	-8.548	-6.529	-5.892	-5.257	-1.457	-1.142	0.856	3.577	6.633	6.418	1.987	-0.431	-10.552	-6.883	-1.022	0.114	1.705	-0.983	-0.040	1.897	3.622	9.557	8.102	15.467	11.727	9.492	4	Faces
-8.365	-9.314	-9.879	-6.059	-4.026	-2.346	1.355	1.050	3.593	-3.000	3.500	2.554	-4.859	-8.498	0.384	-5.660	2.961	4.964	-1.558	-4.905	-5.564	1.410	-0.015	0.399	11.592	13.554	5.765	3.627	4	ScrambledFaces
0.591	-3.457	-0.020	-5.687	-1.551	-3.429	-5.852	-5.755	-5.613	-4.151	-2.178	-4.901	-3.377	0.902	0.739	1.526	6.600	3.202	5.718	3.203	2.563	4.844	6.644	0.632	1.590	3.590	1.562	-0.701	4	Cars
-7.846	-7.479	-5.283	-8.295	-3.476	-0.780	5.606	7.697	10.040	7.398	11.315	10.712	8.068	0.128	-15.887	-12.538	-11.339	-7.102	-9.974	-5.364	-7.934	-4.787	-3.735	9.686	9.735	15.159	12.054	10.736	4	ScrambledCars
-14.836	-9.695	-8.790	-10.217	-6.890	-7.237	4.116	3.970	6.868	12.737	13.535	12.009	7.081	1.056	-13.868	-8.913	-7.567	-11.395	-4.644	-7.597	-4.111	0.409	-8.545	10.575	7.544	13.219	13.510	4.574	4	Faces
-4.986	-2.764	-6.040	-3.513	-2.366	-2.228	4.843	-3.028	2.186	7.670	10.926	8.372	5.199	1.422	-7.867	-6.532	-3.913	-6.677	-4.890	-4.769	-1.634	-10.391	-2.861	4.354	9.624	14.944	8.263	9.044	4	Faces
-15.244	-9.248	-12.583	-6.259	-1.547	-12.116	-1.899	-4.728	0.945	0.971	0.267	3.413	1.880	4.345	-9.456	-4.326	-1.385	2.171	5.340	-1.873	0.284	6.592	6.167	14.001	12.012	10.893	12.355	6.929	4	Faces
-17.831	-8.572	-9.354	-7.694	-2.302	-2.245	5.892	5.804	7.124	8.398	10.151	7.217	10.378	1.733	-21.322	-14.913	-11.379	-9.195	-11.081	-11.264	-6.957	-0.634	-2.954	14.234	13.827	15.214	17.455	13.024	4	ScrambledCars
1.884	2.751	-3.685	-2.503	0.495	-2.738	1.447	-2.855	-2.090	5.493	4.047	-0.690	1.686	1.520	-4.846	-0.274	0.892	-6.410	3.673	-0.220	2.255	1.686	2.502	4.376	1.747	0.042	2.383	-0.902	4	Cars
-13.011	-12.302	-5.667	-10.528	-3.292	-1.179	4.944	2.827	8.582	6.733	14.785	12.415	5.544	-3.076	-14.229	-14.622	-10.327	-0.757	-9.692	-14.329	-9.889	-7.926	-3.991	6.620	9.834	16.048	14.168	15.503	4	Faces
-6.343	0.469	-3.481	-4.763	-1.060	-3.191	0.504	2.485	-0.256	9.053	3.408	4.642	1.105	-1.187	-3.631	-5.109	-4.228	4.987	-3.697	-5.417	-5.137	-4.540	-3.071	2.199	3.383	14.235	6.630	6.133	4	Faces
-12.479	-9.134	-7.130	-8.081	-9.033	-9.256	1.700	-1.831	3.861	9.709	-0.653	7.048	0.735	-5.827	-9.814	-11.589	-2.378	4.342	-3.327	-14.912	-11.537	2.286	4.158	8.186	16.967	22.509	12.427	11.171	4	ScrambledCars
-14.621	-6.174	-7.557	-4.168	0.565	-2.282	5.131	4.900	7.455	2.615	10.943	9.135	1.753	-1.890	-15.690	-4.672	-8.255	-3.547	-6.971	-5.611	-2.395	-5.354	2.480	6.693	14.289	13.247	8.697	9.671	4	ScrambledCars
9.537	-5.853	-5.493	-7.133	-10.378	-10.270	-5.893	-13.700	-8.973	0.317	-0.652	-2.177	-1.299	-0.812	11.258	1.493	0.351	7.522	1.030	-0.547	-5.071	0.819	4.488	2.099	5.159	9.869	5.506	3.390	4	Faces
3.403	-1.423	3.131	-4.451	-5.292	-2.460	-5.754	0.157	-2.796	-1.107	-0.376	-2.825	-9.180	-9.421	3.783	-6.183	-4.162	5.314	-4.444	-6.116	-5.255	-2.275	-3.811	-2.238	7.643	9.318	0.033	0.127	4	ScrambledFaces
-18.616	-1.092	-7.772	0.880	-2.454	-4.258	-3.234	-5.610	0.066	-1.926	1.776	9.409	0.653	-2.530	-19.514	1.067	1.677	-1.169	5.298	4.663	2.568	1.101	3.315	6.693	10.276	10.582	11.142	7.071	4	Faces
-14.041	-9.804	-11.699	-6.067	-3.966	-6.146	7.455	1.781	5.893	10.065	7.666	9.909	4.626	0.174	-15.322	-12.812	-8.298	-8.443	-5.465	-9.625	-2.614	-5.927	0.144	12.610	15.817	22.058	16.740	13.318	4	ScrambledFaces
0.957	-9.950	-11.039	-8.385	-8.919	-7.913	-2.754	-3.249	-1.360	0.950	-3.705	-1.465	-3.745	-1.714	2.285	-1.978	1.918	5.650	2.994	0.836	-1.592	2.365	5.489	6.180	12.007	17.843	6.547	6.029	4	ScrambledCars
-3.276	-0.454	5.754	-1.319	-0.600	1.506	-3.569	0.114	-5.220	1.395	1.627	1.164	-6.217	-8.982	-9.535	-0.870	-2.843	-2.458	-0.616	-1.990	-6.765	-2.766	1.856	1.489	6.230	5.190	1.757	3.007	4	Cars
-8.326	-3.311	-6.833	-2.598	-2.889	-4.885	-1.162	-2.678	-0.143	-1.316	-3.160	-1.626	-2.801	-1.404	-3.509	2.849	2.746	-4.839	4.129	3.912	1.864	7.703	1.386	6.156	11.401	13.171	6.836	4.127	4	ScrambledCars
-3.367	-1.230	-1.841	0.188	-5.015	-1.750	-5.045	-8.211	-3.305	-2.448	-2.049	4.575	-4.532	-5.423	-8.435	3.978	2.540	0.037	0.289	2.108	-4.722	-1.999	-4.680	0.690	4.980	10.751	7.045	7.084	4	Cars
-19.524	-7.286	-13.405	-7.592	-5.524	-1.393	-1.299	-5.467	0.663	4.337	4.354	3.108	3.764	0.849	-14.642	1.757	-1.425	-2.591	-0.008	0.977	-0.661	-2.459	2.452	13.498	12.301	12.244	11.734	8.015	4	ScrambledFaces
-14.825	-6.363	-7.356	-0.359	-0.341	-4.566	6.806	4.444	10.819	13.257	10.973	7.528	3.297	2.022	-17.198	-8.034	-10.136	-7.694	-8.699	-3.779	-3.562	-7.286	-4.327	11.234	9.746	17.118	12.074	8.757	4	ScrambledFaces
-16.704	-0.974	-13.455	-3.169	2.554	-4.838	4.180	-0.809	0.291	6.424	2.476	6.834	12.979	11.325	-17.695	0.881	-1.318	-6.768	0.879	6.800	5.698	6.677	0.898	11.281	4.383	14.529	13.588	7.239	4	Cars
-3.264	-0.020	-1.224	0.508	-2.339	-1.066	-3.925	-7.260	-5.139	-0.007	-0.050	-0.575	-5.902	-3.106	-2.862	1.262	-0.146	-5.771	-1.240	3.162	-0.259	0.882	1.120	2.998	2.858	3.672	4.501	3.161	4	Cars
-14.002	-19.083	-16.350	-14.379	-8.735	-11.760	1.410	-5.039	0.287	6.294	6.101	10.429	4.345	3.060	-9.021	-10.850	-2.563	4.754	-1.106	-4.499	-2.101	3.326	6.957	13.063	17.446	20.829	18.762	15.546	4	Cars
-12.784	-4.816	-4.454	-0.845	-2.451	-3.671	-1.700	-5.154	-5.292	-0.143	0.724	0.751	0.025	0.863	-15.466	3.657	1.494	-4.730	2.379	4.642	1.944	0.493	6.508	6.734	12.469	12.825	9.315	6.940	4	Faces
-11.670	-4.158	-7.243	-4.001	-1.436	-3.587	1.852	1.582	2.463	6.532	3.478	4.533	5.640	5.071	-6.142	-6.119	-3.972	-4.234	0.827	2.840	2.546	-0.795	-0.697	3.723	12.092	12.004	8.684	7.095	4	ScrambledCars
-8.335	-7.895	-3.874	-8.865	-3.031	-0.517	-0.796	3.783	4.459	8.496	8.271	5.466	-7.814	-9.514	-7.104	-9.227	-9.099	-1.597	-12.307	-9.694	-9.877	-6.370	-3.155	2.732	12.960	16.136	9.599	8.199	4	ScrambledCars
-1.575	-14.028	-6.323	-13.836	-12.551	-10.578	-4.406	-2.812	-2.077	1.747	2.308	4.956	2.944	-1.602	-1.712	-8.117	-9.666	2.691	-6.177	-9.784	-6.537	2.563	5.428	11.184	12.655	13.280	10.690	4.795	4	Cars
-10.558	-6.246	-8.615	-7.053	-9.062	-5.238	1.208	-4.493	-0.711	6.680	2.659	2.872	-1.913	-6.703	-0.379	0.041	18.756	-3.123	-1.361	-5.607	-7.146	-4.434	-1.108	3.440	5.770	2.481	8.173	4.969	4	ScrambledFaces
-6.784	-2.714	-8.822	1.067	1.863	-4.219	2.709	-8.513	-3.576	6.187	-2.950	-1.167	4.760	5.978	-1.241	3.366	1.833	-6.985	4.350	8.332	8.979	7.385	-2.465	7.165	3.331	6.636	3.696	1.305	4	Faces
-4.010	-1.434	-0.961	-0.485	-5.545	-0.524	-5.250	-6.954	-3.498	-4.586	-0.177	4.628	-1.792	-5.882	-4.822	1.015	3.907	4.404	-0.924	-0.133	-4.697	-4.066	1.551	-2.828	5.041	4.400	10.026	2.268	4	Cars
9.728	2.753	4.804	-0.539	-1.465	-2.172	-4.666	0.891	-0.359	2.019	3.692	-0.426	-8.018	-8.330	-0.661	2.566	-1.857	-0.145	-6.864	-0.640	-6.204	-10.322	-6.997	-4.750	0.742	9.841	-0.182	1.193	4	Faces
-10.328	-2.689	-7.070	-6.850	-0.157	-0.716	6.536	0.773	5.409	10.478	2.645	7.613	4.890	-0.139	-17.725	-2.680	-4.833	-8.525	-1.903	-2.809	-5.880	3.147	-0.969	8.061	7.831	11.858	13.549	9.676	4	ScrambledFaces
-6.143	-2.574	-7.591	-3.628	-5.354	-1.202	0.471	1.803	4.208	3.263	2.839	3.030	-4.118	-3.282	1.933	-1.610	0.508	-0.981	0.599	-3.313	-3.932	1.484	1.093	2.189	6.603	6.463	5.966	5.028	4	Faces
-21.245	-9.327	-9.118	-6.708	-4.812	-5.598	1.676	0.280	3.962	2.100	9.202	11.454	4.017	2.039	-17.152	-11.510	-7.901	-2.803	-4.549	-8.212	-2.826	-0.948	1.529	13.646	12.671	18.762	16.025	15.369	4	Cars
-1.881	3.955	3.735	0.657	0.001	0.239	0.101	1.072	2.317	0.625	-2.120	-1.663	-4.956	-6.506	-0.331	2.359	0.119	10.083	-1.518	1.413	-6.626	-5.971	-3.517	-2.706	-1.231	3.512	-3.472	-4.608	4	ScrambledCars
-2.209	-0.385	-3.718	-0.699	-6.317	-2.707	-5.571	-5.831	-6.885	-8.782	2.710	-1.867	-0.783	-0.190	1.166	-1.007	4.602	6.060	-1.770	-1.907	-3.390	3.436	1.620	3.881	6.707	1.066	5.613	0.529	4	Cars
-3.405	-7.304	-4.964	-10.935	-7.965	-7.034	-4.594	-3.742	-4.452	-1.488	-0.333	0.787	-7.486	-8.371	1.027	-6.387	-1.047	6.056	-4.641	-10.478	-11.968	-1.769	0.389	2.025	15.857	19.441	9.678	6.290	4	ScrambledCars
-10.130	-11.243	-9.713	-10.087	-9.286	-6.513	-1.949	2.751	1.480	5.132	3.827	2.588	-0.754	-5.345	-2.780	-5.985	-0.129	-0.206	-5.482	-11.040	-10.118	-2.449	2.013	9.026	9.463	11.244	11.061	6.280	4	ScrambledFaces
-12.976	-3.988	-7.018	-3.873	-5.242	-7.312	-0.212	-5.444	-2.118	-0.894	-0.638	7.585	6.392	6.251	-9.632	1.452	1.617	-3.414	3.086	2.869	3.887	1.180	2.393	8.814	6.102	11.981	11.497	9.367	4	Cars
-0.896	3.588	0.997	-4.693	-6.585	-3.560	-4.372	-3.896	1.792	-1.457	4.404	4.796	-5.514	-10.432	-6.107	-4.305	-0.455	0.152	-4.644	-8.701	-12.692	-8.306	-3.813	0.155	6.693	7.371	8.629	7.964	4	Faces
-8.499	2.186	-6.981	2.771	5.805	-2.169	4.379	-2.357	0.560	-0.485	-1.833	2.524	3.265	5.661	-7.253	7.661	0.300	-10.319	1.375	10.016	5.438	4.439	-3.479	4.198	2.640	3.519	6.580	0.006	4	ScrambledCars
-2.161	2.372	-2.103	4.864	-3.212	1.114	-6.390	-10.064	-5.620	-5.584	-1.097	0.202	-5.333	-5.585	-0.793	4.371	6.670	4.703	2.253	0.775	-6.955	-0.734	3.035	0.552	3.083	3.567	-0.983	0.638	4	Cars
-5.166	-4.066	-5.651	-4.559	-3.707	-1.352	-4.066	3.221	2.760	-1.937	3.422	-0.047	-5.825	-7.103	0.211	-6.667	1.690	3.306	-2.696	-5.260	-7.440	0.145	1.456	-0.916	10.179	11.100	4.583	5.175	4	Faces
7.606	0.007	-0.638	-4.389	-5.613	-2.507	1.461	2.097	4.197	5.914	1.998	4.831	-11.136	-10.593	6.182	-4.069	-5.368	-0.970	-7.572	-3.956	-5.946	-3.866	-0.494	-4.163	5.455	4.792	1.955	2.827	4	Faces
-8.616	-5.378	-6.993	-6.286	-4.780	-6.182	-1.305	0.519	5.826	5.056	2.516	6.708	-5.672	-10.358	-2.556	0.703	1.377	0.524	0.864	-3.856	-6.186	-3.706	0.505	2.280	8.297	10.341	6.602	8.598	4	ScrambledCars
-1.069	-3.564	0.911	-2.051	-2.178	-3.851	-5.646	-6.809	-3.602	-2.591	1.635	0.588	-3.612	-4.516	3.693	1.217	0.317	-1.892	-0.584	-2.382	-4.343	-3.541	-2.261	-0.341	7.230	3.574	3.861	3.270	4	Faces
7.435	-1.628	-0.272	-7.852	-9.818	-1.534	0.287	0.871	4.587	4.469	2.853	-1.073	-5.545	-8.795	5.100	-0.996	1.246	9.329	-5.161	-5.467	-9.772	-6.100	-1.524	-2.290	5.016	7.519	-1.172	0.802	4	ScrambledFaces
-2.932	-12.892	-8.688	-5.681	-6.316	-3.633	3.130	8.561	10.771	8.201	5.444	8.966	-4.088	-9.705	-4.861	-9.610	-6.494	2.406	-8.112	-12.877	-11.956	-9.389	-3.102	1.973	13.637	19.277	8.821	11.881	4	ScrambledFaces
-6.760	0.298	1.949	1.123	2.812	0.112	3.937	0.968	2.450	7.537	2.867	4.981	2.251	-1.161	-9.219	-5.307	-1.888	-5.461	-5.822	-6.499	-5.021	-5.069	-5.240	2.758	1.948	6.799	5.505	2.949	4	ScrambledFaces
-10.925	-8.153	-7.844	-5.918	-7.503	-8.856	-7.437	-11.422	-8.579	-0.265	-10.262	-0.078	-0.338	-0.498	-2.801	0.660	6.685	9.872	4.400	1.596	-0.582	4.307	3.023	9.739	10.607	5.894	9.397	2.391	4	Cars
-12.545	-5.054	-5.917	-2.586	-1.217	-3.585	4.778	-0.476	0.597	1.045	-2.318	1.849	3.403	3.707	-12.849	-3.193	-0.429	-1.631	3.321	-0.742	5.478	7.542	2.354	8.518	10.062	6.184	8.738	3.823	4	Faces
-3.773	1.562	-0.305	-2.426	-2.757	0.431	1.523	2.564	3.992	1.904	6.218	2.679	-1.108	-3.411	-1.569	-3.067	-4.124	-7.925	-2.010	-3.176	-6.172	-1.155	0.841	-1.299	8.307	7.741	4.617	5.773	4	ScrambledCars
-10.363	-5.571	-2.023	0.920	2.168	0.641	5.128	5.420	8.281	5.008	6.769	6.190	2.166	1.346	-11.389	-7.181	-6.747	-11.937	-4.113	-4.532	-4.224	-2.742	-5.608	5.065	7.762	4.926	7.705	8.252	4	ScrambledCars
3.170	1.480	-5.039	-3.185	-3.697	-4.251	-2.059	-2.895	-0.291	-1.019	-0.327	-0.692	-4.123	-2.416	-4.011	0.737	1.019	-3.696	2.026	1.078	-1.356	3.104	1.312	3.482	5.988	11.898	5.023	0.561	4	ScrambledCars
-7.663	-3.549	-4.390	-4.037	-1.762	-1.710	5.185	2.235	4.054	8.562	7.327	6.113	7.468	4.097	-8.907	-4.508	-6.849	-7.370	-7.558	-4.718	-0.996	-3.144	-5.030	10.339	4.904	2.114	7.415	4.947	4	ScrambledCars
-11.699	1.576	-1.749	-1.966	-3.401	-3.057	0.122	-0.080	-0.928	4.056	0.555	2.362	1.065	-0.995	-2.461	-1.367	2.041	-3.184	-0.668	-4.650	-5.591	-2.160	1.509	2.615	6.095	5.077	7.231	1.139	4	Faces
-0.184	0.289	-2.039	4.251	3.798	-0.912	3.336	-2.883	-3.623	1.234	-1.410	-4.084	4.342	8.711	-2.971	7.124	4.896	-1.036	6.667	5.900	8.770	3.386	1.738	3.257	-0.985	0.728	-0.919	-3.666	4	Cars
3.739	8.144	6.181	2.433	-2.432	-5.516	-9.985	-11.047	-8.850	-7.208	-9.513	-6.135	-3.489	-0.891	6.414	2.990	1.762	4.121	-0.781	1.830	0.889	-1.042	-3.008	-3.187	-0.476	3.537	-0.476	-4.143	4	Cars
-3.366	-3.471	-5.965	-4.215	-2.939	-4.363	4.425	0.683	4.162	5.291	8.119	5.505	-0.233	-1.228	-0.139	-2.774	0.323	-5.801	-0.202	0.370	-0.941	1.911	0.096	-0.584	6.746	9.083	5.665	5.309	4	ScrambledCars
-2.626	5.589	-3.267	6.353	9.137	3.617	0.492	-6.236	-5.694	-2.794	-2.954	-4.850	-0.457	2.790	-2.394	10.753	5.917	1.651	5.268	9.144	6.008	-1.400	-5.653	-0.734	-2.235	0.357	-0.189	-3.363	4	ScrambledCars
-3.359	-5.490	0.514	-4.731	-5.349	-7.240	-0.109	0.419	3.062	3.494	8.901	5.922	0.536	-4.648	-4.048	-1.693	-7.083	-7.397	-8.850	-8.360	-5.975	-9.019	-3.315	0.350	8.112	12.233	7.561	5.752	4	ScrambledCars
-8.421	-4.392	-7.523	-6.042	0.757	-2.529	4.491	0.476	3.507	7.426	-0.366	1.627	0.995	-0.861	-5.132	-5.722	-0.022	3.036	-1.528	-3.825	-3.189	1.132	2.392	6.728	8.740	5.680	3.993	2.173	4	ScrambledCars
-13.573	-11.781	-9.509	-6.658	0.973	-1.398	9.757	0.888	6.228	8.711	6.709	8.742	10.798	7.115	-13.825	-9.436	-15.469	-7.585	-6.309	-3.960	2.756	0.059	-5.683	11.792	6.588	15.665	14.470	6.366	4	ScrambledCars
-10.389	-4.882	-6.697	0.061	-0.761	-3.525	5.187	6.179	5.004	3.130	7.996	6.856	0.778	-5.960	-15.232	-2.202	-6.919	-11.204	-6.732	-3.409	-6.044	-2.917	-0.628	6.961	11.209	21.522	15.466	8.539	4	ScrambledFaces
-1.794	-1.104	-8.952	-0.810	-6.220	-8.014	-0.768	-3.990	2.111	-3.275	7.551	2.772	-5.397	-1.536	-0.952	0.983	0.362	-2.525	0.419	-0.792	-1.991	-1.739	0.322	4.678	9.443	11.548	8.000	7.104	4	ScrambledCars
-2.223	-4.755	-7.247	-11.396	-4.750	-8.468	-6.747	-9.951	-5.504	-5.809	-0.575	3.839	3.261	-0.515	-7.933	-9.072	-4.519	-0.609	-3.382	-4.303	-5.292	-4.069	1.099	7.461	13.332	19.432	14.179	12.085	4	Cars
-8.355	-5.365	-7.052	-6.329	-4.747	-4.426	2.504	4.288	9.335	11.912	10.705	11.456	3.146	-0.943	-6.168	-8.755	-9.906	-7.333	-5.927	-6.226	-4.441	-3.958	-3.864	2.730	3.633	16.921	9.078	10.026	4	Faces
2.346	-3.521	-1.110	-5.378	-11.276	-5.163	-3.519	-8.103	-4.114	-1.372	-0.054	-1.219	-2.875	-2.874	4.288	-0.841	3.220	9.640	0.571	-5.280	-8.122	-2.808	2.882	4.293	7.904	12.343	3.273	0.285	4	Faces
-0.036	-0.893	2.009	0.850	0.795	1.300	-1.313	-1.157	-1.865	-5.786	2.479	0.738	1.175	-0.929	-1.563	5.286	0.341	5.694	1.601	9.718	3.450	1.099	-4.454	-3.001	-0.071	-1.089	-2.197	-0.677	4	Cars
0.564	-2.506	1.050	-4.316	-5.485	-2.377	-2.857	1.375	6.056	1.078	3.708	6.307	-8.574	-13.138	-6.830	-8.908	-9.302	9.999	-7.651	-6.188	-13.681	-9.474	-3.911	-1.951	8.408	13.663	6.875	10.561	4	Faces
-12.811	-11.640	-0.337	-11.302	-6.484	-0.155	4.184	10.612	12.220	4.613	6.432	5.882	-2.286	-9.010	-9.011	-13.378	-13.635	-7.925	-10.665	-11.881	-9.552	-6.381	0.389	6.844	13.771	16.457	13.896	13.654	4	ScrambledCars
-4.237	-4.926	-2.680	-4.463	-5.632	-3.009	3.373	1.082	3.844	15.569	8.894	7.566	-0.339	-9.442	-11.507	-2.726	-6.568	-5.929	-4.272	-3.902	-9.041	-7.224	-4.964	3.685	8.220	9.924	8.981	9.188	4	ScrambledCars
-0.267	-6.172	-7.372	-5.651	-2.857	-5.448	0.516	-4.742	-0.582	-2.759	-1.143	-2.065	-4.624	-3.613	7.018	-1.131	4.168	6.592	1.451	-0.612	-3.071	2.299	4.580	2.706	5.938	2.992	0.800	-0.704	4	ScrambledCars
-7.325	-11.912	-5.513	-9.470	-6.324	-5.032	6.410	1.987	5.357	9.181	4.340	8.400	2.150	-1.265	-7.640	-9.414	-6.418	-9.912	-7.537	-6.580	-6.881	-3.124	-2.425	7.046	7.193	18.857	14.091	10.864	4	ScrambledCars
-3.601	1.356	-1.489	3.810	5.650	-1.719	6.419	1.849	0.679	4.410	-0.891	1.117	2.908	1.061	-2.721	4.105	0.221	-4.209	1.623	1.897	0.673	0.057	-2.276	-1.112	6.683	8.392	2.924	3.357	4	ScrambledCars
-10.513	-4.065	-8.911	1.165	5.020	-4.480	5.459	-1.215	4.211	6.376	3.445	3.617	5.253	8.562	-12.932	2.457	-3.087	-5.117	1.517	6.111	7.889	6.435	0.861	8.139	3.019	3.697	7.407	3.062	4	Faces
-9.770	-3.110	-6.306	-4.023	-4.402	-0.031	-4.265	-4.324	-3.361	0.020	5.677	5.122	0.658	0.605	-8.364	-6.363	-5.731	-8.041	-4.375	-9.246	-6.058	-4.267	1.612	6.096	11.081	16.946	11.157	9.324	4	ScrambledCars
-1.744	-4.920	-2.965	-9.734	-9.465	-5.179	-5.632	-2.741	-2.058	-1.722	1.941	6.548	-1.491	-7.295	-1.839	-6.228	1.428	0.311	-5.572	-8.869	-8.907	-5.087	-1.789	2.935	9.338	11.206	9.328	9.297	4	ScrambledCars
-11.010	-9.840	-4.401	-10.510	-11.263	-12.404	-1.280	-1.992	4.301	3.878	6.178	10.056	-0.722	-6.569	-7.300	-10.318	-5.250	0.547	-4.903	-8.938	-9.257	-3.886	-1.613	7.258	13.253	19.806	12.948	11.541	4	Faces
-9.359	-3.064	-2.746	1.844	4.333	1.949	-1.956	-0.262	-0.210	5.035	1.738	0.790	-2.280	0.321	-16.505	-0.496	1.525	-5.990	3.852	5.024	2.683	4.134	3.328	5.595	11.653	13.890	2.783	4.602	4	ScrambledCars
-10.499	-0.302	-7.515	-2.844	2.827	2.998	5.435	2.544	4.672	7.882	2.612	5.142	4.096	4.136	-9.011	-3.599	-1.056	-1.811	-0.899	-4.366	-0.860	-1.827	-0.307	4.253	5.715	2.422	5.379	-1.685	4	Faces
2.679	-5.521	1.705	-9.023	-7.600	-5.265	-3.092	-2.058	-2.246	-17.301	3.922	3.232	0.056	-1.914	1.167	-10.187	-0.650	4.877	-2.149	-6.569	-7.918	-3.347	3.432	2.296	6.049	2.493	7.813	8.199	4	Cars
-0.993	0.648	4.040	-0.692	-0.249	2.753	-2.849	-0.219	-1.944	-5.109	5.194	1.907	-0.194	-4.683	-5.140	-8.262	-2.505	-1.315	-3.955	-7.263	-5.059	-5.004	-5.325	-3.104	-0.410	3.928	4.793	4.962	4	Faces
-5.214	-7.530	-5.716	-2.072	-1.946	-4.643	3.981	-1.387	2.377	-2.957	-1.863	1.703	1.070	3.029	-3.030	1.467	0.897	-7.564	-2.495	1.046	1.730	1.450	-1.480	3.179	9.876	10.453	6.704	5.391	4	ScrambledCars
-3.517	-15.378	-1.910	-9.714	-1.574	-0.166	12.909	12.198	15.039	13.900	12.093	11.705	3.877	-6.582	-10.552	-19.583	-17.059	-11.579	-12.608	-18.933	-11.736	-6.264	-5.018	4.600	14.054	27.524	14.078	14.063	4	ScrambledFaces
-5.995	-2.170	-7.467	-6.844	-11.205	-4.044	-1.245	0.392	3.748	-0.455	6.516	5.001	-5.499	-10.182	-7.478	-10.084	-4.024	-0.787	-6.096	-13.420	-12.543	-5.315	-2.267	7.963	13.324	15.760	13.433	12.414	4	ScrambledCars
-6.692	-7.930	-8.323	-8.753	-11.157	-5.843	-1.279	0.809	7.779	10.053	9.991	11.882	-1.660	-6.033	-5.795	-7.667	-5.400	0.383	-8.130	-7.858	-9.196	-11.709	-2.607	3.761	9.170	20.960	10.452	12.013	4	ScrambledFaces
-19.206	-6.081	-12.589	-7.020	-7.009	-8.691	3.856	-2.252	4.506	7.741	5.418	7.242	5.999	2.158	-12.132	-6.221	-2.837	-4.853	-1.954	-4.833	-2.944	-0.477	1.723	11.530	15.099	21.021	17.329	11.065	4	ScrambledCars
-2.631	4.638	-1.965	1.950	2.110	-5.155	1.092	-7.041	-7.432	-2.665	-7.877	-3.107	4.642	3.284	-2.069	1.220	7.098	1.436	2.495	0.594	0.188	3.196	0.700	4.003	-2.395	0.680	2.213	-0.832	4	Cars
-1.921	-4.819	-2.902	-6.259	-2.705	-6.181	2.423	-6.978	-6.421	-0.560	3.428	1.563	7.451	3.268	-2.228	-4.706	-3.335	0.176	0.085	2.754	1.973	0.381	2.136	5.396	4.559	2.590	8.862	4.588	4	Cars
0.819	0.359	0.437	-1.263	-5.749	-3.505	-7.034	-4.800	2.101	-2.162	-2.404	-1.218	-6.504	-8.291	0.354	0.036	1.765	-2.111	-0.019	-5.310	-6.369	-3.693	1.240	1.519	8.106	6.918	2.412	6.774	4	Faces
-8.724	-4.547	-9.530	-3.739	0.503	-4.366	3.205	-2.996	0.641	2.893	4.604	4.249	5.535	1.433	-8.620	-0.527	-4.159	-7.673	-3.367	2.615	2.279	-3.494	-2.008	5.728	8.565	15.115	10.117	4.990	4	ScrambledCars
-2.678	-17.006	-9.099	-16.753	-4.068	-1.342	2.589	5.476	8.134	8.172	9.258	4.812	0.031	-1.863	-8.545	-13.172	-14.314	-5.633	-8.386	-7.405	-4.954	-3.860	-0.224	9.942	11.616	17.718	12.620	11.432	4	ScrambledCars
-1.633	-4.213	2.571	-2.584	-6.231	-4.766	-4.630	-9.355	-4.740	-3.957	-7.536	-0.002	-2.556	-5.298	0.234	-5.288	5.517	17.993	0.720	-6.533	-7.351	-0.549	-0.858	-1.203	5.416	3.934	3.112	4.145	4	Cars
1.166	6.515	0.425	2.017	-2.107	-3.727	-3.186	-2.817	-2.085	-9.312	-2.032	-3.067	-7.394	-5.733	-0.530	0.149	-2.921	3.834	-3.007	-1.817	-3.568	0.184	-0.946	-3.716	6.809	6.794	4.262	-0.680	4	Faces
5.508	-5.598	-1.212	-5.002	-5.439	-3.252	-5.826	-4.012	-1.211	-0.026	2.078	0.844	-6.878	-7.623	3.266	-3.574	0.180	1.455	-2.705	-10.493	-9.758	-1.511	0.951	-0.471	4.587	0.227	3.732	1.244	4	Cars
-6.544	-2.532	-0.216	-4.898	2.545	-3.564	-2.845	-2.642	-4.120	-3.005	-1.152	-2.894	-4.190	-5.523	-1.278	-1.410	-0.483	6.928	-2.459	-2.496	-4.617	-1.876	-0.800	0.528	4.291	8.940	3.850	1.935	4	Cars
16.613	0.352	2.228	-5.596	-7.028	-2.182	-8.034	-1.580	-3.409	-0.862	4.790	-2.966	-14.424	-13.651	11.403	-1.371	-0.467	7.048	-5.214	-7.509	-12.119	-4.017	-3.734	-12.295	4.545	6.944	2.162	7.246	4	Faces
2.505	2.938	2.193	1.414	-6.825	-5.325	-2.024	-0.749	2.401	-1.858	4.099	-0.478	-5.340	-5.303	-5.097	2.134	1.167	3.949	-1.738	1.964	-2.535	-2.262	-0.478	-0.769	5.441	8.636	2.353	2.998	4	Faces
-6.997	-9.903	-6.541	-9.399	-2.991	-5.093	2.689	1.013	4.930	0.662	5.001	7.055	-4.941	-7.825	0.304	-3.988	0.054	1.751	-3.106	-6.261	-8.014	-2.611	1.508	0.801	9.454	7.245	7.750	8.952	4	ScrambledCars
-2.531	-2.258	0.266	-1.503	-1.880	-1.936	-4.773	-2.823	-2.293	-5.731	1.510	1.059	-7.733	-6.985	-2.258	-0.720	-1.316	-5.120	-3.195	-4.463	-4.947	-4.794	0.015	1.349	7.149	12.826	3.076	6.273	4	Cars
-7.095	3.569	-2.610	3.665	0.348	1.721	-6.091	-5.565	-8.630	-5.309	-6.011	-3.108	-4.563	-0.739	2.677	5.514	8.318	1.550	6.193	4.461	1.745	0.950	2.103	1.257	0.060	0.472	-2.660	-0.961	4	Faces
-6.216	-1.387	-1.517	1.275	-1.107	7.829	-1.749	8.321	6.939	1.090	5.813	2.089	-4.268	-7.955	-11.720	-1.248	-3.611	-3.545	-4.696	-1.787	-4.538	-7.927	-5.419	-3.426	8.276	6.492	3.767	4.820	4	ScrambledCars
0.729	1.268	5.196	1.403	-1.933	-0.968	-4.665	-1.236	1.225	-4.971	1.469	-1.995	-7.981	-7.383	3.450	4.127	2.155	-0.773	0.754	4.823	-2.511	-2.203	-1.886	-3.969	1.058	1.346	-4.272	0.388	4	Cars
-10.009	-3.768	-6.418	-6.458	-6.858	-4.238	2.863	5.621	5.902	6.967	7.371	6.941	-0.209	-5.308	-4.729	-6.583	-1.013	9.214	-5.852	-10.844	-11.590	-5.184	-4.891	2.191	6.980	9.914	7.530	8.085	4	Faces
8.304	3.036	11.423	-1.233	-8.109	-1.896	-5.302	-2.860	2.596	-1.155	1.684	-2.258	-10.608	-10.006	-0.608	0.242	3.415	3.522	-2.286	-3.341	-9.051	-9.383	-3.275	-4.850	1.984	1.103	-2.549	-1.650	4	Faces
2.188	-6.352	-0.260	-1.303	-0.257	-5.290	4.719	1.881	5.506	3.626	2.137	1.747	-2.645	-2.854	-1.467	1.358	0.065	-4.285	-1.784	1.357	-0.920	-3.786	-5.853	-1.654	3.027	9.272	2.995	5.036	4	Faces
0.734	-2.646	0.283	-1.004	-5.441	-4.581	0.029	1.688	-2.082	1.659	-0.156	3.439	-7.278	-8.900	3.544	-3.927	-0.390	2.058	-5.310	-4.955	-9.019	-1.717	-4.678	-2.762	6.415	9.073	2.849	4.803	4	ScrambledCars
-1.334	-0.224	-3.270	-4.391	-2.966	-2.996	0.270	2.138	10.143	3.169	9.707	5.491	-3.812	-7.134	-5.910	-1.997	-4.248	-6.450	-8.426	-5.228	-10.460	-11.196	-10.954	0.424	5.951	13.228	8.692	7.113	4	ScrambledFaces
1.162	2.181	0.101	-0.713	-3.717	-1.936	0.277	0.737	2.782	4.417	6.001	-1.208	-5.173	-4.678	0.847	-0.194	-3.392	2.271	-3.763	-2.955	-2.937	-4.149	-7.841	-1.772	2.696	11.897	1.773	5.594	4	Faces
-8.853	-3.358	-3.649	-3.431	-2.059	-1.155	-2.997	-2.863	-4.602	-4.564	-0.224	1.521	-3.588	-2.078	1.814	-0.016	-0.221	1.239	2.074	-0.210	-4.302	-2.213	3.348	5.360	4.071	4.963	4.948	3.575	4	Cars
3.292	-7.764	-7.541	-5.006	-7.460	-6.036	0.680	1.305	-1.154	-3.940	8.859	4.111	-0.743	-3.596	2.774	-3.480	0.506	-2.960	-2.234	-3.849	-4.667	-3.032	-0.014	2.196	9.324	10.913	5.788	11.124	4	ScrambledCars
-0.812	-3.898	1.137	-5.927	-9.520	-7.009	-1.753	-1.568	6.634	9.075	4.952	5.404	-4.943	-5.416	-2.527	-5.167	-4.063	2.720	-1.870	-7.977	-8.440	-0.119	-1.027	-0.683	7.089	12.598	7.624	8.685	4	Faces
-4.247	-4.061	-0.489	1.144	0.397	1.493	2.441	2.654	4.344	6.779	5.162	0.269	-3.548	-5.133	-5.353	-3.027	-3.087	-5.874	-1.383	-4.231	-5.465	-2.980	-2.069	-0.330	3.882	10.932	3.341	2.649	4	ScrambledFaces
-2.026	-6.056	-1.517	-5.273	-6.547	-5.378	1.347	-1.956	7.533	5.926	1.649	5.188	3.990	-1.854	-3.190	-9.268	-4.942	-4.822	-4.229	-4.630	-4.632	0.381	-1.563	6.223	6.121	8.120	7.120	3.868	4	Faces
-4.880	-0.552	-2.323	-3.704	-5.169	-3.194	2.256	3.046	2.995	4.169	2.252	2.904	-6.465	-6.469	-4.421	-4.724	-3.314	-1.095	-3.160	-8.075	-8.870	-4.238	-2.846	2.208	7.797	11.600	6.734	6.049	4	ScrambledFaces
-1.002	-2.314	-1.516	-3.260	-3.426	-1.078	2.049	3.005	4.070	1.522	7.237	9.833	-1.318	-3.934	-5.224	-4.690	-7.134	-5.141	-6.397	-3.641	-8.451	-7.569	-4.374	1.951	5.231	13.117	7.352	9.539	4	Faces
-4.264	1.695	1.342	-0.186	0.344	2.614	3.217	1.824	4.715	6.179	0.246	3.395	-1.550	-2.669	-2.457	-0.643	-7.087	-2.533	-4.293	5.129	2.471	-3.525	-3.728	-1.318	-2.364	0.465	1.157	0.083	4	Faces
-2.733	-5.500	0.743	-4.974	0.179	1.028	3.180	3.611	4.451	3.841	5.399	1.772	-5.658	-6.015	-3.110	-7.797	-9.483	-2.429	-7.739	-10.773	-7.668	-3.033	-2.451	1.747	5.773	6.633	5.268	7.703	4	Faces
-7.730	-6.620	-7.534	-17.142	-15.709	-13.037	-6.019	1.060	4.339	-4.796	12.852	6.823	-11.074	-17.418	-0.497	-9.590	-0.939	10.450	-4.692	-15.000	-19.311	-6.527	6.108	4.666	21.675	21.933	12.799	14.023	4	ScrambledFaces
-2.607	-3.032	1.298	-3.236	-2.596	-2.652	4.235	3.113	1.340	2.759	6.387	3.463	-6.854	-11.737	-9.363	-5.388	-1.731	-5.246	-2.937	-7.958	-10.162	-0.024	-0.703	3.812	10.225	17.601	5.931	6.048	4	ScrambledFaces
-6.127	-4.786	0.647	-8.573	-5.672	0.044	3.546	3.765	8.451	4.470	11.706	7.598	-3.693	-10.031	-7.374	-13.561	-13.912	-5.490	-9.802	-15.412	-13.470	-11.877	-3.286	2.679	10.351	13.707	10.030	10.753	4	Faces
-6.507	-5.204	-4.108	-0.519	3.028	1.610	5.263	5.075	4.940	1.275	3.978	8.585	-1.518	-3.923	-2.492	-0.412	-7.141	-2.974	-7.951	-3.319	-5.670	-3.682	-5.495	-1.892	5.972	7.285	5.863	6.219	4	Faces
-12.722	0.811	-8.253	1.289	1.994	0.015	2.038	1.162	4.829	2.508	8.375	7.176	3.568	5.564	-10.681	5.378	1.160	-12.181	2.524	3.502	2.999	-0.388	-1.213	4.507	2.849	4.118	6.638	6.525	4	Cars
-17.715	-5.574	-8.191	-1.490	0.532	-0.952	3.894	-1.231	2.851	9.174	7.306	6.247	5.758	5.297	-13.843	-5.362	-1.870	-5.816	-2.205	-0.606	2.786	-0.948	-1.124	9.366	3.653	12.214	10.507	4.663	4	ScrambledFaces
-4.317	-7.090	-5.336	-6.216	-11.734	-6.605	1.794	4.760	6.450	16.276	2.360	3.240	-3.993	-4.472	-5.965	-6.322	-2.878	-1.103	-0.729	-8.878	-7.520	-0.870	-1.708	2.985	12.499	15.389	9.935	8.972	4	ScrambledFaces
8.479	5.622	7.836	-1.747	-3.653	1.753	-4.005	-2.458	-3.027	-1.551	-1.237	-5.574	-10.959	-7.580	5.881	-0.148	0.509	2.575	-2.591	-5.509	-8.374	-9.626	-2.846	-7.694	0.765	2.506	-1.730	-4.206	4	ScrambledFaces
6.288	-4.198	1.814	-8.259	-2.941	2.397	-0.006	-0.729	2.506	-1.995	0.310	2.063	-1.817	-4.830	6.702	-0.703	-1.853	-0.376	-1.304	-4.920	-3.780	-2.126	-0.184	0.372	1.965	6.492	-0.106	7.418	4	Faces
-0.834	-4.112	-2.123	-2.080	0.689	-2.091	2.095	-3.983	-0.518	6.294	-2.029	-0.008	5.431	2.624	-0.755	-3.108	-4.260	-8.574	-4.401	-3.597	0.288	0.203	-1.459	2.777	2.539	4.340	5.438	1.916	4	ScrambledFaces
2.397	1.747	3.565	2.677	2.902	1.046	-0.474	0.205	0.330	8.525	6.775	0.697	-6.064	-9.317	-1.111	0.125	-6.918	-6.265	-4.647	-2.874	-5.191	-7.760	-2.281	-2.945	-1.202	2.914	-0.120	6.436	4	Cars
-11.613	-1.958	-8.656	-3.628	-5.611	-10.801	1.976	-4.605	0.497	1.685	1.017	4.193	1.569	2.641	-7.393	0.711	4.122	-4.378	2.509	5.155	3.786	1.218	2.776	10.309	7.504	13.761	12.656	7.954	4	ScrambledFaces
-7.829	-1.250	-3.308	-0.671	-6.211	-4.578	-4.073	-0.606	-0.660	0.397	-0.296	-0.656	-9.541	-10.472	-3.832	1.759	9.084	5.520	3.542	-3.896	-8.847	2.525	0.378	3.852	9.036	7.353	2.807	6.375	4	ScrambledFaces
4.215	2.264	1.395	3.365	1.701	-0.735	-1.586	-6.645	-4.362	-3.640	-2.540	-2.351	-1.388	-0.317	2.100	4.238	2.444	1.103	-0.917	4.472	1.718	-1.181	-5.812	-1.481	-3.442	-3.940	-0.559	-2.253	4	Faces
5.138	-0.338	-2.657	-1.443	7.295	4.638	5.308	-0.227	-4.196	6.304	-3.544	-0.365	7.940	6.135	1.215	-2.518	-2.544	-0.149	-0.236	-0.025	3.507	-0.164	4.175	3.690	-4.913	5.015	-3.693	-0.894	4	Cars
5.614	-2.456	0.838	0.762	-6.668	0.667	-1.551	-2.633	1.583	5.061	6.561	1.350	-5.202	-4.870	8.112	-1.671	-3.156	1.881	-3.254	-0.620	1.174	-5.217	-2.992	-5.607	1.502	6.438	-1.789	1.263	4	Faces
10.785	2.477	-3.978	-2.614	-3.110	-1.426	-2.705	-0.580	-1.932	-5.189	-3.052	-0.497	-10.228	-7.661	7.137	6.014	1.847	-2.176	1.583	1.967	-0.459	-5.724	0.603	-4.979	6.192	5.137	-1.079	2.379	4	ScrambledFaces
-14.863	-2.891	-4.944	-4.750	3.784	4.589	8.751	5.845	9.810	8.929	8.516	8.828	3.340	-3.279	-18.429	-6.185	-6.792	-8.528	-6.260	-3.727	-2.407	-6.030	-2.745	5.906	5.621	15.097	10.660	9.255	4	ScrambledCars
4.834	1.016	-6.886	-5.773	-3.454	-4.709	0.008	1.199	4.562	3.599	6.297	4.324	1.310	-2.553	-5.809	-1.917	-5.108	-3.742	-7.420	-2.894	-4.405	-6.394	-6.194	2.210	6.223	10.825	6.515	7.434	4	Faces
-10.988	-7.162	-12.825	-8.960	-2.512	-9.764	4.083	-1.475	3.821	11.754	7.582	5.343	3.998	2.904	-7.381	-3.367	-3.929	-3.745	0.338	-2.222	-1.353	2.087	2.278	10.241	13.697	16.776	12.435	9.782	4	ScrambledFaces
-10.835	-0.093	-1.843	-2.584	1.689	-2.719	-2.357	-3.714	-1.604	-1.599	-5.995	-1.852	2.927	-0.606	-12.948	-5.099	-2.713	-0.219	0.929	-3.943	-4.581	2.603	1.670	7.439	7.371	8.092	8.786	5.682	4	Cars
1.517	-2.285	1.255	-3.207	-0.195	3.444	3.676	2.175	7.104	3.533	3.952	3.846	-3.055	-4.540	-2.384	-8.891	-8.200	-9.579	-5.649	-7.518	-5.857	-1.956	0.117	0.982	6.565	7.544	3.115	3.519	4	ScrambledCars
-16.929	-8.967	-8.648	-7.830	0.320	-4.559	7.142	7.486	7.822	9.945	8.186	7.304	4.140	2.723	-16.518	-4.977	-10.853	-12.092	-8.959	-5.909	1.743	-2.229	-6.600	8.267	13.414	14.572	17.490	9.249	4	ScrambledFaces
-8.948	-2.842	-1.711	-2.539	0.689	-3.224	1.333	-4.473	-6.219	-7.113	3.113	0.814	6.259	6.614	-15.379	4.281	2.661	-0.902	1.236	2.430	2.821	2.379	-1.188	7.093	1.925	1.837	8.024	3.671	4	Cars
-1.454	-6.568	-4.445	-3.784	-4.906	-5.303	-0.395	-2.495	2.000	2.391	3.668	4.755	-5.603	-7.889	-6.075	-11.051	-2.056	4.514	-2.143	-8.938	-10.104	-2.101	6.509	5.326	10.700	16.621	8.220	5.992	4	ScrambledFaces
-6.932	-0.297	-5.357	-2.764	-5.153	-4.054	-5.274	-10.365	-5.453	-4.348	-5.702	-1.661	-4.207	-2.949	-1.187	6.888	7.967	-1.332	2.729	1.771	-4.909	-0.060	3.125	7.593	7.963	8.143	4.922	2.390	4	ScrambledFaces
-13.266	-5.746	-9.384	-5.462	-5.204	-3.502	2.818	1.868	5.680	8.835	13.302	8.835	-0.289	-4.977	-14.041	-3.149	-5.911	-6.907	-6.111	-2.231	-5.147	-5.310	-1.130	6.632	10.242	21.088	13.618	11.512	4	ScrambledFaces
-5.145	-1.970	-5.180	2.067	0.449	1.348	-1.841	-5.506	-2.956	-4.088	-1.099	-1.424	-8.497	-7.537	-2.715	3.441	2.489	-4.564	1.344	3.707	1.947	2.737	-0.480	-0.472	7.501	12.559	5.276	2.651	4	ScrambledCars
0.419	3.176	1.363	0.722	-2.610	-7.176	-2.966	-7.749	-4.431	-4.578	0.286	0.175	-0.861	0.828	-2.465	3.630	4.539	0.525	2.376	1.702	-0.803	0.450	-1.977	0.124	-0.457	5.065	2.943	-1.011	4	Cars
-0.483	-2.325	-1.617	-3.249	-3.784	-2.127	-2.855	-1.611	0.025	4.252	-0.564	3.316	-0.393	-4.864	-3.267	-4.399	-5.844	-11.029	-6.981	-5.157	-4.975	-8.415	-5.159	2.675	5.856	9.477	6.953	6.043	4	ScrambledFaces
-9.043	-10.150	-10.156	-8.751	-8.882	-4.586	0.188	4.960	9.245	1.587	3.422	4.629	-6.898	-9.247	2.815	-6.274	-3.017	-1.549	-1.788	-12.463	-13.274	-5.004	2.560	3.063	12.420	12.862	11.747	10.675	4	ScrambledFaces
-3.407	-4.679	-4.138	-5.826	1.790	-2.694	7.493	1.501	4.641	6.913	4.762	3.885	3.324	2.071	-15.018	-4.456	-3.898	-8.456	-3.191	-4.211	-2.909	-3.048	-5.846	7.407	5.494	13.555	11.636	8.745	4	ScrambledFaces
2.404	-1.778	-9.497	1.090	-2.488	-5.434	-3.444	-7.441	-4.779	0.177	1.244	1.861	-0.271	2.113	-1.213	2.116	1.830	0.083	1.970	2.784	2.942	1.630	0.736	2.266	2.932	13.260	5.124	5.872	4	Cars
-10.947	-8.271	-13.894	-2.950	-1.767	-9.465	1.705	-5.819	-2.114	11.073	1.980	5.067	9.793	10.899	-10.445	3.181	1.905	-8.780	4.622	6.656	9.333	7.174	1.937	12.684	7.377	12.391	12.455	8.420	4	ScrambledCars
-1.433	-5.205	-2.155	-3.115	-6.131	-3.483	1.947	1.633	3.100	4.572	5.573	2.782	-8.225	-9.002	2.502	-3.888	-6.845	-1.327	-3.518	-6.928	-7.122	-3.667	-0.740	1.401	8.440	18.195	5.240	7.513	4	ScrambledCars
-4.251	1.050	-10.746	2.379	-1.160	-4.206	-3.866	-6.003	-4.941	0.954	4.416	4.603	7.482	7.317	-9.220	6.873	4.002	-9.969	4.782	8.469	5.387	0.803	-1.451	4.927	0.159	5.465	9.450	6.805	4	Cars
-0.410	-4.195	0.781	-4.532	-7.830	-5.112	-2.183	-2.766	-1.403	6.518	2.843	4.297	0.822	-3.131	-1.754	-5.587	-0.210	-2.291	-2.995	-6.605	-8.018	-1.869	-4.213	1.634	2.830	10.530	7.097	5.545	4	Faces
2.826	-4.747	-4.868	-2.781	0.892	0.813	3.659	3.167	1.745	2.466	6.348	2.903	-4.804	-4.451	-1.375	2.758	0.356	0.487	-0.856	-0.663	-1.457	-4.186	0.872	1.766	4.307	0.881	-0.599	3.905	4	ScrambledCars
-3.235	-3.524	-4.739	-1.769	-6.166	-5.281	-2.683	-6.596	-4.017	0.655	1.986	-1.587	-4.473	-1.861	-0.200	3.501	6.627	2.343	6.012	1.651	1.178	6.356	4.213	1.789	6.239	7.522	6.015	2.224	4	Faces
-6.135	2.694	-2.016	2.091	4.409	-0.254	2.557	-4.772	-3.139	-0.539	-1.744	1.677	2.524	1.656	5.167	4.834	1.134	-0.919	3.524	5.024	2.945	3.084	-1.738	1.078	-3.121	-2.580	0.506	-1.425	4	Cars
-2.296	2.257	2.284	3.779	-3.854	0.970	-8.824	-6.806	-2.111	-3.357	1.064	-1.190	-10.320	-8.640	-0.795	-4.549	0.734	5.098	0.447	1.617	-4.451	-2.918	2.096	-2.262	4.167	5.646	0.022	1.996	4	Cars
4.734	0.319	3.654	0.341	0.154	0.639	1.541	3.594	4.073	1.568	5.092	-1.923	-4.026	-4.345	0.899	3.043	0.919	-0.682	-1.454	-1.061	-3.849	-2.550	-2.683	-1.858	-2.702	-5.136	-1.575	1.663	4	ScrambledFaces
-6.588	-5.149	1.909	-9.660	-10.292	-5.070	-2.417	2.986	6.775	10.138	5.112	8.669	-6.598	-12.492	-1.946	-10.327	-3.966	2.414	-5.302	-11.699	-10.451	-3.284	-2.745	-3.337	7.814	12.870	7.230	8.824	4	ScrambledFaces
3.379	4.236	-0.971	-4.105	-6.597	-3.960	-5.192	-3.692	-3.824	-2.052	-0.904	-2.967	-9.603	-7.036	4.140	6.989	5.877	8.309	4.874	3.031	-0.936	-1.469	0.242	-2.918	3.166	7.441	-0.150	-0.343	4	Faces
-14.221	-6.512	-1.387	-3.784	-1.613	0.731	1.434	0.371	3.815	5.988	4.184	2.649	-0.333	-1.865	-17.883	-4.690	-7.668	-2.367	-4.370	-0.860	0.126	-3.813	-2.501	4.732	9.984	8.363	10.349	9.293	4	ScrambledFaces
-6.503	-6.464	-1.981	-11.079	-10.391	-6.312	1.808	0.071	0.023	-0.805	1.658	5.226	-0.516	-5.361	-1.917	-7.823	-0.894	3.505	-3.856	-9.028	-7.441	-2.292	-0.143	6.220	9.594	8.884	10.138	3.872	4	ScrambledFaces
-9.934	-6.768	-7.396	-1.258	-0.358	-4.572	4.436	2.575	5.702	6.050	-0.552	5.460	2.618	5.218	-12.226	-6.873	-3.466	-6.641	-3.283	-5.886	-1.620	-3.699	0.137	6.256	10.092	9.359	10.294	5.693	4	ScrambledCars
9.220	3.613	-2.307	-1.771	-5.065	-7.495	-3.806	-2.045	-4.551	-3.771	2.557	-0.022	-5.714	-7.230	3.870	4.712	3.643	5.335	-0.043	-2.949	-7.468	-0.025	-0.823	-1.212	-0.340	0.421	1.529	3.654	4	ScrambledCars
-2.066	-6.690	-7.314	-3.520	-3.976	-3.256	-0.093	-7.886	-3.983	1.332	0.924	2.883	0.454	1.856	-6.030	8.108	4.124	0.470	5.480	5.295	1.056	2.529	1.730	4.413	5.372	7.575	6.329	4.940	4	Faces
-3.209	-12.674	-7.158	-8.014	-7.818	-9.976	4.014	7.392	5.577	-1.860	6.464	8.855	-4.586	-4.868	2.108	-4.307	-5.187	6.031	-1.943	-3.131	-4.853	1.269	2.392	1.005	18.744	4.884	7.703	6.620	4	ScrambledCars
-11.797	-3.788	1.826	-5.450	-4.571	5.741	-0.739	-0.006	6.329	2.123	2.149	3.569	-3.854	-4.255	-10.613	-5.007	-5.083	1.248	-4.524	-5.247	-5.632	-5.390	0.675	0.930	8.223	4.819	3.033	0.751	4	Faces
-5.273	6.268	-2.619	3.291	-1.025	-1.566	-2.863	-9.089	-8.461	0.812	-1.685	-2.252	1.841	2.038	-1.102	6.676	1.606	-3.989	-0.357	6.794	3.756	-2.306	-6.060	1.706	-0.807	5.354	6.398	3.122	4	Cars
-4.510	-1.128	-3.244	-2.416	-3.780	-1.973	-2.744	-0.171	3.155	-4.302	-2.566	0.359	-5.943	-5.743	0.190	3.455	4.620	3.663	0.481	1.706	0.739	-0.538	1.150	-3.707	5.316	8.283	3.510	1.695	4	ScrambledFaces
-11.162	-8.134	-12.347	-4.690	-5.110	-1.973	7.319	4.469	9.988	8.486	12.414	10.146	-0.321	-3.561	-7.250	-8.595	-7.281	-7.634	-3.527	-7.008	-7.478	0.207	-1.741	6.326	12.683	11.038	12.108	10.035	4	ScrambledCars
-1.212	-1.530	-1.852	-4.368	-6.613	-1.491	-1.648	-0.213	1.283	-2.849	-2.525	2.299	-2.914	-7.129	3.128	-4.170	-2.567	-0.980	-5.579	-5.487	-9.292	-2.274	2.235	1.222	6.730	12.311	6.947	10.534	4	Cars
-0.947	0.591	-1.902	1.456	-1.880	0.248	-1.471	1.241	-3.327	-5.041	-4.156	-4.591	-3.279	-2.110	3.234	4.212	5.518	8.107	4.012	2.035	-0.674	0.950	3.182	-0.445	0.050	-1.773	-1.631	-1.447	4	Cars
-6.583	-6.480	-5.613	-8.666	-6.732	-4.903	0.075	-0.739	5.331	5.086	11.689	6.632	-3.664	-5.552	-4.719	-7.843	-5.763	-3.501	-3.505	-5.589	-5.141	-4.474	-1.936	4.562	11.437	11.529	10.004	12.409	4	ScrambledCars
-8.696	-4.736	-5.418	-6.782	-3.602	-3.141	1.485	-2.996	4.894	9.835	3.031	3.694	-2.214	-7.472	-7.051	-7.455	-1.332	0.894	-4.593	-7.928	-10.029	-2.225	0.043	4.816	8.549	14.097	9.877	5.426	4	ScrambledFaces
2.713	3.759	-0.416	-4.367	-0.322	-3.240	-1.572	-10.456	-10.427	-3.359	-8.731	-4.429	1.767	4.449	-0.729	4.289	5.612	0.049	5.575	5.325	3.342	4.689	5.667	3.367	3.697	2.757	2.171	-2.455	4	Cars
-4.261	-6.307	-4.308	-7.593	-8.301	-1.847	-4.076	-2.361	-1.637	7.160	2.871	3.718	-4.626	-8.079	3.825	-5.610	0.922	8.140	-3.891	-8.938	-8.563	-4.900	1.231	0.426	6.936	4.703	4.150	7.968	4	Cars
-11.227	-9.372	-2.761	-5.183	-0.810	1.193	6.889	5.515	7.016	10.286	11.407	9.363	-0.250	-7.212	-16.761	-11.212	-13.214	-3.573	-12.768	-10.483	-7.036	-7.086	-0.061	5.596	10.745	18.536	11.244	12.652	4	Faces
-7.886	-9.884	-6.230	-6.085	-6.372	-0.692	-2.586	-5.359	-1.468	-0.979	7.832	6.491	4.218	-1.290	-4.385	-6.547	-3.018	0.750	0.185	-4.805	-2.432	-1.254	2.541	4.037	4.696	9.715	7.057	3.790	4	Cars
1.608	1.863	9.943	2.438	-2.964	3.141	-5.192	-0.847	0.679	-4.376	-0.195	-2.542	-11.175	-10.424	-2.042	-8.400	-4.054	-1.224	-6.188	-10.007	-12.184	-7.298	-1.315	-6.398	7.595	11.384	-0.429	2.249	4	Faces
-1.629	4.448	2.417	3.618	-2.757	0.212	-3.638	-2.277	-1.013	-8.696	0.676	-4.575	-5.282	-3.329	5.580	4.345	3.158	-3.882	0.878	5.559	0.959	-4.479	-5.757	-1.905	-2.093	4.145	-1.634	2.143	4	Faces
-5.603	-5.968	-5.029	-3.399	-9.305	-9.722	-3.922	-4.563	4.603	2.184	13.215	9.947	1.701	-0.784	-9.203	-7.016	-6.798	-4.657	-2.644	-5.811	-3.988	-0.991	2.168	7.714	10.994	11.921	10.546	12.730	4	Faces
-9.201	-7.585	-5.569	-7.387	-1.517	-1.059	2.665	3.587	6.837	2.155	5.942	7.669	3.232	-1.928	-14.565	-10.013	-6.443	-6.481	-10.771	-11.396	-8.319	-6.192	-3.571	3.753	11.499	15.534	11.059	12.044	4	Faces
-39.328	-13.696	-7.176	-7.145	-3.140	-5.029	6.553	8.423	12.467	8.472	8.561	10.712	9.313	3.286	-21.610	-13.923	-10.445	-1.169	-5.283	-6.169	-3.340	0.816	1.003	10.748	8.787	11.558	16.660	13.597	4	Faces
3.171	-1.423	6.167	-4.407	-1.639	-2.345	0.969	-3.309	-0.775	-6.698	4.090	1.973	2.008	0.903	-0.657	-0.002	-1.755	-5.879	0.991	0.412	-3.363	-0.602	-2.848	2.832	2.413	4.208	2.210	2.199	4	Cars
-5.231	-8.034	1.353	-6.506	-6.099	-3.196	6.439	8.044	11.527	8.456	12.652	7.533	-0.935	-10.248	-9.709	-13.800	-11.304	-4.613	-13.966	-15.557	-14.001	-9.842	-4.980	1.609	11.024	14.603	11.344	12.300	4	ScrambledFaces
4.686	-2.636	0.443	-0.795	-3.348	-7.295	-0.600	-4.055	-0.722	-9.235	0.130	0.763	-0.004	-0.061	1.597	0.332	0.622	3.134	-2.451	-2.609	-3.552	-3.023	-1.526	-0.804	2.254	5.400	5.182	4.152	4	Cars
-8.487	-3.034	-3.025	1.696	3.057	-3.837	5.896	-1.623	-7.263	-6.372	-4.918	-1.676	5.730	6.605	-13.219	0.188	-4.508	-3.731	0.063	2.265	4.816	5.852	2.752	8.840	13.106	8.859	8.700	-0.260	4	ScrambledFaces
-9.898	0.560	6.956	0.596	0.036	-0.458	-2.818	-8.083	-5.255	-11.279	-2.457	-3.269	-1.129	2.716	1.185	8.861	4.470	0.749	1.663	8.531	4.974	0.994	-7.629	0.588	-0.522	1.391	0.653	3.470	4	ScrambledFaces
3.334	-0.630	2.678	-3.370	-1.272	-13.280	1.387	3.585	2.718	4.691	0.221	-0.867	-3.959	-5.311	1.833	1.310	1.912	2.664	-3.024	-5.230	-6.635	-5.023	-2.687	-2.581	2.261	7.915	2.522	-0.597	4	Faces
2.241	0.975	-1.620	5.165	0.942	1.071	3.125	-1.399	0.823	2.387	2.556	2.088	1.083	-0.470	-0.789	1.079	0.545	-5.750	0.444	-0.061	-3.889	-3.425	-1.404	0.398	-2.911	4.131	0.757	0.267	4	Cars
3.194	-0.848	5.949	-6.736	-1.940	-4.200	2.668	4.250	0.823	2.957	1.726	1.887	-3.890	-3.740	3.686	-8.508	-4.417	1.495	-6.056	-5.613	-3.804	-3.095	-4.450	-3.007	3.120	10.464	1.769	3.276	4	Cars
-3.328	-2.677	-4.318	-7.523	-6.723	-11.516	-2.738	-1.390	-0.193	6.899	5.786	7.382	1.755	-0.860	-6.470	-4.536	-3.057	-1.592	-4.850	-4.123	-4.825	-5.774	-0.141	4.679	5.311	6.060	11.143	11.078	4	Cars
-8.930	5.068	-3.051	5.903	1.929	-5.183	-1.945	-5.900	-3.709	0.557	-1.874	-3.455	3.584	4.597	-9.959	5.647	4.359	3.524	2.406	6.756	2.960	1.644	1.369	4.788	-3.294	3.444	6.657	3.492	4	Cars
-19.959	-6.816	-12.940	-3.543	1.134	-2.043	7.179	-0.201	4.245	11.434	9.831	7.149	3.496	-1.869	-13.236	-3.116	-1.298	-7.741	0.787	-2.189	-1.366	1.976	-0.542	9.216	19.828	12.734	11.750	6.713	4	ScrambledCars
-14.640	-3.067	-9.252	-3.017	-5.175	-2.246	-3.830	-9.299	-3.575	-5.234	-3.533	1.977	3.038	4.365	5.115	10.834	7.986	-0.168	9.103	9.982	5.016	1.197	0.827	4.822	2.955	2.600	2.969	1.984	4	Cars
-1.605	7.173	10.433	1.987	0.721	-0.352	0.119	-3.189	-4.670	-5.833	-6.218	-6.351	-5.076	-4.896	1.358	9.988	7.573	7.567	2.964	7.169	-0.054	-2.856	-3.442	-5.383	-4.869	2.120	-3.397	-7.691	4	ScrambledCars
-3.340	3.481	-1.159	3.424	-4.726	-7.300	-9.885	-15.324	-13.708	-7.186	-8.001	-3.163	-6.375	-6.030	5.865	12.546	7.974	12.883	6.334	4.288	-2.518	6.440	4.565	-1.245	3.373	2.262	-1.764	-5.201	4	Cars
-20.103	-6.246	-10.989	2.510	0.254	-6.123	2.350	-8.026	-2.756	-0.550	0.860	3.923	3.955	6.328	-10.845	9.995	1.502	-3.045	3.304	11.821	8.360	3.287	-0.469	9.809	9.939	10.183	10.666	4.601	4	ScrambledCars
2.897	8.958	-1.152	-0.609	-7.940	-8.352	-1.374	-2.451	1.275	7.328	5.034	4.414	-4.854	-7.438	2.533	-4.424	-2.081	-1.392	-7.431	-5.590	-9.830	-4.804	-7.681	-2.891	4.888	12.430	4.405	7.820	4	Faces
-4.785	-0.693	1.435	-4.565	-0.933	-1.040	5.478	3.438	7.625	-1.379	8.334	8.414	-2.529	-6.530	-9.326	-11.275	-5.064	-9.505	-10.253	-9.163	-8.311	-8.086	-4.427	1.155	8.793	11.801	7.128	9.404	4	ScrambledCars
4.839	-6.379	-4.573	-7.623	-5.339	-4.432	4.685	5.218	6.276	20.730	12.293	5.659	-4.286	-12.896	6.546	-4.578	-2.735	4.978	-8.446	-10.482	-13.332	-11.284	-0.234	-4.914	7.924	8.926	2.090	6.277	4	ScrambledFaces
1.991	1.589	-3.987	-3.821	-3.701	-8.797	0.626	-3.302	4.294	7.649	5.647	7.412	-2.000	-1.715	-4.566	2.666	-6.097	-11.005	-5.335	-0.481	-3.857	-3.416	-6.406	3.154	4.599	11.844	10.005	9.138	4	Faces
-8.906	-5.278	-11.205	-5.989	-4.025	-4.504	-1.110	-7.269	-3.555	-0.943	3.076	4.871	3.899	4.007	-2.032	2.601	-1.432	-3.593	4.076	6.108	4.009	6.289	-0.779	9.105	4.524	5.612	8.474	7.672	4	Cars
-14.473	-8.425	-10.328	-7.547	-7.926	-6.113	0.720	-0.687	5.006	3.616	8.757	11.956	2.859	-3.358	-14.858	-8.304	-4.011	-1.668	-1.974	-9.735	-7.277	3.131	1.675	8.552	11.720	16.941	16.082	9.354	4	Faces
-4.335	-2.844	-3.140	-2.346	-4.883	-6.040	6.593	0.303	4.052	9.072	7.393	6.559	4.207	0.082	-8.865	-8.558	-7.781	-1.272	-3.288	-8.227	-3.025	-0.532	-0.607	4.895	10.418	10.309	8.046	3.502	4	ScrambledFaces
6.910	1.863	-4.576	-4.106	-4.256	-0.106	0.768	0.971	5.069	1.624	8.565	2.028	-6.274	-11.370	1.061	-4.883	-1.859	0.053	-4.634	-7.739	-11.633	-9.789	-4.237	-2.402	4.754	5.507	4.432	5.524	4	ScrambledCars
-1.203	-12.495	-6.142	-8.132	-3.464	-4.050	8.285	4.326	7.649	10.744	13.911	10.495	3.900	3.459	-6.950	-8.796	-10.476	-11.302	-9.892	-7.126	-2.786	-2.894	-7.450	7.131	8.226	14.963	13.330	10.612	4	ScrambledFaces
5.243	3.282	4.679	-0.812	-0.266	1.829	-0.171	0.217	0.503	0.996	1.876	3.298	-1.710	-1.340	-5.325	-0.207	-5.675	-8.565	-2.957	0.951	-1.742	-10.840	-9.057	-0.819	-0.556	4.041	3.782	4.611	4	Faces
-13.219	0.477	-1.510	7.777	0.542	6.701	1.716	0.995	2.260	2.848	-0.712	1.146	0.017	-3.976	-7.283	-3.295	-9.066	-5.065	-7.086	-3.720	-4.541	-0.842	2.388	3.248	9.445	2.712	5.607	1.913	4	ScrambledFaces
-12.203	-0.899	-10.201	-4.336	-3.049	-5.167	0.833	-1.395	-6.023	4.957	1.795	2.452	1.065	-1.150	-0.313	3.364	5.072	2.441	5.110	3.839	-1.029	3.545	1.010	3.977	7.611	11.758	5.739	6.362	4	Faces
-8.385	-8.073	-6.779	-5.110	-0.999	-0.214	9.643	3.776	6.385	18.356	7.346	3.787	7.383	5.149	-14.191	-4.927	-3.743	-8.100	-2.342	-3.325	2.384	1.951	-2.258	9.946	6.494	9.225	10.006	4.116	4	ScrambledFaces
9.921	-0.967	-4.727	-2.337	-3.253	-3.921	-2.808	-4.149	0.628	5.262	-1.977	1.105	-5.743	-4.907	2.561	0.212	0.227	1.522	-1.396	-3.003	-6.172	-1.940	-0.585	-1.758	2.111	10.936	3.189	7.578	4	ScrambledCars
-0.643	-0.203	-1.616	1.385	2.060	-4.440	-2.728	-4.411	-0.866	2.005	0.847	-0.583	1.069	-1.113	-1.890	2.789	0.774	-1.299	-0.068	1.506	-2.614	-3.877	-0.597	0.457	-0.701	-1.325	3.692	-0.073	4	Cars
-6.936	1.845	-0.121	-1.825	1.026	-3.473	-0.585	-3.337	-2.633	3.010	-1.331	0.273	0.854	-0.570	-12.148	-1.872	-9.453	-4.200	-5.297	-0.265	-3.079	1.188	1.261	7.403	6.670	7.952	8.371	2.387	4	Faces
-0.921	-4.524	-0.856	-3.864	-7.129	-7.035	-2.337	-1.435	0.990	0.651	5.532	0.188	-4.533	-3.387	2.420	-2.764	2.947	3.142	0.281	-2.542	-1.261	-1.544	-1.740	-2.184	7.718	11.095	1.047	1.291	4	ScrambledCars
-9.885	-5.590	-3.851	-6.463	-5.573	-6.713	0.356	-0.886	5.713	3.446	-0.012	8.198	-2.202	-7.044	-6.243	-4.181	-1.301	-0.228	-3.061	-4.980	-4.625	-4.253	1.002	2.373	9.354	13.976	10.775	6.593	4	Cars
8.493	-12.950	-4.380	-11.874	-8.086	-6.605	-2.627	2.211	5.836	3.920	4.765	4.859	-5.480	-8.146	0.474	-9.328	-6.289	-1.439	-7.786	-8.110	-7.901	-7.993	-1.292	-0.555	12.720	11.326	8.804	7.670	4	ScrambledCars
-13.863	-5.526	-11.134	-3.465	0.906	-1.731	3.560	-3.943	2.023	8.470	-1.000	3.399	5.558	6.593	-12.546	-0.893	-2.854	-9.991	-1.280	3.034	2.181	3.224	1.137	11.276	7.663	12.636	13.466	6.399	4	ScrambledFaces
-10.993	-5.317	-15.327	-5.991	-6.011	-11.379	5.808	-1.581	1.672	10.005	0.076	3.038	2.407	-0.363	1.571	2.488	4.177	1.318	2.163	-1.643	-3.051	5.268	1.311	10.291	11.091	13.384	8.823	6.057	4	ScrambledCars
-11.695	-3.056	-4.154	-2.904	-1.214	-3.962	8.288	3.034	1.950	7.716	5.584	8.379	3.489	-3.057	-12.039	-5.047	-5.663	-8.341	-6.044	-5.090	-2.838	-4.369	-3.615	8.085	3.012	10.198	13.179	7.761	4	ScrambledFaces
-4.973	-0.377	-6.660	1.195	-3.446	-4.245	0.179	-2.137	3.945	-1.144	4.233	2.109	-3.689	-6.413	-6.689	-1.525	-0.922	2.955	-3.251	-2.295	-5.340	-4.836	-1.982	2.959	10.252	12.461	7.379	7.396	4	ScrambledFaces
-9.080	-7.305	-12.241	-8.923	-6.053	-12.804	3.215	-3.782	2.261	5.874	3.735	4.467	2.601	-1.203	1.297	-3.532	-1.381	0.974	-0.664	-5.188	-5.653	2.564	2.906	6.533	10.627	12.184	10.857	4.860	4	ScrambledFaces
-8.406	1.648	-2.078	2.306	-0.727	0.780	1.328	-2.508	-1.593	6.827	-0.053	1.155	0.363	-0.089	-7.405	6.016	0.748	-1.747	-2.965	1.824	-0.508	-5.721	-3.584	3.676	-2.262	5.520	6.077	0.036	4	Cars
-4.482	-3.713	-2.935	-3.970	-6.586	-5.432	-5.822	-4.404	0.948	-3.988	5.255	4.530	-2.893	-2.955	-2.405	-0.540	-1.528	0.096	-1.867	-0.122	-3.190	1.736	0.977	2.471	6.522	9.332	6.285	7.326	4	Faces
10.812	5.648	2.716	-3.605	-5.303	-5.762	-8.812	-12.499	-11.467	-10.222	-9.754	-9.665	-11.546	-9.354	14.763	8.161	10.227	18.927	5.596	4.010	-4.248	3.849	10.788	-3.626	4.343	-2.235	-7.984	-4.617	4	Cars
3.636	-1.109	9.049	0.880	-3.058	1.611	-3.522	1.717	-1.613	0.399	-4.264	0.734	-8.883	-6.863	0.051	-0.485	2.992	0.376	-0.158	-3.568	-5.753	0.862	-2.800	-4.158	0.218	-2.072	-3.102	0.817	4	Cars
-6.845	-0.183	1.061	-2.203	-2.541	-0.174	-1.558	-1.421	-0.798	-0.174	4.600	3.287	-2.102	-2.392	-6.712	2.685	3.051	-2.557	-2.994	0.651	0.596	-6.485	-2.337	-0.068	2.950	7.608	3.579	0.424	4	Cars
-5.155	-4.380	-0.077	-1.565	-1.075	2.237	0.822	2.476	1.614	2.844	4.157	2.472	-1.921	-4.334	-2.074	-3.659	-2.249	-0.217	-2.227	-4.632	-5.948	-4.425	-1.756	-1.562	2.736	8.291	4.640	5.299	4	Faces
-7.624	-6.569	-6.406	-3.638	-14.253	-11.048	-1.632	-1.885	0.576	-2.718	2.061	7.660	-0.198	-5.381	-7.122	-7.034	-2.146	1.769	-0.088	-6.864	-6.399	2.457	5.305	9.437	13.383	16.515	10.822	9.161	4	Cars
1.737	-4.141	-4.006	-1.062	-4.771	-6.536	5.326	1.887	8.612	11.576	6.772	4.834	1.122	-3.993	-3.942	-7.795	-6.039	-2.372	-2.554	-4.837	-3.206	0.478	-1.398	1.703	6.712	17.059	5.067	6.470	4	ScrambledFaces
-5.341	1.957	2.329	3.263	-1.008	1.718	3.118	3.890	7.664	4.032	1.549	2.498	-4.866	-5.234	-10.126	2.455	0.869	-3.993	-1.049	-3.469	-5.626	-4.689	-4.444	-3.346	1.734	8.949	2.114	1.665	4	Faces
0.086	4.278	2.798	-2.539	-2.793	-2.702	-8.163	-9.084	-7.396	-4.888	1.537	-1.805	-6.642	-7.627	-1.330	2.042	3.275	-0.132	-1.949	-0.995	-4.504	-7.191	-1.819	-0.692	2.914	7.769	1.658	4.767	4	Cars
-5.317	-0.518	-1.713	0.204	-9.185	-5.399	-4.037	-4.387	-0.023	-4.574	5.917	2.712	-5.145	-9.425	-1.583	-2.336	-0.279	5.556	-3.224	-2.001	-3.969	-4.642	2.763	0.319	7.635	6.731	4.925	2.791	4	Cars
-1.316	-0.809	-3.430	-3.945	-4.113	-5.467	-1.596	-6.656	-1.485	2.593	8.068	4.212	2.791	-2.442	-3.770	-0.507	-2.387	-1.505	-0.924	-0.548	-2.839	-5.785	-4.415	5.000	0.678	4.475	7.553	6.760	4	Cars
-8.544	-5.718	-4.408	-4.062	-3.066	-3.437	1.690	5.728	7.752	-7.384	8.740	6.548	-3.513	-9.372	-14.754	-7.280	-9.513	-3.307	-7.744	-6.553	-9.161	-7.428	-3.514	6.590	12.047	18.453	12.204	10.976	4	ScrambledCars
-8.739	-7.331	-3.767	-4.075	-4.165	-3.659	1.444	1.902	7.634	4.860	11.340	8.092	-0.252	-6.120	-12.948	-11.295	-14.930	-11.321	-11.542	-11.259	-7.076	-4.443	-2.979	5.806	10.757	34.780	14.387	16.367	4	Faces
-18.479	-12.252	-9.946	-9.128	-5.742	-0.734	6.756	5.743	9.446	14.903	9.889	8.339	5.729	-1.738	-15.024	-10.536	-4.821	-12.894	-8.514	-8.443	-7.635	-4.554	-5.606	11.232	11.315	15.532	15.815	13.874	4	ScrambledCars
-3.139	-1.094	-6.395	-2.504	-2.884	-7.862	-1.817	-8.590	-7.713	-3.296	1.137	0.310	4.929	7.441	2.890	3.723	3.379	0.648	2.366	5.559	7.481	4.934	1.899	3.349	2.268	-3.313	2.995	1.406	4	Cars
4.050	3.956	4.797	-4.980	-9.235	-7.495	-3.117	-2.281	-1.252	-2.055	1.916	0.772	-4.377	-9.372	-2.023	-5.452	-2.492	4.538	-4.526	-11.200	-10.056	-8.382	-3.300	0.869	7.353	7.429	5.993	4.974	4	Faces
1.071	-7.115	-12.912	-9.286	-7.024	-9.870	-2.988	-3.352	-0.842	0.588	4.229	7.867	2.005	-4.186	-3.287	-5.697	-3.048	2.896	-0.873	-6.820	-8.581	-3.457	2.794	7.017	11.893	17.605	7.931	8.217	4	Faces
1.214	6.787	0.831	-0.268	1.123	-3.879	1.072	-4.816	-0.992	-1.228	1.337	1.893	-0.638	0.332	-6.712	4.125	0.483	-6.014	-1.378	3.921	0.692	-6.094	-3.719	-0.306	0.442	3.650	5.622	3.008	4	ScrambledFaces
-0.295	-7.536	-4.208	-5.593	-6.390	-4.004	-2.265	-3.543	1.309	-4.820	2.343	1.260	-1.131	-3.765	1.358	3.526	5.590	8.318	2.786	-0.941	-3.304	-2.217	2.261	0.457	6.911	10.698	4.579	6.251	4	ScrambledCars
-3.512	-16.277	-1.212	-11.919	-12.960	-3.294	-0.340	0.952	6.200	7.327	7.814	8.880	-0.907	-9.518	-13.185	-12.325	-4.178	-3.669	-8.650	-15.500	-15.279	-8.039	-0.116	4.158	12.573	19.996	15.400	11.982	4	Faces
-4.610	-2.918	-1.482	-1.528	-1.367	1.378	-1.971	-2.928	-0.474	-2.179	-2.742	-0.768	-8.172	-6.470	-6.256	4.245	-1.103	2.114	2.674	7.383	1.790	-3.644	-2.233	-2.048	5.497	8.358	5.046	2.202	4	ScrambledFaces
-2.924	-2.568	2.660	-5.197	-3.931	3.595	5.879	1.586	2.999	6.214	7.715	2.055	-1.024	-3.988	-2.811	-5.218	-6.448	-2.761	-6.272	-5.566	-6.493	-0.564	0.403	3.080	6.312	3.076	3.494	3.886	4	ScrambledFaces
-4.042	-5.625	0.762	-6.330	-4.791	-0.892	0.310	1.856	0.530	2.923	9.474	2.114	-3.883	-7.092	-5.574	-6.847	-3.634	-2.773	-3.145	-6.236	-9.482	-4.037	0.006	1.722	6.170	12.491	7.089	2.679	4	ScrambledFaces
-2.579	-5.379	-7.778	-1.929	2.049	-0.198	2.200	0.183	3.455	8.970	3.853	3.666	-2.336	-3.973	-0.640	-1.232	-4.925	0.452	-5.554	-1.457	0.101	-5.908	-4.955	-0.163	1.422	11.389	3.519	2.380	4	ScrambledFaces
-3.482	-14.188	-12.280	-10.892	-5.306	-3.331	2.733	4.698	5.998	8.733	15.227	9.450	2.793	-0.155	-7.421	-7.371	-8.392	-8.491	-8.499	-5.699	-6.128	-6.089	-1.506	5.017	14.044	15.826	14.148	14.421	4	ScrambledFaces
2.800	-2.260	2.835	-5.581	-5.771	-5.961	-4.802	-4.882	-2.551	18.247	-2.850	-1.087	-1.081	-1.748	4.219	0.399	4.988	0.035	0.232	0.859	-1.662	-1.791	-2.533	-1.479	-1.781	-3.691	-0.162	1.122	4	Cars
-3.978	-3.477	-3.233	-7.512	-2.911	-7.658	5.163	-0.773	6.471	14.052	2.032	4.088	8.952	5.841	-8.436	-4.887	-7.427	-11.551	-3.332	-5.281	-1.868	-0.640	-2.312	6.262	9.740	10.450	10.388	8.678	4	ScrambledCars
-12.893	-8.522	-9.721	-3.436	-0.245	0.522	9.926	5.431	6.643	4.499	5.828	3.613	6.511	6.487	-16.201	-5.855	-8.408	-9.302	-7.074	-1.477	4.809	0.423	-1.544	11.803	11.046	10.414	11.720	5.318	4	ScrambledFaces
6.684	3.237	10.180	-5.624	-7.365	-4.729	-4.577	-3.668	1.100	-4.630	2.504	1.607	-13.118	-18.907	7.487	-10.755	-3.677	10.684	-7.409	-17.029	-21.700	-6.693	-0.003	-7.264	3.601	7.041	2.701	5.736	4	ScrambledFaces
-10.560	-2.129	1.410	-3.137	-2.103	-2.604	4.327	1.069	2.263	10.532	8.765	6.700	6.678	-1.113	-17.764	-5.686	-5.474	-5.281	-3.824	-6.501	-4.946	-1.845	-6.079	6.630	3.770	7.218	12.199	9.701	4	ScrambledCars
-10.058	-8.168	-4.763	0.056	-3.350	-6.251	2.460	-4.571	0.130	3.158	4.695	6.067	8.439	7.212	-4.529	-2.845	-0.917	-0.042	0.198	-3.230	2.136	0.973	-2.352	5.543	0.644	1.374	8.007	6.579	4	Cars
4.250	4.367	1.924	0.640	-3.949	0.366	-5.023	1.643	1.834	-17.378	-1.450	0.745	-5.963	-7.764	-0.750	3.126	-0.217	-0.531	1.260	1.601	-5.249	-4.557	-2.007	-1.867	1.563	3.323	3.336	7.984	4	Cars
3.640	-0.765	-1.520	-3.512	-6.071	-3.549	-5.018	-2.003	-1.411	6.950	1.642	0.622	-7.957	-5.206	2.219	3.585	1.737	2.209	-1.738	-0.281	-2.140	-4.740	-3.602	-4.672	6.870	5.257	3.104	2.667	4	ScrambledCars
-10.847	-6.391	-14.182	-12.432	-11.052	-12.813	-5.341	1.216	3.953	4.082	5.507	6.730	1.497	-2.777	-6.610	-6.876	-5.096	0.646	-0.276	-8.870	-5.067	5.404	6.493	9.559	16.447	13.947	14.099	11.267	4	Cars
-1.980	-3.100	-4.170	-10.720	-11.613	-2.090	-4.452	0.835	2.916	-0.717	7.185	6.779	-3.905	-9.513	-4.065	-12.064	-2.657	7.686	-5.593	-15.583	-11.820	-5.970	3.063	0.773	10.498	18.211	7.536	9.603	4	Faces
-8.318	-5.148	-3.967	-7.623	-8.376	-0.361	3.252	0.160	7.085	24.594	10.336	7.212	-0.688	-11.140	-8.181	-13.697	-6.852	-2.313	-10.452	-14.780	-14.882	-9.119	-2.089	3.228	11.737	12.001	10.926	9.791	4	ScrambledCars
2.214	-1.624	-1.098	-1.419	-0.720	-0.795	5.311	5.605	8.671	8.048	4.477	3.954	-5.562	-6.875	-3.231	-4.215	-9.180	-6.760	-6.271	0.491	-3.753	-4.573	-9.333	0.022	1.890	9.285	3.461	7.591	4	ScrambledFaces
-8.096	-4.559	-2.704	-2.128	-3.503	-4.830	2.503	1.441	4.439	1.975	3.421	3.490	-1.626	-2.717	-6.063	1.828	1.295	-7.314	-1.720	3.950	0.073	-3.495	-4.078	3.362	4.338	16.820	7.556	5.757	4	ScrambledCars
