FP1	F3	F7	FC3	C3	C5	P3	P7	PO7	PO3	O1	Oz	Pz	CPz	FP2	Fz	F4	F8	FC4	FCz	Cz	C4	C6	P4	P8	PO8	PO4	O2	ID	Condition
-9.214	3.081	-1.609	5.287	3.096	3.467	1.401	6.452	8.084	0.946	4.251	-0.775	1.407	6.414	-5.005	4.066	-2.148	-9.373	0.840	7.486	7.625	-0.546	-3.604	2.836	0.423	2.887	-0.677	2.296	5	ScrambledCars
-1.864	-8.759	-0.188	-8.110	-5.204	-4.163	-3.432	-1.604	4.835	1.184	5.283	6.928	0.020	-2.017	-3.073	-9.360	-4.137	5.955	0.419	-11.168	-6.676	-1.271	2.482	0.075	14.517	4.600	2.350	8.026	5	ScrambledCars
-15.203	-11.736	-12.244	-13.343	-15.339	-10.901	-7.236	2.376	12.906	2.731	16.047	9.368	-12.055	-15.325	-8.705	-11.484	-5.191	2.000	-2.918	-13.378	-12.064	-1.282	5.850	8.777	22.141	25.464	13.551	15.847	5	ScrambledFaces
-0.123	-3.640	-4.694	-4.266	-5.205	-6.027	1.521	9.236	13.955	5.695	11.095	10.665	-7.844	-9.925	-4.587	-4.980	-1.649	-9.302	-4.193	-6.829	-7.289	-4.395	-0.729	-6.118	7.818	10.224	1.201	8.806	5	Cars
-4.285	-2.411	-7.122	-1.857	-6.054	-3.668	-0.499	1.660	3.407	2.878	6.377	2.254	1.500	-0.590	-1.064	3.395	-2.062	-2.019	-4.637	0.880	-2.793	-7.618	-7.436	-1.251	-1.104	3.037	3.706	-0.283	5	ScrambledCars
-6.660	-10.418	5.455	-5.276	-6.104	2.811	-5.990	2.427	2.084	-1.726	9.520	8.467	-6.595	-4.383	-8.614	-10.684	-5.170	-4.016	-3.395	-7.587	-6.829	0.123	-0.643	-0.627	11.181	16.193	2.058	11.610	5	Faces
6.693	2.219	12.052	1.257	-6.122	1.084	-6.600	7.686	6.885	-5.506	5.048	2.483	-16.620	-15.284	-2.570	-4.336	-2.183	1.801	-8.105	-4.968	-10.802	-10.035	-5.076	-11.420	4.943	7.267	-4.236	4.223	5	Faces
6.256	-1.097	-3.677	2.572	-1.064	-6.554	0.098	-2.267	-7.124	-5.625	-7.848	-6.351	-6.635	-2.020	6.835	3.321	12.448	8.072	6.678	2.920	3.532	5.593	1.134	-5.842	3.419	-2.355	-11.929	-5.546	5	Faces
-1.613	6.572	6.740	2.695	-2.229	-2.580	-1.483	-2.818	-3.377	0.340	-2.104	-2.897	-1.925	0.673	-0.656	4.302	1.751	-4.166	0.597	4.341	0.940	-2.218	-4.640	1.238	0.235	1.734	-1.015	1.464	5	Cars
3.387	-3.632	3.018	-2.744	-3.056	1.768	-11.818	0.933	0.177	-11.979	1.712	-3.712	-14.412	-8.658	-1.907	-0.692	-1.581	3.985	2.272	-2.732	-3.808	-0.441	-0.231	-9.553	2.778	-0.398	-9.244	0.636	5	Faces
-10.013	-11.092	-6.411	-13.066	-10.870	-4.518	-5.728	8.515	8.707	-0.628	5.927	4.783	-13.994	-12.833	-5.465	-10.889	-4.546	13.324	-1.203	-12.396	-12.683	-1.103	7.835	-1.098	9.499	9.829	-1.039	7.312	5	Cars
11.727	10.068	5.818	3.330	2.336	1.732	-1.825	1.805	-0.982	-6.089	-6.629	-6.596	-2.956	-10.341	2.711	2.648	0.850	-0.028	-5.572	-4.028	-7.195	-14.441	-11.479	-15.219	-3.978	1.911	-11.859	-6.411	5	ScrambledFaces
-5.175	-2.758	-0.753	-5.093	-5.076	-4.333	-3.390	3.136	3.367	-0.500	3.534	3.257	-6.552	-5.435	-4.399	-0.650	1.931	-8.044	-1.138	-5.176	-4.608	-5.509	-5.539	-2.277	6.909	9.811	0.502	2.805	5	ScrambledFaces
-6.314	-5.793	-6.320	-5.615	-10.478	-7.944	-7.797	-1.790	1.500	-4.090	1.914	3.110	-11.536	-8.207	-2.475	-5.588	0.442	8.115	-2.173	-9.794	-10.158	-4.397	3.652	-5.026	9.829	7.799	-0.884	3.816	5	Faces
-10.365	-11.784	4.673	-11.020	-7.837	-2.228	-6.148	1.362	2.862	-5.772	3.497	5.082	-8.774	-8.207	-6.972	-10.344	-3.343	6.505	-3.885	-9.580	-9.282	-2.730	-0.351	-5.324	3.892	8.371	-1.978	6.292	5	Faces
0.146	-3.490	-5.014	-2.407	-1.279	-1.011	2.140	6.393	9.270	3.487	4.693	2.928	0.736	1.352	-1.260	-5.350	-2.344	-3.420	-1.171	-4.329	-0.533	0.611	-1.593	6.935	3.126	7.004	10.230	-0.017	5	Cars
3.669	-2.002	0.345	-1.998	-0.097	-0.116	-3.682	-0.058	-1.972	-1.230	-0.143	-2.828	-6.870	-3.428	2.258	-1.822	4.970	6.175	1.268	-1.258	-2.829	-1.768	1.182	-6.604	4.841	0.649	-6.102	-2.630	5	Faces
-11.246	-8.150	-16.552	-1.885	0.781	-8.092	1.440	-3.877	1.475	-0.460	3.283	3.074	1.532	3.296	0.080	-0.923	-0.133	9.970	1.303	2.775	3.585	4.020	4.346	3.061	3.590	7.204	-0.285	2.609	5	Faces
-18.050	-7.782	-3.668	-6.201	-1.810	-2.519	8.249	4.407	10.602	8.257	9.249	7.476	5.944	2.525	-12.988	-10.354	-17.501	-9.942	-14.258	-6.790	-2.435	-7.801	-9.581	6.514	2.559	11.763	9.927	9.280	5	Cars
-8.955	-6.191	-16.021	-2.968	-1.067	-1.034	3.727	1.707	5.061	1.081	1.448	1.431	-1.794	3.814	-2.942	-8.935	-0.204	0.342	2.664	2.736	2.457	5.769	-2.045	-2.804	1.089	5.182	-3.620	-2.933	5	ScrambledCars
-11.801	-1.011	-0.362	-2.673	-5.675	-6.173	-6.507	-4.941	-0.484	-0.642	0.600	-1.267	-8.685	-9.445	-1.022	1.030	1.224	12.531	1.450	-5.126	-6.995	-4.213	0.232	-2.650	-0.370	-0.701	-2.435	0.464	5	Cars
-4.960	-2.532	1.504	6.949	11.780	5.421	3.552	1.340	2.748	1.460	-2.096	-3.779	3.005	8.011	-0.961	0.720	-1.460	1.514	3.076	7.212	7.186	5.670	0.594	-1.657	-6.284	-5.380	-4.969	-6.988	5	ScrambledCars
-0.250	-2.306	-1.581	-4.813	-7.488	0.291	-6.679	4.096	0.579	-1.852	-1.831	0.535	-7.944	-8.793	-0.697	-8.171	-0.101	10.558	-7.364	-10.994	-10.761	-11.196	-0.103	-2.026	5.873	8.296	-4.619	3.002	5	ScrambledFaces
0.025	3.680	6.352	3.249	5.526	5.359	5.733	2.423	5.236	1.681	6.517	3.280	7.149	6.503	-2.601	-0.783	-3.549	-9.374	-7.903	5.537	3.098	-8.407	-9.598	-1.053	-4.567	2.434	3.857	5.746	5	Cars
4.460	4.575	4.048	-0.023	-2.081	-6.200	1.616	3.193	10.261	8.321	7.802	10.334	1.098	-3.144	-3.640	-0.818	-4.675	-17.054	-4.684	-5.044	-6.537	-5.012	-6.190	3.188	4.980	11.965	8.298	6.817	5	ScrambledFaces
-1.032	-1.238	4.766	4.345	9.723	10.645	4.739	11.116	6.919	-0.091	3.644	-0.226	-5.314	-2.226	-5.596	-7.501	-11.568	0.798	-7.289	-3.935	-1.092	-9.360	-6.182	-2.868	-0.620	2.677	-2.427	2.198	5	Faces
7.582	0.238	10.780	1.831	-0.054	-0.281	-1.208	1.293	-0.217	-2.929	-0.828	0.219	3.825	-4.898	0.076	1.353	-1.778	-2.602	-2.132	1.919	-3.080	-7.476	-10.493	-13.772	-4.462	7.170	-2.215	9.087	5	ScrambledCars
4.524	11.801	-1.212	9.495	2.701	1.107	2.843	5.638	4.085	4.193	4.955	0.421	0.781	-4.896	1.557	5.038	-0.731	-4.162	-7.023	0.349	-4.692	-11.630	-10.411	-8.612	-7.259	0.775	-6.602	1.122	5	ScrambledFaces
1.282	4.726	2.586	4.854	0.791	-3.244	-9.733	-12.409	-10.584	-11.058	-8.636	-7.223	-7.249	0.116	3.620	8.959	5.512	5.131	8.505	9.714	4.136	6.012	5.671	-2.068	-0.353	-1.102	-4.927	-4.755	5	Faces
-1.069	3.421	-4.674	-2.384	-7.274	-2.558	-2.730	1.550	8.367	1.738	5.145	0.969	-7.665	-7.607	2.167	0.603	6.663	2.179	1.427	-5.218	-9.192	-3.230	-6.550	3.260	-2.107	2.126	-3.884	0.879	5	ScrambledCars
-2.309	12.475	15.604	11.668	5.071	8.121	-4.678	-1.451	-6.233	-6.754	-8.185	-4.564	-8.306	-6.040	0.790	12.076	4.703	0.518	-4.272	6.293	1.956	-8.316	-12.509	-15.206	-11.561	-4.593	-10.323	-9.903	5	Faces
1.787	-3.604	0.760	-3.801	-0.838	-2.645	-1.647	-2.421	-0.270	-7.242	-0.863	-0.584	-3.995	-2.126	-1.738	-2.448	-3.883	0.196	-1.176	1.860	-0.785	3.472	3.248	3.951	7.950	7.166	4.665	-1.292	5	ScrambledCars
-1.482	-8.828	-18.810	-12.837	-15.809	-12.685	-13.272	1.534	2.198	-2.982	1.135	4.240	-10.924	-8.606	-4.200	-3.060	-5.673	-3.615	-0.986	-6.835	-7.572	1.819	6.558	10.024	18.091	15.787	6.850	6.748	5	ScrambledFaces
-12.731	-5.492	-9.087	-2.250	-0.896	-8.684	9.127	2.879	9.552	9.855	12.838	11.242	5.423	3.684	-8.857	-6.374	-9.433	-12.159	-7.237	-3.897	-0.920	-0.382	-2.216	10.227	15.691	17.913	12.700	14.101	5	Faces
-4.219	-14.272	-10.187	-14.661	-12.016	-10.352	-1.119	5.027	10.920	2.292	13.901	11.696	-3.282	-5.446	-7.428	-10.671	-6.981	-10.489	-6.175	-11.599	-9.320	-6.741	-6.167	4.861	16.006	25.001	19.471	20.226	5	ScrambledCars
8.197	0.431	15.410	0.072	-0.688	0.527	-7.242	5.024	2.652	-4.721	6.249	5.108	-7.742	-8.458	-2.589	-9.025	-4.390	0.492	-8.512	-10.219	-7.894	-9.728	-6.247	-10.924	0.886	6.868	2.454	8.788	5	Faces
-3.934	-5.524	-2.132	-2.737	0.210	-4.308	1.766	2.130	5.982	3.476	6.279	5.507	2.716	-1.375	-4.362	-4.845	-3.232	-7.652	-5.029	0.261	2.938	-2.709	-2.888	6.542	9.518	13.415	8.397	8.279	5	ScrambledCars
-18.155	-14.239	-8.858	-11.537	-8.479	-4.517	5.635	15.621	25.618	19.234	17.969	19.665	-1.579	-4.043	-14.422	-14.053	-15.781	-12.812	-14.616	-16.649	-11.019	-8.199	-12.231	4.385	8.337	19.319	13.203	17.743	5	Cars
2.712	-2.708	-2.760	-1.129	-3.029	-2.724	-5.764	2.663	8.054	2.987	6.028	3.119	-9.675	0.020	-3.323	0.480	-9.930	-3.468	-5.110	1.108	3.664	-4.785	-9.593	-7.503	2.707	7.774	-1.710	7.484	5	ScrambledFaces
5.977	5.401	11.035	5.396	6.077	8.680	1.062	0.674	3.699	0.223	-4.224	-8.107	-1.757	0.728	3.277	9.627	1.427	-1.025	3.435	8.318	4.479	-2.282	-5.568	-7.922	-18.182	-14.043	-7.920	-13.014	5	Faces
-0.497	-1.405	2.255	-2.733	3.361	8.918	12.077	11.804	5.500	3.661	1.958	1.917	2.284	1.463	-4.216	-2.789	-8.304	-3.498	-11.367	-6.455	-3.947	-9.336	-5.843	-6.003	-1.745	-1.916	-2.186	1.232	5	Faces
-8.618	-2.518	0.319	-3.807	-4.360	-4.580	-5.811	7.979	6.249	-7.848	-2.106	-4.766	-10.940	-7.218	-5.054	-4.244	1.624	2.499	4.276	-4.728	-3.873	6.022	5.951	-1.171	6.706	4.295	-4.284	-2.105	5	ScrambledCars
-14.654	0.194	-2.910	-0.231	-1.326	2.651	1.112	-1.392	-0.330	0.667	0.110	3.292	4.332	4.285	-4.174	-1.278	0.907	-3.180	1.903	3.802	0.906	3.077	-2.829	2.611	-1.333	4.359	5.564	-0.675	5	Faces
7.710	-1.580	4.422	-3.930	-6.722	0.289	-4.390	5.223	3.321	-4.023	1.192	0.849	-9.235	-14.886	3.300	-2.435	5.527	12.473	-0.572	-9.386	-10.653	-11.835	-4.155	-15.857	3.883	4.471	-9.525	3.088	5	Faces
-9.119	-6.925	1.804	-1.608	-4.012	1.526	-2.968	-0.530	-0.195	-3.594	-2.159	1.049	-3.338	-0.152	-4.923	-3.277	-6.268	6.048	-0.865	-3.874	-0.773	-0.749	7.072	3.761	4.429	1.076	1.099	-1.318	5	Cars
-6.062	-3.997	1.014	2.434	5.546	2.891	4.012	8.311	13.086	10.828	11.244	10.501	-2.981	-3.665	-10.323	-7.880	-13.239	-13.711	-10.442	-4.299	-6.258	-5.013	-11.497	-1.781	7.110	9.523	-0.618	5.778	5	Faces
-0.048	6.571	6.355	5.544	4.873	2.527	-4.051	-1.107	-3.031	-5.412	-2.058	-6.066	-4.464	1.540	-1.644	2.320	1.876	-5.477	1.813	0.650	2.041	5.166	-3.291	-1.813	-0.360	0.954	-10.042	-5.719	5	Faces
2.661	-0.565	4.928	-3.341	-4.131	-3.946	0.208	-4.397	-4.621	-2.120	-3.615	-6.242	2.187	3.475	0.262	-1.379	0.479	-1.220	-0.526	-0.651	2.380	3.823	5.244	6.290	7.018	10.930	7.306	0.477	5	ScrambledCars
4.287	4.370	10.986	5.565	-0.660	3.083	-4.384	2.979	2.924	-3.641	1.965	3.767	-7.798	-3.951	-3.095	-4.975	-5.112	-2.690	-4.474	-2.373	-3.640	-2.741	-7.241	-4.118	3.684	3.802	2.604	6.756	5	Faces
-6.630	-5.069	-7.165	-8.261	-9.437	-11.387	-4.604	-0.007	9.618	0.734	7.482	11.377	-6.966	-8.435	-5.625	-4.268	-2.852	-6.511	-6.566	-7.461	-6.537	-2.173	-2.736	2.457	11.125	16.734	4.731	10.655	5	Faces
-2.586	-7.763	-12.273	-3.957	-2.329	2.211	6.225	4.459	8.596	5.983	6.974	6.943	5.646	3.205	-0.388	-4.861	-1.256	-1.190	-1.150	-2.360	-1.506	-1.716	-2.201	2.570	-1.666	0.586	4.748	1.652	5	Cars
14.774	1.059	-0.142	1.268	1.665	2.988	-7.975	-6.266	-8.205	-12.747	-7.352	-4.208	-13.584	-9.423	6.713	-0.421	1.653	15.833	-2.931	-4.188	-9.771	-6.497	3.546	-13.017	-1.658	-0.965	-11.363	-4.518	5	Cars
-9.469	-7.952	4.846	-10.212	-3.987	-1.380	0.181	9.673	7.461	7.832	12.675	15.360	1.638	-6.093	-9.926	-17.179	-9.811	-3.663	-12.327	-17.135	-11.600	-9.300	-5.640	4.535	8.718	14.110	11.409	16.113	5	Faces
-17.084	-7.301	-17.490	-4.093	1.762	-2.274	8.475	13.234	21.409	14.255	13.707	11.175	7.975	3.802	-9.480	-9.135	-10.231	-9.520	-9.762	-6.358	2.520	-7.595	-8.325	2.444	6.719	17.020	10.827	9.910	5	ScrambledFaces
-3.954	1.155	-7.357	2.570	4.844	4.205	2.421	-1.071	-1.207	1.676	0.113	-0.286	7.015	8.047	4.516	5.980	7.680	4.786	7.447	9.833	9.770	7.170	1.954	3.785	-5.319	-2.108	-3.547	-0.833	5	Faces
-13.370	-8.466	-11.638	-7.186	-1.079	-6.828	3.903	-0.474	5.661	11.188	11.955	11.127	12.552	6.294	-3.853	-5.838	-2.596	-5.173	-2.052	-3.496	0.001	-0.049	1.481	12.483	2.798	11.421	17.661	10.199	5	Cars
-16.158	-6.941	1.023	-3.065	-0.696	1.586	-1.179	5.331	3.624	-3.149	0.023	-4.377	-0.536	0.255	-3.554	0.369	-0.561	13.532	10.624	2.772	4.760	15.813	15.438	5.138	4.889	5.823	1.400	-2.349	5	Cars
3.536	-1.139	2.258	-1.609	-2.497	1.167	-13.177	8.734	0.933	-9.818	0.969	3.621	-13.873	-13.631	-1.454	-3.149	-2.047	8.136	-5.046	-4.759	-7.308	-11.574	-7.711	-14.424	2.435	5.817	-7.113	1.893	5	ScrambledFaces
0.362	2.620	2.383	0.666	-1.944	0.584	-0.667	-0.248	5.292	4.628	3.785	0.545	-4.584	-4.170	-0.163	1.332	-0.623	-1.058	-6.522	-4.893	-6.842	-9.760	-9.985	-2.277	0.080	4.780	-0.695	-0.155	5	ScrambledFaces
-3.373	-8.966	-13.150	-5.039	-5.003	-9.472	-1.448	-2.244	0.323	3.677	5.304	2.275	-1.405	-1.907	1.886	-0.786	5.763	3.143	4.003	4.578	3.003	0.568	0.113	-2.343	4.050	3.678	-0.442	0.374	5	Faces
7.684	9.661	8.078	9.253	4.720	6.204	-4.958	1.485	-1.837	-10.674	0.655	-5.829	-10.569	-7.726	1.593	2.965	2.533	3.407	-3.325	1.926	-2.887	-7.724	-2.153	-9.920	2.251	1.971	-11.314	-1.246	5	Faces
-8.223	0.794	-15.661	3.591	3.128	-0.002	-4.387	-0.427	-1.436	-3.678	0.700	2.605	0.005	2.004	0.306	3.237	5.557	-3.567	2.859	4.755	2.958	-1.174	-6.240	0.891	2.416	7.635	7.285	5.585	5	ScrambledFaces
-2.536	8.319	-1.901	7.235	3.139	5.250	-1.809	1.311	3.497	-2.056	3.151	-1.548	-7.498	-7.156	4.402	10.609	10.313	2.508	4.048	2.650	-2.150	-3.098	-5.459	-8.054	-10.647	-3.605	-3.726	1.496	5	Cars
-9.090	-3.988	-2.302	-3.282	-0.681	1.483	0.307	7.858	11.808	5.489	10.934	9.567	-2.117	-2.285	-12.207	-10.353	-16.100	-12.073	-10.935	-9.283	-7.226	-1.585	-3.510	2.254	12.275	15.322	8.572	10.076	5	ScrambledFaces
4.726	-5.148	1.291	-4.487	-8.805	-2.778	-9.480	2.581	0.127	-6.136	1.848	3.627	-13.560	-16.415	1.377	-6.397	4.569	9.978	-1.838	-15.047	-15.510	-5.265	-0.088	-2.913	9.447	9.419	-0.770	4.987	5	Faces
3.768	4.055	3.101	-0.392	-1.153	0.226	-0.452	4.557	4.522	-0.497	0.743	-1.644	-9.061	-6.261	0.639	1.582	-2.754	6.482	-0.887	-2.478	-7.199	-5.994	-1.817	-7.016	-4.148	-2.536	-10.594	-0.923	5	Faces
-5.935	0.358	3.494	-0.346	-3.974	-0.490	-2.286	1.312	4.215	-1.248	4.664	2.840	-10.649	-12.104	-6.244	-4.062	-3.409	-2.380	-5.727	-9.352	-12.187	-8.142	1.683	-2.525	12.935	15.542	1.926	11.336	5	Faces
-0.855	-4.662	-4.624	-1.834	3.698	1.395	-0.177	-5.441	-3.592	-2.410	-4.964	-2.353	2.242	0.479	1.751	3.572	5.301	-1.000	1.013	7.489	4.980	0.864	6.942	1.047	3.394	0.545	1.544	-1.784	5	Cars
1.540	3.380	-0.136	1.900	1.279	-0.605	4.509	1.736	1.483	3.746	3.138	-0.148	-1.410	-0.338	0.910	6.499	1.518	-4.630	-3.051	3.183	5.447	-3.132	-4.447	-3.185	-0.625	5.247	-3.763	2.500	5	Faces
-3.193	-2.079	-4.467	-1.346	0.825	-1.900	2.061	6.167	8.728	4.749	6.534	5.838	-4.724	-1.563	-9.525	-9.094	-13.084	-16.381	-8.029	-5.671	-2.940	-6.665	-4.241	1.115	7.682	15.554	9.860	7.487	5	ScrambledCars
6.032	11.509	9.735	7.760	-0.875	4.392	-5.123	-2.376	-7.889	-6.423	-7.854	-7.181	-12.787	-10.374	2.446	7.866	7.974	-2.536	1.123	1.452	-7.891	-0.171	2.957	-6.131	3.117	1.565	-4.759	-5.186	5	Faces
0.860	-2.701	-2.426	-8.261	-9.321	-6.199	-5.261	-3.704	-0.643	-3.461	0.852	-1.403	-0.757	-0.794	1.964	-3.941	3.447	8.048	2.541	-1.022	-2.776	4.353	1.569	1.274	3.057	3.477	-1.964	3.416	5	ScrambledFaces
-12.998	-5.992	-13.953	2.852	7.515	-2.283	2.611	3.466	8.454	6.026	7.141	11.697	6.611	3.124	-7.602	0.293	-7.415	-15.361	-6.513	4.573	4.283	-5.901	-10.222	6.987	8.394	19.946	10.752	14.654	5	Faces
-9.484	-8.615	-6.305	-4.807	-0.013	-3.228	3.205	7.781	12.774	6.820	8.678	5.924	2.192	3.199	-9.993	-4.506	-8.482	-19.633	-5.420	-0.379	2.694	-5.565	-9.378	8.566	13.084	21.809	14.294	12.517	5	ScrambledCars
-11.743	-10.551	-11.827	-9.382	-5.599	-0.009	5.562	-1.081	4.016	8.143	6.670	5.035	6.363	4.875	-4.815	-9.614	-4.673	-0.907	-0.935	-6.988	-1.941	2.793	2.952	3.917	0.491	2.060	5.867	16.566	5	Faces
-6.194	-0.837	-1.349	-4.576	-1.234	-2.119	4.929	5.370	11.410	8.421	9.305	5.528	-1.964	-4.647	-4.658	-5.714	-2.470	-5.736	-9.310	-5.579	-7.707	-10.522	-8.021	1.108	7.152	12.068	5.924	7.895	5	ScrambledFaces
-2.968	8.261	18.931	7.369	2.857	9.561	-0.696	8.110	7.485	4.950	4.711	-1.778	-7.862	-6.396	-6.932	-1.350	-6.769	-8.524	-9.182	-2.331	-6.164	-6.670	-13.010	-10.155	-7.411	-5.479	-6.428	-4.258	5	Cars
3.465	13.493	3.129	8.891	1.039	2.281	1.678	-1.052	2.773	6.830	2.310	1.216	-2.211	-0.943	1.627	7.967	-1.560	-7.480	-7.172	9.307	5.758	-14.950	-16.967	-5.765	-3.935	5.999	6.345	3.043	5	Cars
-1.158	0.942	8.100	-0.757	-8.732	-1.415	-9.681	0.483	2.585	-6.551	1.462	-4.254	-17.858	-17.777	-5.447	-4.972	-5.135	2.564	-6.470	-8.149	-11.349	-7.896	-3.316	-4.885	10.848	10.320	-3.331	0.585	5	Faces
-5.071	-4.827	-1.737	-6.493	-4.720	-1.792	2.232	13.904	18.546	10.330	13.625	13.604	-9.454	-14.019	-7.763	-10.703	-8.874	-1.841	-14.070	-14.455	-13.825	-14.469	-5.014	-6.050	13.025	19.541	5.443	13.387	5	ScrambledFaces
6.791	-4.790	1.271	-6.712	-3.457	0.004	-0.535	10.853	13.724	5.224	20.159	11.779	-9.144	-8.805	-8.057	-7.628	-12.911	-14.850	-8.746	-3.766	-5.581	-6.660	-3.976	-2.115	11.922	14.480	4.649	13.850	5	ScrambledCars
-3.612	7.227	5.873	9.414	5.496	4.744	-3.773	-0.545	3.081	-5.497	-0.196	-1.917	-3.248	0.884	-1.096	2.320	3.719	-1.642	-3.362	4.877	1.357	-4.422	-6.106	-5.489	0.237	2.524	-4.274	0.099	5	Faces
-5.621	-3.048	4.124	-1.452	-1.112	3.240	4.816	10.466	12.993	8.024	5.226	0.423	-2.162	-5.639	-4.592	-5.816	-4.848	1.129	-2.708	-8.917	-6.813	-8.380	-4.980	-2.000	-0.490	0.890	-1.585	1.382	5	Cars
-6.019	0.246	3.475	-0.239	4.560	5.117	4.306	10.452	11.896	4.653	9.131	9.482	3.798	0.028	-11.194	-4.977	-12.336	-19.733	-8.275	-3.549	-0.774	-6.038	-8.663	3.948	11.772	20.309	10.760	16.389	5	ScrambledFaces
0.549	-8.666	-1.910	-7.773	-5.037	-3.047	-6.123	-1.221	-0.523	-3.326	0.052	3.786	-2.527	-3.740	-3.307	-11.720	-6.514	0.274	-1.197	-8.123	-5.782	-0.407	-0.764	-0.490	4.829	5.313	15.370	5.492	5	Faces
-1.256	-10.925	-11.361	-8.244	-8.059	-12.944	-6.633	3.000	9.005	3.611	9.428	17.659	2.083	1.107	-4.348	-1.335	-1.802	-15.799	-3.730	1.699	-1.375	-2.031	-8.920	5.647	14.392	25.089	13.339	14.225	5	ScrambledFaces
-14.212	-17.713	-13.436	-10.510	-3.009	-0.178	6.004	7.455	10.543	8.046	11.085	1.210	-1.003	-6.703	-7.482	-14.982	-11.773	11.298	-8.077	-13.849	-9.700	-6.276	1.900	1.970	8.057	8.197	-1.767	2.771	5	ScrambledFaces
-4.612	-9.152	-7.543	-10.383	-9.635	-6.924	0.146	4.584	12.324	8.640	13.832	9.935	2.485	0.421	-6.582	-12.068	-12.265	-3.256	-3.862	-8.777	-3.269	0.674	0.537	5.183	6.332	13.022	11.952	11.618	5	ScrambledCars
-15.514	3.224	1.892	-0.122	0.905	2.893	1.827	3.740	1.573	0.190	3.420	5.956	-1.919	-3.861	-6.651	-2.159	-3.623	-0.295	-1.090	-3.710	-6.379	-0.422	-2.774	-2.574	1.009	6.958	3.922	9.257	5	Faces
0.328	3.793	7.909	1.886	2.428	1.714	-6.139	0.835	-2.930	-7.686	-6.771	-15.246	-7.015	-4.397	0.272	1.899	5.607	3.797	3.288	0.693	-5.029	-0.777	2.265	-6.269	-0.692	-7.074	-13.142	-16.095	5	ScrambledCars
-10.724	-10.770	-20.412	-15.758	-14.254	-10.635	-1.698	6.833	8.990	3.995	9.786	9.876	-6.416	-4.497	-8.283	-13.949	-4.914	-3.063	-3.918	-14.041	-12.601	-4.769	0.103	9.877	29.464	35.139	7.392	6.007	5	ScrambledCars
-6.505	8.145	9.213	7.821	4.444	10.431	-3.277	2.907	0.169	-5.260	-3.886	-10.726	-8.044	-1.403	-1.854	10.444	-3.285	4.522	0.768	4.397	3.959	5.608	2.169	-10.035	-11.930	-3.913	-8.122	-6.781	5	Cars
-3.922	-3.177	-5.549	0.323	-0.814	1.058	5.925	6.620	6.385	3.059	2.521	4.191	0.253	0.431	-6.083	-6.182	-7.385	-9.486	-10.946	-5.151	-4.069	-4.138	-6.687	2.342	9.339	13.370	6.183	5.718	5	ScrambledFaces
2.562	-0.340	-1.341	2.662	7.193	0.942	-0.863	-0.530	0.506	0.143	3.070	4.691	-1.461	-1.698	0.315	1.598	2.477	-5.255	1.101	1.763	-0.281	-2.313	-0.314	-6.326	-4.594	-1.157	-7.751	-1.416	5	ScrambledFaces
-1.768	9.941	8.697	5.977	1.857	6.300	-1.581	2.717	3.929	-1.026	-1.750	-3.331	-6.319	-9.046	-0.843	6.938	1.848	-0.745	-1.677	-2.411	-6.412	-3.913	-0.739	-7.743	-6.680	-10.321	-11.052	-1.914	5	Cars
8.297	8.587	3.734	8.362	7.845	7.719	6.031	6.971	12.134	9.621	7.715	1.793	-1.319	-3.463	3.261	3.377	1.061	-4.850	-8.891	1.249	-0.198	-8.461	-12.834	-6.406	-8.340	-3.947	-1.389	2.170	5	Cars
-13.841	-7.536	-0.900	-8.021	-6.017	-2.442	-0.320	8.938	11.960	7.494	15.149	12.099	-6.693	-5.110	-13.053	-13.905	-12.879	-6.332	-7.447	-10.915	-8.027	-8.766	-3.162	1.751	15.238	19.590	5.794	14.388	5	ScrambledFaces
5.419	0.950	-3.118	2.185	0.276	-2.061	7.821	9.463	14.503	11.520	10.974	7.276	6.571	5.023	-3.006	4.466	-13.111	-16.717	-15.915	4.186	1.354	-17.896	-25.598	-5.416	-9.066	3.131	5.360	6.665	5	Cars
-2.720	7.103	-5.615	1.514	-2.126	-3.913	-4.342	-2.263	2.981	-1.422	0.675	-1.878	-0.850	3.582	1.522	13.317	2.860	-4.363	3.386	10.455	10.174	-0.763	-4.041	-0.554	-0.542	0.886	-0.141	1.054	5	ScrambledCars
2.896	1.450	7.626	-3.333	-9.643	-2.285	-0.534	5.599	7.725	4.524	5.195	3.345	-12.442	-8.375	0.207	-1.373	5.541	-1.262	-2.868	-2.647	-4.480	-9.979	-7.778	-5.538	1.808	6.242	-0.966	2.978	5	ScrambledCars
-13.951	-20.573	-18.453	-13.334	-6.554	-7.011	9.386	13.383	18.463	16.677	21.339	19.818	8.004	1.330	-13.077	-19.874	-17.644	-13.675	-10.044	-11.287	-4.956	-6.583	-8.649	12.781	14.579	16.263	22.436	20.024	5	ScrambledFaces
3.125	7.640	4.856	6.954	4.718	2.461	3.972	0.156	-3.182	-0.159	-4.554	-4.539	-0.153	4.655	2.801	5.779	2.902	-1.846	1.207	6.197	6.474	2.454	-1.971	-3.484	-9.965	-7.148	-4.274	-2.393	5	Cars
-13.118	-14.571	-4.973	-12.374	-9.675	-4.335	-3.037	14.001	17.174	6.825	10.516	11.609	-8.820	-11.930	-14.564	-20.031	-16.596	-5.660	-13.747	-15.906	-14.430	-6.676	-3.670	4.410	17.807	25.076	15.323	16.334	5	ScrambledFaces
-0.938	2.725	-3.689	1.072	-6.104	-3.541	-16.387	-1.217	-0.120	-9.937	1.736	-0.088	-10.956	-4.670	4.238	8.982	10.957	8.820	7.720	11.630	3.600	3.410	1.770	-3.299	4.446	1.891	-4.296	-0.907	5	Cars
4.161	-6.181	-20.615	-7.416	-2.391	-13.781	11.343	0.435	2.967	6.406	0.839	-2.552	10.295	10.497	7.906	6.172	6.590	3.320	11.500	7.606	10.547	9.616	5.549	7.411	-2.383	-4.576	-1.916	-4.762	5	Cars
12.323	10.954	9.292	9.776	2.772	5.881	-3.420	-8.430	-10.173	-9.212	-7.785	-8.444	-2.311	3.693	6.566	8.209	7.133	0.536	5.561	9.742	8.087	5.033	-0.617	-4.898	-7.647	-13.410	-11.056	-6.406	5	Faces
-2.504	-7.068	-7.168	-0.169	4.059	2.107	4.098	2.530	2.129	1.645	2.418	1.966	1.143	2.351	-0.136	-1.886	-1.629	1.769	0.792	4.672	3.099	-0.222	-2.914	-2.536	-5.430	-3.451	-0.925	0.745	5	Faces
-20.424	0.211	-11.633	0.278	-6.104	-8.815	-4.172	-4.939	-1.407	-2.723	1.405	2.545	-2.070	-0.130	-0.729	6.584	12.039	3.598	9.308	3.365	2.938	4.056	2.843	8.260	7.689	13.772	1.096	3.742	5	Faces
-11.047	-11.131	-22.496	-3.715	-0.400	-0.098	3.531	1.147	8.224	5.689	4.942	5.840	5.118	7.141	-4.821	-8.147	-8.863	0.516	-1.368	-4.759	1.026	8.500	10.716	11.347	11.579	9.053	8.703	6.458	5	ScrambledCars
-3.593	4.899	-4.873	7.011	3.187	0.312	-5.282	-4.318	-3.062	-6.548	-7.033	-6.490	-1.331	0.360	3.337	12.638	6.826	1.374	9.994	12.500	6.882	5.610	0.608	-0.789	-6.399	-6.092	-6.533	-7.736	5	Cars
4.316	-4.125	8.548	-3.386	4.333	4.959	3.784	6.912	5.435	3.359	4.727	2.312	0.033	-0.596	-4.086	-4.549	-9.616	-4.193	-5.377	-4.868	-1.579	1.376	2.768	1.853	0.286	3.224	0.347	2.233	5	Cars
-11.610	-2.930	-3.814	-0.839	3.465	3.420	3.226	3.606	9.082	4.259	8.618	8.778	1.033	1.640	-4.074	-0.176	-1.138	-3.303	-1.429	0.158	-0.314	-5.404	-6.461	-5.016	-5.112	-1.009	0.969	3.516	5	Cars
5.643	-9.374	-10.744	-9.735	-3.366	-6.296	4.719	3.470	9.316	8.539	7.405	4.733	0.085	1.257	2.408	-4.142	-1.026	0.762	0.279	-3.830	-0.258	0.566	-0.350	5.540	3.627	8.201	6.331	5.691	5	Cars
-4.473	-0.672	-1.994	2.935	4.824	2.503	1.699	0.669	4.664	4.065	4.676	3.255	1.868	1.713	-2.857	-3.827	-2.666	-4.649	-2.627	-1.555	2.169	-0.647	-3.840	0.850	3.628	8.164	6.906	5.002	5	ScrambledCars
-13.044	-1.019	-3.166	0.819	1.387	-2.441	-1.575	-5.745	-0.340	0.994	-0.961	1.140	4.890	2.557	-4.711	2.164	-3.882	-3.590	6.353	1.306	1.236	7.981	5.309	6.735	4.281	4.969	7.262	2.604	5	Cars
11.986	2.243	3.863	-1.029	0.539	0.848	-3.192	3.163	-1.566	-5.027	-3.557	-4.873	-12.338	-3.218	3.414	2.799	3.669	-0.054	2.236	2.270	-0.663	-1.903	-2.959	-9.439	-5.155	-5.557	-10.616	-7.014	5	Cars
1.166	-6.656	-0.908	-5.775	-9.513	-4.939	-12.861	-6.047	-5.545	-10.690	-0.003	-2.905	-12.806	-9.382	-3.056	-2.732	-5.315	4.241	0.111	-3.132	-9.346	-2.561	4.468	-0.509	8.658	9.473	-1.749	4.136	5	Faces
4.725	4.007	-3.249	-2.744	-8.830	-8.403	-21.389	-13.093	-15.066	-18.327	-13.277	-8.079	-15.363	-5.447	10.799	17.673	17.926	17.288	16.901	11.121	4.171	3.845	4.141	-5.576	2.775	0.965	-9.567	-5.984	5	ScrambledCars
-13.537	-7.489	1.417	-7.044	-10.559	-7.027	-9.694	-4.127	-0.114	-3.787	1.565	4.056	1.943	-0.452	-4.443	-4.346	-0.061	6.709	1.280	-3.347	-2.279	1.516	4.369	5.179	7.137	6.565	4.960	4.052	5	Faces
-9.473	-11.550	-2.921	-13.292	-5.441	-5.346	4.837	10.561	13.047	11.815	17.976	11.471	5.614	-0.018	-9.996	-12.878	-11.498	-7.870	-9.597	-12.929	-3.856	-6.318	-0.549	5.995	10.198	15.286	10.083	8.698	5	ScrambledFaces
12.442	-9.214	2.035	-7.383	-12.176	-0.095	-7.260	9.857	10.889	-2.680	7.244	7.938	-12.756	-12.579	-6.706	-12.500	-12.469	-8.276	-7.958	-11.214	-10.715	-3.813	3.782	-3.042	15.783	15.737	6.647	8.236	5	ScrambledCars
-9.819	-7.638	-10.309	-3.454	-3.033	-5.294	-1.434	1.246	6.951	3.379	6.925	2.031	-3.321	0.218	-3.508	-2.921	-3.301	1.111	1.155	-0.162	-0.367	5.196	2.952	10.338	8.001	11.367	6.485	5.319	5	Cars
3.137	0.277	-0.420	-2.400	-0.657	-2.564	-3.162	-0.032	0.101	-4.567	-2.447	-1.803	-5.943	-0.591	0.447	-2.754	2.685	0.834	6.447	-2.288	-2.583	4.413	3.820	0.536	2.591	-1.056	-5.281	0.817	5	Cars
-11.001	2.964	-4.155	6.231	7.055	4.695	5.955	-0.630	-2.278	-0.744	3.718	-2.904	6.415	4.547	-1.942	5.853	0.563	-5.448	2.555	6.269	4.517	1.829	-7.236	3.848	-6.492	-2.994	0.411	-1.005	5	ScrambledCars
6.996	-4.643	4.841	-4.287	-8.931	-4.960	-6.749	2.918	9.586	3.055	9.880	5.865	-5.900	-3.173	-2.253	-5.485	0.354	-10.177	-2.553	-5.922	-4.064	-5.125	-2.618	0.929	3.205	5.917	2.007	5.271	5	Cars
0.426	-2.026	0.662	-6.798	-5.731	-8.360	-8.447	5.775	3.293	-2.712	4.871	8.937	-4.440	-4.013	-4.718	-1.739	-3.135	-6.851	-4.351	-3.513	-3.688	-5.333	-2.341	-2.173	12.367	16.687	3.304	9.461	5	ScrambledCars
-4.572	0.303	1.404	-2.700	-2.441	1.512	-1.656	-1.274	-1.981	-1.525	4.167	2.640	-0.659	-6.209	-3.720	-2.890	-2.099	-4.700	-3.736	-8.243	-7.287	-7.116	-3.731	3.845	5.897	9.095	9.543	7.013	5	Cars
-3.745	0.508	-1.791	-5.492	-2.221	0.418	5.379	9.739	12.205	10.763	11.984	13.403	3.092	-5.462	-6.658	-6.513	-10.873	-9.424	-10.422	-10.098	-9.116	-11.093	-12.137	0.529	4.365	14.658	10.392	13.223	5	ScrambledCars
-2.387	-10.732	-5.066	-11.153	-7.820	-6.263	3.156	5.222	6.903	6.502	5.866	6.783	-2.141	-2.747	-6.247	-10.245	-8.091	-5.461	-7.040	-11.469	-9.326	-4.465	-0.175	3.402	14.428	17.631	9.999	10.667	5	ScrambledFaces
-1.602	5.448	14.068	5.894	-1.598	0.779	-0.581	10.274	12.150	0.765	4.679	1.518	-14.549	-12.283	-3.098	1.573	0.152	0.229	-5.168	-6.845	-11.028	-8.216	-10.299	-13.102	-1.077	1.370	-5.573	5.327	5	ScrambledFaces
9.273	8.801	12.980	12.618	15.258	10.126	7.256	12.359	14.344	12.842	13.108	8.217	-3.138	-5.971	-1.678	3.761	-8.152	-13.216	-15.012	4.323	0.332	-27.466	-29.627	-23.700	-18.774	-10.711	-6.918	-0.977	5	Faces
6.331	-2.364	0.276	3.762	9.766	8.505	10.460	6.867	9.790	6.742	4.354	-0.748	0.889	-1.361	0.473	-7.688	-1.724	-2.315	-6.362	-3.657	-0.994	-7.131	-8.609	-5.338	-4.295	-5.884	-3.681	-0.029	5	ScrambledCars
-1.804	-3.531	-1.940	-1.741	-3.811	-1.200	8.245	14.102	10.728	11.323	12.949	9.248	-3.733	-5.372	2.567	-1.463	5.028	7.106	-8.985	-9.483	-12.934	-17.108	-12.841	-10.240	-11.315	-6.480	-2.518	5.292	5	Faces
-3.858	-0.379	-0.730	5.765	8.797	6.662	-0.295	7.129	4.995	3.763	5.440	8.285	-2.961	-1.779	-9.152	-1.406	-13.604	-17.406	-10.459	2.125	1.516	-10.698	-14.029	-0.088	8.397	13.875	9.837	9.213	5	ScrambledCars
-0.427	-7.718	0.585	0.177	8.666	7.395	12.734	10.985	12.580	11.555	11.524	6.133	8.667	2.941	-6.565	-12.367	-13.360	-7.025	-9.950	-8.816	-1.370	-8.430	-3.473	-2.214	-2.753	-1.127	1.101	3.683	5	Faces
14.064	-13.111	-12.486	-13.231	-9.722	-9.662	4.035	6.425	12.031	10.028	11.535	14.843	7.271	0.730	1.026	-12.729	3.358	-18.110	-5.386	-2.781	-1.418	-5.771	-4.772	19.665	10.223	11.559	12.774	13.533	5	ScrambledFaces
-6.887	2.299	-0.959	11.808	1.235	0.083	-5.325	-7.781	-5.128	-10.077	-5.829	-7.696	-5.239	0.408	1.616	6.184	9.758	3.149	7.156	3.191	6.505	3.012	0.746	-3.882	-0.795	3.579	-6.906	0.755	5	ScrambledFaces
-11.853	-9.484	-10.037	-11.973	-7.076	-8.318	-3.225	6.064	10.166	6.877	11.351	8.634	-5.805	-6.277	-8.294	-5.615	-9.889	-1.905	-4.218	-8.669	-5.558	2.023	3.118	6.294	13.463	17.294	6.576	11.425	5	ScrambledFaces
-10.047	-5.788	-0.796	-4.820	-2.508	5.130	4.269	4.596	13.630	10.721	11.308	6.472	-1.775	-3.507	-6.764	-6.306	-6.601	-5.313	-5.864	-8.629	-5.945	5.698	0.462	-1.841	-2.373	-0.108	4.530	9.421	5	Cars
9.238	7.243	6.173	4.935	2.067	3.084	2.653	-2.615	-2.768	-0.345	-3.426	-5.416	1.919	2.554	5.308	4.924	6.116	-1.717	0.708	3.590	2.635	-1.913	-4.017	-2.779	-10.487	-6.781	-7.672	-3.926	5	Cars
2.581	1.610	-0.200	1.109	-1.002	-1.652	0.644	-8.310	-4.412	-0.171	0.643	-2.133	3.476	3.004	6.328	3.378	4.953	6.874	-2.088	2.324	5.798	-2.563	-7.491	1.494	-11.015	-8.085	1.829	-1.266	5	Faces
8.813	-3.336	2.520	-6.818	-11.704	-7.842	-6.277	2.306	9.421	1.090	11.898	6.763	-12.514	-13.950	-1.018	-4.697	-4.588	-0.825	-7.389	-10.335	-14.121	-10.853	-6.194	-7.428	-0.559	6.527	0.580	6.563	5	ScrambledCars
15.637	1.217	3.743	-1.653	-2.590	-6.406	-6.416	-1.520	0.147	-6.368	-3.083	-3.097	-10.369	-2.053	4.117	2.464	1.524	1.221	-1.750	-0.147	-1.450	-7.744	-2.376	-11.591	-2.025	-2.069	-9.161	-1.721	5	Faces
-9.105	-4.060	-5.650	1.415	3.095	3.823	3.767	1.745	1.972	2.206	-1.763	-5.409	5.271	10.016	0.283	2.319	3.172	3.400	6.707	8.144	9.331	10.832	4.148	3.009	-2.093	-3.229	0.506	-6.151	5	ScrambledCars
-5.586	-1.951	0.232	2.069	5.676	1.977	6.699	4.072	8.595	8.181	5.135	2.210	8.995	7.377	-2.603	-2.996	-5.860	-3.719	0.755	6.292	7.671	3.673	-5.026	11.033	-3.160	1.453	8.458	3.166	5	Cars
3.047	0.860	7.175	-1.645	1.741	-1.904	0.065	0.694	7.156	4.179	5.476	0.662	-0.204	-1.124	-1.890	-2.081	-2.387	-6.908	-4.160	-2.566	0.139	-3.838	-8.954	-2.135	-1.655	1.922	-1.594	0.201	5	ScrambledFaces
-0.859	2.259	-1.725	1.364	6.763	1.128	9.278	0.967	9.571	9.432	11.727	4.496	3.194	1.624	-2.070	-1.652	-5.790	-7.839	-4.673	1.909	1.312	-3.623	-2.303	3.168	-1.818	4.348	6.481	3.024	5	Cars
-4.108	0.652	-3.812	-0.925	-1.432	-3.050	-3.729	3.152	4.756	-1.230	4.524	-0.694	-13.264	-9.874	-0.119	2.361	2.582	6.267	0.497	3.958	-6.049	-4.095	-3.271	-7.201	3.302	4.924	-4.349	3.186	5	ScrambledCars
-14.492	-9.830	-9.150	-6.814	-1.837	-8.439	5.514	12.188	21.674	11.120	13.651	8.481	-1.699	-5.543	-8.956	-8.016	-7.954	-3.818	-4.082	-6.970	-7.071	-3.100	1.459	4.839	13.696	17.291	9.284	9.251	5	ScrambledFaces
6.997	5.334	1.810	4.994	8.009	6.176	9.278	4.614	7.259	8.180	8.883	3.123	1.106	0.097	1.890	2.166	1.018	-9.043	-4.297	0.411	0.419	-6.628	-9.925	-4.250	-4.532	1.247	1.910	2.113	5	ScrambledFaces
6.651	2.473	6.755	5.314	0.678	1.341	-2.496	-0.654	0.781	-2.376	1.610	-1.869	-5.356	0.027	1.747	3.030	0.359	-0.301	0.233	3.538	-0.116	-1.863	-5.047	-1.271	-1.025	1.119	-2.911	-5.310	5	ScrambledCars
6.165	0.943	-5.315	2.431	2.840	-2.392	6.931	1.900	4.170	3.288	1.970	2.550	0.712	3.348	1.375	1.625	-2.908	-5.896	1.636	7.077	4.616	1.203	-1.144	-1.931	-6.991	0.909	-1.384	-0.336	5	Cars
0.722	-4.411	-2.412	-1.393	5.148	0.266	0.177	4.264	9.191	2.693	2.003	0.107	-5.944	-1.381	-2.922	-2.594	-4.014	-3.841	-1.858	2.280	4.162	-4.368	-2.922	-3.648	4.798	9.636	-3.241	0.929	5	ScrambledFaces
2.373	-8.964	-4.905	-10.715	-13.899	-12.700	-2.503	3.626	7.398	4.656	10.303	11.742	-2.050	-4.695	-1.807	-1.665	-6.587	-2.026	-7.964	-3.707	-5.040	-3.906	-1.760	3.233	6.125	13.448	12.676	15.664	5	ScrambledCars
17.383	-0.642	16.264	-5.543	-3.714	5.200	-3.084	3.173	-0.739	-5.619	-1.863	0.751	-11.552	-12.486	0.494	-14.802	-11.176	16.367	-10.514	-15.257	-14.565	-9.572	0.087	-12.540	-2.538	-1.033	-9.986	-1.465	5	Faces
-2.723	-3.254	0.198	5.552	6.247	4.082	7.721	-3.688	0.410	0.306	-1.827	-0.832	10.340	8.346	-0.074	0.773	-1.098	-3.582	1.393	1.544	7.765	5.979	-2.650	1.201	-10.020	-2.554	-0.864	-1.918	5	Faces
3.407	2.963	0.549	-0.453	-6.364	-4.515	-4.414	-3.309	-5.591	-0.290	-2.383	-11.975	2.676	2.345	4.277	-0.408	3.982	9.507	3.327	4.103	1.241	0.241	1.549	-0.402	-0.379	-0.392	-3.948	-5.518	5	ScrambledFaces
37.796	11.460	10.643	4.697	-0.655	-4.129	-10.249	-15.714	-12.482	-17.996	-13.128	-16.382	-11.326	-3.502	15.145	5.436	7.950	7.519	4.038	2.997	0.301	-2.514	-7.063	-10.608	-8.194	-7.539	-15.950	-12.374	5	Faces
-19.588	-11.455	-17.899	-4.385	-0.791	-1.503	8.842	5.193	10.096	13.457	17.435	17.668	7.182	6.460	-7.923	-5.302	-8.809	-4.450	-3.338	2.102	3.731	3.116	-4.053	4.977	8.252	14.491	10.726	14.671	5	ScrambledFaces
-10.229	-3.062	-2.078	-7.809	-9.079	-4.031	-10.473	3.655	5.775	0.165	6.750	5.129	-5.155	-9.694	-9.138	-15.099	-6.359	-1.391	-7.442	-11.383	-8.969	-6.160	0.583	1.768	13.876	17.666	6.419	8.177	5	ScrambledFaces
-6.503	-4.146	-4.865	-6.636	-4.196	-5.126	1.521	4.554	7.238	5.429	10.892	15.250	-0.008	-6.091	-5.444	-5.588	-4.488	-6.415	-8.305	-9.575	-8.531	-12.093	-9.544	-0.054	6.640	10.428	7.268	16.310	5	ScrambledCars
-13.302	-8.416	-5.830	-7.351	-2.026	-2.503	-3.759	5.330	6.092	0.565	4.327	0.383	-9.672	-11.251	-3.383	-4.934	0.467	13.905	-1.416	-4.878	-4.812	-1.483	3.206	-8.747	8.016	6.812	-2.993	-1.455	5	ScrambledCars
5.484	-0.018	-4.428	-4.467	-7.659	-9.440	0.621	6.573	8.887	3.976	9.995	5.522	-2.834	-2.087	2.082	4.525	-1.720	0.424	-6.795	2.261	-2.169	-6.396	-10.286	-1.989	1.793	5.386	2.164	8.064	5	Cars
5.365	5.460	10.924	-0.536	-10.676	-3.514	-15.522	-4.929	-1.870	-7.156	-2.410	-5.214	-14.940	-12.663	3.499	13.898	5.211	8.124	2.808	6.358	-3.021	-5.584	1.529	-9.618	1.437	1.520	-8.857	3.252	5	Faces
-6.724	-6.648	-9.368	-5.838	-3.868	-5.815	12.241	9.848	17.898	15.406	14.868	3.281	2.737	-3.227	-2.652	-4.989	-1.563	-0.136	0.150	-6.808	-3.179	-2.781	2.290	-3.982	5.721	6.329	2.592	6.219	5	ScrambledCars
2.726	1.811	4.189	3.932	8.067	10.243	1.740	2.071	-0.023	-0.836	-7.029	-12.444	2.864	2.983	0.797	-0.683	-1.616	3.394	-5.170	0.320	3.177	-5.339	-3.599	-1.165	0.630	-2.316	-3.440	-7.024	5	ScrambledCars
-15.155	-5.190	-8.823	1.005	1.622	0.117	2.257	3.664	4.576	2.827	-3.015	-3.825	3.518	5.080	-6.467	-4.722	-2.756	-3.332	1.471	0.042	1.806	2.502	-0.629	3.018	4.783	-2.864	-2.376	-1.896	5	ScrambledFaces
16.364	9.260	16.151	5.960	4.492	6.601	-10.252	-2.451	-11.281	-17.076	-7.589	-7.911	-11.522	-6.447	5.856	3.529	4.610	9.550	3.436	2.133	-0.251	4.515	3.766	-8.802	-5.377	-7.010	-13.052	-9.924	5	Faces
-11.982	-6.781	-2.998	-6.947	-8.483	-7.558	-8.977	0.986	1.072	-4.889	-0.161	2.824	-6.900	-7.601	-6.516	-9.738	-0.979	3.966	-3.227	-4.962	-8.063	-4.106	-2.438	-0.166	12.002	11.229	-0.612	7.585	5	ScrambledCars
-3.981	-8.642	-11.394	-3.660	1.383	-4.441	3.861	1.262	8.775	7.569	6.632	5.927	2.691	2.909	-0.579	-4.671	4.040	-4.649	1.917	-0.590	1.839	2.357	-0.544	1.527	7.135	7.918	5.227	4.831	5	ScrambledCars
-5.242	-1.348	-1.325	3.038	5.177	-2.954	4.840	1.845	6.837	6.281	4.671	1.530	7.306	3.614	-4.367	-2.376	-3.420	-10.887	-2.855	-3.888	1.394	-1.822	-4.896	1.319	3.662	5.756	5.860	8.631	5	ScrambledCars
-14.088	-8.645	-6.889	-7.902	-1.201	-1.413	0.445	6.953	9.549	3.307	7.024	5.955	-5.765	-3.533	-9.637	-11.461	-6.204	-4.652	-4.358	-6.117	-7.745	-2.062	-0.717	0.567	14.004	17.024	9.416	10.601	5	ScrambledFaces
11.939	-3.617	6.989	-2.557	-5.305	-1.495	-4.233	4.675	5.747	-10.176	-0.369	-0.189	-5.302	-4.376	0.503	-3.605	-0.850	0.267	0.227	-5.159	-1.532	1.835	-0.755	-3.466	-0.187	-2.087	-5.552	2.770	5	Faces
-3.339	-5.219	0.419	-3.710	0.055	1.781	1.618	4.680	7.770	3.087	4.357	1.121	-0.775	2.917	-1.884	-3.371	0.870	0.840	-1.094	-1.464	2.125	-2.466	0.919	-2.373	2.754	2.935	-1.585	1.597	5	Faces
14.575	9.142	17.091	9.348	11.845	14.008	-0.339	6.507	3.451	-4.360	-0.889	-8.520	-10.703	-6.666	4.379	4.467	6.988	-3.087	4.336	2.239	-1.134	-0.036	-2.536	-9.247	-16.799	-17.245	-14.326	-9.395	5	Cars
10.060	5.031	-1.876	4.259	5.442	-2.637	3.189	-6.660	-0.792	-3.729	-3.761	-5.896	9.093	10.498	8.129	6.665	9.411	-1.052	9.071	10.683	10.823	9.547	5.537	5.841	-3.966	-3.781	-0.964	-2.850	5	Cars
-7.398	8.495	-7.406	12.835	18.871	8.465	14.374	5.407	5.366	6.688	-2.844	-5.985	9.199	14.757	0.436	5.658	0.526	-5.825	2.155	12.741	14.088	3.336	-2.668	1.671	-7.211	-5.725	-0.530	-7.818	5	Faces
0.886	0.377	-0.937	1.303	2.139	-1.363	-2.022	-0.664	2.813	3.052	3.147	0.481	-2.967	-2.568	1.288	2.359	5.183	-1.539	4.176	0.455	-1.099	6.223	-0.404	-3.827	3.833	-0.373	-4.735	-0.980	5	ScrambledCars
15.971	4.166	16.173	1.938	0.414	-0.943	-4.045	-5.171	-3.083	-4.169	-10.101	-11.999	-4.580	-3.221	5.559	-0.244	-0.333	8.055	-3.031	-5.006	-2.051	-2.844	-7.387	-8.413	-9.282	-9.959	-8.361	-9.612	5	ScrambledFaces
-2.526	-0.060	4.675	0.697	-4.291	1.731	-0.432	9.165	11.995	6.389	8.949	5.189	-5.850	-8.269	-4.643	-5.380	-6.425	-0.330	-11.359	-4.096	-5.360	-15.107	-13.075	-6.434	4.354	6.851	2.142	5.088	5	ScrambledFaces
-13.856	-1.218	-4.271	2.603	2.632	2.894	-5.951	2.569	0.563	-2.829	2.562	6.581	-3.826	-0.355	-5.495	-0.675	2.611	-3.748	4.733	6.749	6.688	1.351	2.866	1.527	9.850	10.436	3.107	8.574	5	ScrambledFaces
-18.027	-8.006	-1.274	-11.137	-4.306	-6.521	-5.826	-4.531	-7.147	-3.304	0.415	0.300	6.613	2.775	-6.323	-2.913	-1.302	1.664	3.189	-3.358	2.703	10.627	4.698	4.446	8.270	6.950	8.586	5.426	5	ScrambledCars
-15.875	-3.622	0.196	0.239	1.832	6.277	3.522	5.229	7.142	3.396	6.023	5.371	1.131	2.684	-6.759	-7.880	-3.042	-1.377	-2.845	-8.234	-1.260	-2.535	-5.298	2.466	0.148	2.967	7.878	4.299	5	Cars
-2.260	3.085	0.362	4.345	2.465	4.440	-6.838	-1.814	-1.899	-5.340	0.618	-5.699	-18.472	-10.933	2.313	7.374	8.537	7.225	4.436	2.511	-4.710	-0.059	5.131	-9.634	-1.203	-1.179	-11.181	-7.883	5	Faces
15.738	-7.897	-0.672	-8.267	-4.789	-2.050	-4.440	2.835	2.819	-2.133	4.830	4.535	-7.784	-6.624	1.902	-5.879	-3.043	3.385	-2.392	-6.334	-5.931	-4.934	-1.255	-8.913	4.624	1.738	-6.614	5.083	5	Faces
0.358	6.313	4.563	5.408	-0.251	10.196	-2.630	4.666	-1.175	-5.777	-4.601	-4.249	-5.948	-2.830	-0.026	6.496	-1.458	1.768	-3.183	1.459	-4.317	-5.210	-3.098	-6.787	-8.585	-4.224	-3.880	-4.098	5	Cars
-1.375	-8.484	-6.086	-4.452	-3.296	-6.235	-2.524	3.532	8.354	0.574	9.708	12.614	-0.365	-2.126	-5.520	-8.490	-3.743	-9.090	-3.279	-3.946	-3.491	-0.418	1.749	4.196	15.146	18.254	8.406	14.618	5	ScrambledFaces
-0.156	0.072	3.635	1.350	3.162	2.452	4.530	-3.490	-0.854	0.174	0.505	-1.799	10.014	9.940	-2.710	-3.356	-6.886	-3.807	-2.438	1.338	4.971	7.038	6.324	8.564	6.647	10.952	6.525	2.710	5	ScrambledFaces
-2.765	2.229	6.684	4.311	5.627	9.617	2.828	12.100	14.540	9.336	4.841	0.766	-2.539	-2.379	-5.315	-3.353	-3.182	-8.099	-4.402	-1.650	-2.157	-8.784	-5.928	-9.437	-4.394	-1.837	-8.070	-4.140	5	ScrambledCars
-6.893	-10.737	-6.682	-5.150	1.303	0.863	6.080	2.350	5.691	7.306	5.764	6.605	10.771	7.769	-8.389	-9.408	-13.994	-11.352	-4.463	-1.326	2.327	0.589	-2.218	9.199	4.634	6.091	9.851	7.418	5	Faces
-15.863	-2.290	-2.818	0.066	5.494	-0.801	9.734	6.630	6.977	7.974	5.721	1.869	3.995	4.877	-4.055	2.129	-0.920	1.735	0.936	7.338	8.684	-0.876	-0.368	2.225	7.456	5.979	2.774	-0.888	5	Faces
8.225	-5.788	-1.445	0.155	2.326	-8.535	4.824	2.238	9.021	3.940	0.294	1.469	4.083	5.869	-1.726	2.993	-6.853	-15.764	-3.978	2.585	5.476	-5.445	-8.861	0.835	-0.189	4.636	2.215	0.695	5	ScrambledFaces
0.877	-3.199	4.366	-5.003	-8.373	-8.403	-13.143	-3.346	-1.278	-5.641	6.062	7.345	-11.475	-9.888	-0.819	-3.377	0.175	6.257	3.133	-2.900	-3.919	2.189	5.217	-3.106	3.508	10.301	2.315	10.707	5	ScrambledFaces
-1.746	3.315	10.335	0.494	-0.665	-2.262	-6.314	-8.378	-6.217	-2.758	-3.303	-0.558	-1.201	-0.656	2.857	6.637	6.069	4.464	2.778	7.011	3.202	4.774	5.631	2.613	-6.389	-1.572	1.298	0.204	5	Cars
-13.733	-5.639	-1.222	-4.685	-3.539	-7.617	-7.778	-6.536	-2.352	-3.962	-7.386	-8.605	-1.693	1.101	-4.996	-2.105	-2.231	1.018	-5.559	1.672	1.662	6.663	-5.791	-2.896	-0.741	1.967	0.080	1.065	5	Faces
8.381	-0.374	2.920	-2.814	-0.227	0.279	1.730	2.633	-0.073	-0.670	-0.950	-0.226	-3.973	-4.928	1.361	-1.144	0.003	-1.266	0.679	-3.573	-4.890	-3.411	-1.746	-9.047	-6.300	-7.426	-5.254	-0.837	5	Faces
2.264	-0.369	-4.881	-3.520	-5.299	-8.982	-9.759	-12.321	-13.624	-12.032	-11.677	-2.860	-2.062	1.936	5.252	4.739	6.061	5.521	5.289	6.344	3.242	6.467	-8.064	6.226	1.299	3.484	3.998	-1.549	5	Cars
-13.408	-9.426	-11.631	-5.609	-5.636	-2.337	4.940	14.015	19.066	13.401	11.885	7.390	-6.480	-14.120	-8.612	-15.672	-9.175	0.272	-4.270	-13.730	-14.086	-3.182	1.589	3.244	7.759	15.251	11.283	7.957	5	ScrambledFaces
-1.424	0.035	4.647	-1.762	-3.961	-3.930	-0.905	6.379	6.992	1.994	8.808	8.624	-2.518	-6.154	-3.978	-1.073	-5.806	-2.883	-8.903	1.068	-0.021	-10.769	-12.134	-5.371	4.955	11.824	4.141	7.144	5	ScrambledFaces
3.662	-3.048	1.958	-4.532	-6.819	-4.102	-4.989	1.979	2.924	-3.491	-1.213	-1.149	-8.011	-6.388	0.492	-2.911	1.639	3.178	2.292	-6.249	-4.329	4.981	9.257	4.658	5.223	6.388	4.145	-1.764	5	ScrambledCars
7.598	10.472	8.793	14.017	11.322	9.136	4.687	8.424	8.590	6.494	1.995	-1.296	-2.825	-6.299	-0.712	-2.126	-5.396	-4.164	-9.927	-0.039	-2.496	-14.151	-11.385	-15.048	-10.693	-8.946	-10.258	-5.850	5	ScrambledCars
1.224	-5.646	-4.240	-3.914	-6.855	-1.701	-3.672	1.881	4.125	2.407	2.852	0.243	-1.899	-5.108	1.369	-3.342	1.859	7.692	2.547	-1.211	-4.992	2.431	6.676	-0.606	3.340	2.261	-3.290	0.129	5	Faces
-1.458	-11.800	-9.814	-12.548	-13.886	-19.148	-1.912	-0.039	7.757	4.003	10.432	11.092	-0.718	-5.808	-1.825	-5.210	-1.038	-1.648	1.078	-10.563	-4.440	0.482	5.395	9.457	16.804	18.569	14.425	11.668	5	ScrambledFaces
-5.419	3.624	-3.416	5.257	5.711	6.453	4.593	4.647	7.490	8.806	8.639	4.676	2.264	2.542	-6.189	-0.725	-8.959	-13.354	-7.342	2.557	4.180	-8.156	-11.446	-3.578	-0.199	8.886	1.857	3.039	5	ScrambledFaces
8.939	6.899	-0.531	8.000	10.173	0.583	2.163	-1.009	-0.561	-0.786	-3.094	-3.322	1.633	5.048	4.994	4.867	3.940	-4.084	0.227	10.462	7.663	2.541	-2.653	-1.145	-7.120	-6.245	-2.271	-1.086	5	Cars
2.388	15.356	10.707	9.800	2.263	3.539	-10.437	-2.754	-3.527	-6.201	-2.447	-6.705	-14.459	-10.180	2.925	10.232	8.128	3.036	3.370	8.730	-3.215	-5.156	-4.611	-13.441	-4.823	-5.633	-12.435	-5.905	5	Faces
-8.918	-7.132	-7.900	-5.406	-10.973	-6.044	-10.736	11.545	13.796	5.010	12.533	10.345	-8.307	-12.127	-6.004	-2.659	-1.980	-3.096	-3.653	-9.340	-11.519	-5.463	-2.489	1.111	9.252	10.328	4.399	12.275	5	ScrambledCars
-12.214	-9.928	-7.993	-6.085	-2.427	2.215	16.973	20.600	24.530	23.776	16.814	14.930	-0.360	-10.257	-6.392	-17.161	-17.889	18.163	-21.599	-12.508	-10.705	-26.848	-21.017	-10.259	6.082	11.294	2.711	9.527	5	Faces
-2.256	5.284	2.133	1.863	-1.412	-3.463	-2.337	8.555	13.430	-0.956	6.227	4.194	-12.636	-6.101	-6.951	-0.805	-8.729	-9.401	-6.189	-0.806	-5.282	-8.339	-12.513	-2.506	6.573	7.935	0.320	4.545	5	ScrambledCars
-14.620	-10.309	-13.127	-4.242	0.911	-3.564	9.182	7.605	14.410	14.926	15.146	13.763	7.691	-1.717	-7.914	-13.562	-12.973	-0.731	-8.491	-11.234	-5.878	-4.946	-9.802	1.799	5.396	15.152	12.523	14.240	5	ScrambledCars
-0.117	-8.308	-2.619	-8.098	-7.222	3.051	-0.973	4.099	9.825	3.575	3.371	5.576	-11.028	-11.912	-3.599	-12.567	-1.179	2.022	-7.199	-13.550	-12.587	-7.170	-0.957	-3.909	13.870	12.783	1.625	8.596	5	ScrambledCars
-5.424	4.420	-1.605	8.261	16.489	10.736	14.504	7.906	7.687	7.978	-0.139	-2.695	4.700	3.263	-3.898	2.458	-5.678	-10.095	-4.287	4.280	2.233	-1.946	-6.822	-11.011	-11.914	-11.065	-8.187	-4.695	5	Faces
