FP1	F3	F7	FC3	C3	C5	P3	P7	PO7	PO3	O1	Oz	Pz	CPz	FP2	Fz	F4	F8	FC4	FCz	Cz	C4	C6	P4	P8	PO8	PO4	O2	ID	Condition
-11.278	1.350	5.955	1.993	0.915	-0.965	1.733	1.457	3.558	6.792	3.174	-0.553	8.718	4.526	4.156	0.623	-0.007	-8.245	-19.689	2.763	5.344	-0.245	-0.364	5.834	0.549	1.930	0.010	8.556	6	ScrambledCars
-4.604	-1.122	2.564	-0.143	2.433	-4.002	-2.826	-5.013	-2.703	4.073	-0.472	-1.439	-3.714	2.860	4.756	-2.828	-2.418	-5.848	27.639	-2.849	-2.522	-6.397	-4.591	0.245	1.654	2.342	0.676	0.638	6	ScrambledCars
-14.070	1.814	-4.902	1.850	1.779	-4.478	1.698	-1.692	-1.840	-0.617	-1.879	0.166	10.665	5.896	0.025	1.944	7.273	0.465	8.445	7.632	10.543	9.602	3.402	5.033	-0.034	-1.152	0.786	6.110	6	Faces
-0.478	0.718	-4.276	1.555	1.177	4.456	-0.744	-0.190	-2.029	-1.725	-1.916	-5.513	-7.318	0.930	6.861	1.121	-8.746	-4.900	1.117	5.656	3.636	4.796	1.459	5.140	4.719	3.442	2.188	7.493	6	ScrambledFaces
-8.779	-4.825	-9.466	-5.058	1.113	-7.768	0.233	-3.305	0.162	-1.596	0.811	-1.808	-2.142	-1.874	1.868	-2.766	4.907	6.269	26.338	-1.737	-2.561	-0.845	6.731	2.309	3.433	1.733	0.778	-1.965	6	Cars
-7.229	-10.148	-8.132	-8.319	2.147	-3.398	2.942	4.671	6.205	7.461	4.059	3.603	2.472	9.746	-8.177	-6.224	-7.713	-0.946	-4.867	-4.084	5.022	2.186	1.631	7.665	7.130	5.440	5.926	5.431	6	ScrambledCars
-6.201	-5.274	2.237	-4.157	-3.129	-1.463	-3.568	2.939	3.436	3.350	2.023	1.548	-5.620	1.801	-2.396	-1.811	-1.581	5.675	3.024	0.917	3.640	1.624	-1.884	-3.056	0.318	2.497	-4.188	-3.027	6	ScrambledCars
-1.527	2.714	-1.132	-0.763	3.254	-0.146	-5.018	-0.134	-2.454	-2.983	-4.411	-3.960	-2.317	-0.312	1.421	2.753	-3.056	-7.262	4.754	3.537	1.660	2.937	-0.873	1.863	-2.304	2.955	5.273	5.026	6	Cars
-5.277	-2.648	-5.270	-3.569	1.250	-5.529	-1.721	-6.059	-1.198	-1.332	-3.019	0.738	0.617	1.125	-5.839	-0.030	1.693	-0.908	8.203	-1.208	0.695	2.528	4.341	5.187	6.082	6.143	1.358	-4.878	6	Cars
-9.317	-4.543	-9.391	0.535	6.767	1.367	5.739	-2.792	0.751	6.670	3.454	0.286	12.946	7.764	-12.618	-1.073	-1.253	-11.316	1.564	1.052	7.098	4.331	-0.886	5.133	3.113	6.098	9.206	-0.320	6	ScrambledCars
-4.112	2.138	4.326	-4.550	-4.001	-2.574	-5.122	0.444	-0.765	-5.707	-3.792	-0.289	-4.977	-1.638	-4.100	-2.104	6.845	4.311	0.184	-0.082	-1.278	3.439	0.399	-0.837	2.809	4.579	-0.503	-5.127	6	ScrambledFaces
-2.590	-8.194	-4.962	-6.873	-2.061	-0.265	5.789	0.254	1.097	5.041	5.456	3.711	-0.063	0.194	-2.150	-5.750	-4.821	-0.271	8.751	-7.403	-4.279	-4.964	-0.424	4.058	4.408	3.620	4.231	8.909	6	ScrambledCars
-0.117	-2.170	-5.610	-0.094	1.615	3.235	7.480	-2.148	-0.302	0.132	-0.222	0.076	-2.296	4.196	-0.241	-0.985	3.553	-1.813	1.608	0.622	2.551	0.143	-2.326	2.179	-0.248	1.388	1.819	0.335	6	ScrambledFaces
-6.106	4.174	1.139	8.297	6.880	1.243	7.154	2.150	1.465	5.920	1.459	-0.999	8.111	5.496	-3.035	1.854	-10.816	-5.786	-0.598	1.169	3.075	-0.254	-2.076	3.600	-0.519	-0.964	0.002	-2.645	6	ScrambledCars
-4.907	-7.958	-7.257	-4.964	-8.201	-5.332	-1.815	-1.276	0.472	-1.233	4.334	4.276	-0.779	-0.135	2.716	-2.344	2.361	1.989	8.771	2.453	2.912	4.441	5.891	2.551	7.409	8.296	4.751	10.012	6	ScrambledCars
-7.535	-7.639	-3.272	-7.140	-4.302	1.622	4.480	8.577	8.108	5.049	8.842	4.918	-1.381	-0.571	-7.409	-6.430	-10.871	-3.002	-5.389	-7.622	-1.926	-4.861	-4.576	1.981	4.267	4.116	16.025	8.148	6	ScrambledFaces
-8.416	-3.737	-10.113	-1.938	8.122	1.680	5.796	-2.317	2.672	10.047	7.781	4.378	24.036	7.156	-9.509	-2.570	-11.337	-7.036	-18.569	2.735	2.330	3.285	1.425	6.435	4.059	3.954	5.041	4.113	6	Faces
-2.946	-6.508	-3.079	-2.044	1.320	0.828	4.215	4.109	2.734	0.918	1.113	-2.633	8.138	1.823	-1.898	-1.934	-2.916	-1.715	3.005	0.290	-0.595	1.396	1.662	1.590	1.724	-1.811	2.680	-4.569	6	Cars
-3.328	-0.858	-3.713	1.237	-1.647	0.519	3.178	-0.312	0.578	-0.211	1.322	0.640	-3.059	4.702	-6.517	0.352	3.965	3.048	3.472	3.632	5.649	4.858	4.787	3.353	-1.354	2.806	0.085	-2.649	6	Faces
2.944	-1.860	0.759	-2.104	1.330	-1.950	1.399	1.835	0.217	-1.428	-1.320	0.005	0.042	6.962	0.555	-3.371	-3.894	-0.320	-7.910	-0.862	4.483	8.775	3.205	4.132	2.357	2.568	-0.792	-7.672	6	ScrambledFaces
-12.413	-4.295	-7.558	1.419	3.167	-0.315	10.825	6.138	10.240	13.246	12.833	12.421	6.451	3.785	-6.808	-5.530	-6.642	-4.783	-13.137	-3.981	-2.918	1.468	-6.767	6.169	3.435	-4.146	-3.023	6.865	6	Faces
1.436	1.915	0.410	1.519	0.421	-2.282	-1.431	-2.518	-0.036	-1.653	0.583	-0.012	-11.413	-0.848	-1.634	-0.670	-4.809	-1.278	9.392	4.430	3.805	-0.185	2.099	1.775	3.885	2.633	-0.291	2.798	6	ScrambledFaces
1.826	-4.358	-4.909	-1.437	-6.736	-8.264	-2.318	-5.757	-3.234	-1.156	-1.398	-0.808	4.388	2.458	1.922	4.613	10.342	-2.106	12.743	4.965	3.995	5.236	-0.137	0.828	1.700	4.761	-0.136	-0.279	6	ScrambledCars
-5.816	-2.176	-3.252	-1.247	-0.926	-0.809	0.811	-2.827	0.917	4.138	8.289	7.997	9.347	-0.735	-5.951	-2.302	-5.163	0.180	-8.324	-6.373	-2.465	-6.832	-1.067	4.318	3.465	8.091	-1.345	2.056	6	Faces
-1.517	-4.616	0.734	-3.024	-2.407	-2.978	4.909	-0.242	-1.846	0.429	-3.154	0.197	-0.338	4.471	3.049	-2.293	-2.427	1.619	-3.692	2.260	1.269	8.105	3.427	2.737	1.545	-1.149	2.587	-2.795	6	ScrambledCars
1.230	-0.571	-8.117	-3.743	-0.742	-5.939	6.984	5.979	4.803	8.852	3.658	5.745	6.266	5.285	-6.439	-2.160	-12.374	-6.814	-1.893	1.376	1.732	3.355	-2.979	8.020	3.746	8.007	3.685	5.536	6	Faces
3.470	4.193	11.782	6.614	2.809	2.446	3.758	5.052	3.162	2.001	4.386	3.701	-3.183	-2.368	-6.581	-1.240	-7.139	-5.785	-4.638	-1.630	-5.580	0.364	-1.854	-0.066	-0.603	1.626	9.788	-0.666	6	Faces
-7.090	-1.339	-11.397	3.200	0.197	-1.903	1.516	0.395	3.235	3.345	7.714	4.998	12.114	5.229	-8.889	-1.834	-6.346	-6.582	0.404	2.564	8.914	2.428	2.072	7.477	6.442	9.151	5.129	6.164	6	Faces
-5.713	-5.667	-6.791	2.505	3.412	5.037	5.402	2.833	1.515	2.094	-3.149	-4.615	-0.572	12.455	-2.412	-0.237	5.908	-4.479	-2.795	13.953	13.519	11.746	3.174	6.997	4.080	2.984	1.125	2.935	6	ScrambledCars
-9.773	-1.394	-11.072	-2.278	4.832	-4.958	2.410	-0.902	5.502	4.663	6.642	5.483	6.941	6.657	-13.190	-4.728	0.330	-4.782	3.019	-2.790	0.476	-3.363	0.217	3.609	6.215	6.902	4.599	4.493	6	Faces
-11.539	-3.638	-2.133	-3.699	-6.322	-9.411	4.208	-0.185	1.918	6.718	7.776	3.182	10.073	-2.812	-12.377	-1.886	-8.905	-1.444	0.936	-1.975	-0.190	2.173	5.168	6.279	5.364	2.248	1.301	-2.233	6	ScrambledCars
-0.601	-2.074	-5.996	4.676	2.952	3.281	3.865	5.003	7.160	6.409	8.214	7.280	0.959	4.688	-5.703	-2.072	-7.931	-5.484	-8.023	-2.837	3.251	5.572	1.876	5.405	4.107	6.877	-3.148	5.593	6	Faces
1.752	8.538	2.972	3.514	4.552	5.334	1.369	5.167	4.192	2.731	4.686	4.108	4.940	-4.211	0.570	2.344	-1.769	-8.685	-8.110	-4.513	0.926	-5.758	-7.364	-8.905	-6.131	-3.498	-9.721	5.571	6	Faces
-2.599	-4.927	-4.704	0.407	4.501	0.282	3.025	-1.742	5.988	7.503	4.519	3.310	-1.833	5.705	-4.871	-2.669	-9.089	-5.790	-0.865	0.618	6.708	-1.991	-0.382	3.692	4.613	5.149	-0.570	5.912	6	Faces
-3.719	-5.419	3.991	4.096	6.458	0.595	1.612	0.157	-1.408	-0.340	1.389	-0.386	-0.499	4.529	-5.745	0.221	-1.762	-5.525	-11.563	-1.616	1.798	-1.784	-0.791	4.099	1.938	5.200	3.507	1.312	6	Cars
-4.878	-6.347	-4.781	-3.801	1.589	-1.401	4.998	6.121	4.635	6.480	6.869	6.143	-3.149	4.040	-3.679	-4.048	-4.374	-3.880	10.484	0.128	4.540	3.660	1.822	3.846	2.256	4.978	4.649	7.610	6	Cars
-10.544	-6.387	-13.971	-1.926	3.899	-1.746	6.087	-4.912	0.839	6.531	3.237	2.974	4.665	5.209	-3.151	-1.747	-4.009	-7.402	6.824	6.831	10.074	3.312	1.841	6.095	5.212	4.869	6.827	3.369	6	ScrambledFaces
-2.360	1.351	-2.685	0.273	4.941	4.517	3.164	-0.036	-0.744	2.234	1.950	0.612	-4.247	5.536	-5.711	-0.299	1.294	0.812	5.585	5.060	7.843	-0.993	0.874	0.166	-2.433	-1.065	-0.566	-0.174	6	Faces
0.585	-7.442	-0.489	-3.329	-0.545	2.152	3.110	10.258	9.793	8.550	4.935	3.670	16.267	2.670	3.744	-6.159	-13.867	-0.801	-9.386	-3.082	-3.787	-2.367	-3.081	0.097	0.443	1.643	-7.983	2.090	6	ScrambledCars
-7.789	-6.401	-3.404	-4.389	2.065	-7.063	7.276	4.369	7.516	7.005	5.943	7.129	10.853	4.960	-0.913	-1.933	-9.140	-7.603	-6.828	-4.463	1.866	-2.086	-1.254	8.815	5.700	4.510	13.072	9.109	6	Faces
-0.651	-4.837	-4.050	-1.878	-0.234	-4.583	3.618	1.875	5.194	7.135	5.292	3.931	1.897	3.933	3.336	1.156	-5.111	-3.072	-3.716	1.888	2.116	2.207	3.698	1.023	3.270	3.890	-3.232	9.026	6	Faces
-5.349	0.096	-0.020	0.327	0.022	1.294	2.737	5.596	2.144	-1.204	-1.560	-2.074	2.355	4.623	-3.041	2.392	4.374	-0.774	-0.063	4.364	4.990	5.511	-0.234	0.836	1.016	-0.214	2.745	-3.311	6	ScrambledFaces
-17.319	-3.523	-14.109	-1.987	-0.608	-9.137	3.172	-7.006	2.459	6.301	6.366	8.923	7.195	11.679	-12.850	-3.843	-10.084	-9.968	-11.072	0.349	10.969	5.877	-0.554	14.297	8.373	10.503	11.552	13.465	6	Cars
-7.994	0.643	-1.693	-2.980	-1.720	-3.828	4.133	1.971	2.726	2.261	0.964	0.919	-4.533	1.008	-6.100	-0.903	6.177	-0.376	-2.254	2.177	0.129	-1.919	-0.410	1.078	5.122	3.638	0.643	-3.718	6	ScrambledFaces
-0.172	-11.475	0.296	-5.882	-7.341	-2.288	-0.990	1.492	5.924	2.049	4.625	3.678	-0.153	0.622	5.768	-3.357	-4.304	-0.091	0.770	-2.735	-1.059	-3.401	-2.649	-2.605	1.734	3.630	2.468	11.671	6	ScrambledCars
-2.137	-4.610	-3.748	-0.994	-4.171	-1.610	5.399	3.692	6.080	5.725	6.838	7.594	1.327	1.516	-1.374	-8.313	-3.470	-1.115	-5.853	-3.889	-2.153	-2.207	1.541	1.996	4.412	7.317	10.756	7.679	6	Cars
-12.294	-7.041	-6.896	-5.883	-1.849	-4.820	1.621	-2.250	6.361	2.736	6.780	4.214	12.291	-4.724	-11.362	-14.113	-4.644	-4.288	-10.346	-11.789	-5.823	2.560	1.032	5.068	10.447	15.717	6.693	8.458	6	Cars
-8.992	-10.882	-14.578	-9.610	-2.450	-6.099	9.121	3.500	9.847	10.506	11.668	8.272	7.156	7.075	-10.312	-9.447	-7.775	0.801	-2.673	-2.610	0.284	3.203	0.984	7.799	9.415	5.132	11.081	3.508	6	Cars
-12.570	-1.107	-6.366	-1.069	-2.833	-3.878	-2.006	-0.515	4.089	3.737	7.516	6.440	-4.548	-0.398	3.079	1.560	3.298	-5.630	5.380	-0.342	-2.161	7.572	-3.192	3.596	6.921	11.370	-0.176	1.778	6	ScrambledFaces
-9.898	-1.796	-0.770	0.346	2.517	-5.127	-3.070	-5.450	0.055	4.440	4.086	1.015	10.764	11.864	-15.871	-3.216	-6.387	-15.191	-2.159	1.112	11.725	3.239	0.546	9.252	5.969	8.297	6.921	8.835	6	ScrambledCars
-9.709	-3.904	-5.218	-0.505	3.470	-3.063	6.936	3.091	4.324	8.800	4.168	3.598	-0.095	5.793	-4.030	-8.086	-11.170	-4.108	-1.141	-4.793	1.879	0.030	-0.037	1.769	1.101	2.169	8.557	-1.598	6	Cars
2.789	1.595	1.397	2.421	-3.565	-0.608	4.516	2.576	2.527	1.971	3.694	0.384	3.547	-2.139	2.443	4.265	-2.118	-7.734	3.178	4.298	1.673	7.128	-0.097	-1.624	1.279	-3.923	2.229	4.007	6	Faces
-6.212	-3.501	-1.784	-3.619	1.175	-0.560	2.512	0.133	0.329	-2.932	0.003	-1.978	5.000	4.911	-4.367	-3.028	-3.574	-0.661	-1.980	1.083	3.922	6.819	7.941	4.737	6.045	3.739	6.894	2.926	6	Cars
-9.052	-1.116	-7.800	2.783	8.262	-2.023	2.790	-4.663	-2.864	0.084	-0.510	-0.568	-1.692	5.234	-6.906	1.615	-0.423	-4.896	21.324	8.758	8.080	4.206	-3.961	4.046	0.088	0.427	-0.936	-4.708	6	Cars
0.185	1.147	2.283	-5.045	-9.339	-3.948	1.444	4.987	0.637	0.650	3.120	6.862	-0.730	0.615	-2.102	-8.113	-6.249	0.509	-2.525	-7.190	-1.617	-1.500	-0.506	-0.247	2.066	3.564	6.317	6.127	6	Faces
2.892	-2.473	-1.656	-1.976	1.213	-4.290	-10.332	-5.567	-1.314	-6.036	-0.232	-0.217	-5.627	-2.652	-1.448	-0.609	9.062	2.497	-3.791	1.278	1.941	1.737	6.499	1.885	4.728	2.179	4.662	3.692	6	ScrambledFaces
-12.225	-0.995	1.920	0.523	4.626	6.610	6.326	-0.159	5.741	9.600	8.582	3.411	9.077	3.320	-18.047	-12.310	-10.158	-11.967	-8.709	-3.460	-4.923	-0.096	-2.262	4.785	3.021	8.218	7.273	8.058	6	ScrambledCars
-2.500	-0.905	3.285	-1.968	0.301	0.309	0.941	6.185	2.896	-0.176	0.205	-2.338	-3.453	-4.313	-3.525	-1.054	4.339	-1.353	0.407	-2.009	-1.985	4.153	-2.246	-1.758	1.276	0.195	2.936	-4.741	6	Cars
-3.858	-6.761	-7.452	-3.694	1.112	-1.248	4.211	3.014	3.417	4.024	4.167	2.555	5.459	3.913	-5.708	-2.948	-2.778	-4.981	-10.897	0.405	3.380	5.981	3.019	6.709	2.029	3.648	2.764	2.364	6	Faces
-1.246	3.134	1.601	3.763	3.090	-2.766	1.281	-5.028	-3.867	2.523	-1.652	-0.173	10.137	3.179	-6.751	2.474	3.837	-6.406	-5.675	4.363	3.495	1.432	1.151	4.820	6.588	5.301	5.685	1.221	6	ScrambledFaces
-4.548	-9.024	-1.833	1.251	6.705	2.783	7.199	1.530	5.929	4.925	3.647	1.358	5.233	4.177	-7.262	-3.934	-3.855	-1.598	-13.972	0.454	2.425	1.768	1.905	4.576	1.854	2.754	-1.007	-1.297	6	Cars
-1.092	-5.575	0.384	-6.913	-3.929	-7.966	-4.746	0.399	4.097	-1.465	5.891	6.808	1.872	-5.559	-2.264	-4.165	-4.041	-2.039	-1.278	-7.317	-6.183	-6.647	-3.272	-1.882	7.918	5.960	0.911	11.199	6	Faces
2.156	-2.234	-4.920	-0.054	-5.296	-3.250	-5.370	1.485	0.456	-3.701	-2.260	3.208	5.854	0.595	-0.107	1.014	-2.496	-0.552	1.001	1.711	4.051	8.332	3.913	2.474	4.997	4.896	5.244	-0.604	6	ScrambledCars
-11.887	2.575	-9.017	2.389	2.877	-4.444	3.656	1.396	3.531	0.910	7.127	1.760	-4.599	-3.208	-9.108	-0.748	-12.307	-8.257	15.266	-2.451	2.829	-1.719	-3.254	-4.384	1.383	6.786	-2.740	3.908	6	Faces
3.962	0.458	2.052	-0.188	7.006	8.531	3.845	6.788	5.011	0.096	0.657	0.203	-1.555	-0.066	16.189	-5.158	-4.619	-9.215	3.606	0.058	0.093	-5.370	-14.203	-5.883	-10.699	-9.190	-12.198	-1.398	6	Cars
10.163	5.875	4.267	3.709	7.769	7.887	5.546	10.614	6.851	9.416	3.342	-1.900	-4.458	-2.767	-3.553	4.110	-0.676	-8.130	-12.143	-4.232	-6.515	-5.922	-1.974	-2.905	-2.566	-2.634	-0.405	-4.061	6	Faces
-17.649	-2.814	-5.366	-5.757	-3.312	-6.969	2.706	2.305	4.494	13.525	11.491	10.607	25.908	0.972	-11.029	-5.943	-3.033	-3.078	-12.699	-3.103	-3.414	1.846	-4.121	8.208	1.759	2.293	10.610	7.938	6	Faces
-10.122	-3.478	-2.923	1.661	1.360	-0.944	-0.560	3.053	-0.444	-1.633	3.401	2.737	1.642	-1.010	-12.083	4.662	-4.505	-0.901	2.373	5.515	1.450	-0.266	-0.675	2.803	6.459	5.144	5.949	8.566	6	ScrambledFaces
0.363	2.794	-1.497	1.329	2.029	3.106	7.534	9.822	7.133	6.331	3.289	1.571	-1.933	6.893	-9.965	1.840	-2.431	-8.019	-0.882	3.835	5.897	-0.901	-5.618	0.702	2.635	2.099	1.618	-0.929	6	ScrambledFaces
-5.345	4.893	-9.838	4.853	9.356	-3.612	5.836	2.430	-0.407	3.708	-2.061	-1.044	5.832	7.495	-4.861	6.852	-1.032	-12.215	-0.548	12.922	14.644	6.532	-0.609	4.673	2.296	0.175	8.007	-6.653	6	ScrambledFaces
-5.078	-1.156	-7.518	-1.328	-5.077	-1.961	-1.718	0.390	1.161	3.460	3.189	1.334	11.277	2.192	-6.046	2.589	-0.516	-6.838	12.165	6.650	4.136	1.430	-3.835	3.975	3.287	3.323	5.630	1.152	6	ScrambledCars
-7.648	-5.120	-9.898	-0.383	6.291	-4.151	1.554	-3.938	-1.784	3.256	0.188	3.679	1.439	8.578	-2.776	-1.519	3.865	-7.229	6.166	8.164	11.674	3.027	3.641	9.274	1.488	5.166	6.636	9.414	6	Cars
-10.204	-7.429	-14.369	-6.947	2.358	2.890	8.148	2.325	6.384	7.915	5.721	4.074	2.888	6.863	-8.683	-9.180	-5.391	-4.500	-17.829	-5.287	2.991	5.418	4.950	10.002	10.728	9.821	8.760	5.815	6	ScrambledFaces
-1.851	-1.214	9.701	2.319	4.733	3.271	6.127	5.089	6.920	5.207	-0.351	-0.636	3.484	-4.226	-4.983	-8.278	-5.112	-0.233	-5.206	-9.824	-0.289	-5.288	0.450	-1.791	-0.564	-4.688	-4.114	-2.157	6	Faces
1.709	-3.322	9.318	-1.254	-5.284	-3.731	0.087	2.146	0.342	-2.206	-0.207	2.163	8.162	1.700	-1.559	-5.553	-5.625	-1.395	5.682	-2.549	5.397	2.429	-1.734	2.896	0.630	-1.408	5.637	0.192	6	ScrambledCars
-1.765	-2.693	-4.119	-4.528	4.782	-0.743	7.314	3.137	10.612	7.253	6.414	4.840	6.396	7.102	-8.719	-6.970	-0.795	-15.278	-12.866	2.876	3.107	0.117	-2.850	4.369	4.029	4.682	7.951	0.931	6	Faces
-7.118	-10.680	-14.679	-3.024	-8.746	-7.422	0.546	-6.526	1.054	4.939	3.650	3.636	10.032	4.473	-3.906	-0.112	2.050	-6.029	-5.093	-1.845	-1.213	12.395	4.841	13.270	11.756	11.531	8.506	9.699	6	ScrambledFaces
1.759	-2.579	0.779	-3.109	-8.586	-7.380	-2.369	-1.010	-2.276	1.795	1.859	2.957	-1.710	0.518	4.032	1.674	0.505	0.445	6.344	3.370	-0.981	-3.211	-3.291	-3.717	1.945	0.377	3.592	4.553	6	Faces
3.601	-10.310	-5.549	-4.124	-5.708	-0.758	-3.166	-1.610	1.166	2.962	7.734	9.317	1.779	4.813	6.740	-12.352	-5.250	-5.636	-26.632	-8.821	0.707	-4.464	-2.369	7.473	9.755	11.354	4.797	10.306	6	Faces
-14.882	-9.182	-10.565	-6.818	5.664	0.716	4.826	-1.515	3.592	8.947	5.423	7.055	18.939	5.309	-15.087	-7.446	-9.431	-4.289	-23.344	-1.010	4.434	8.475	5.684	12.078	9.283	12.742	8.199	14.979	6	ScrambledFaces
-5.520	-2.641	-1.298	3.397	2.265	-0.781	3.584	0.104	3.585	4.236	1.272	-0.119	0.325	1.507	-11.418	-0.875	-4.143	-8.788	10.160	3.346	5.340	-0.466	0.099	6.977	2.972	5.028	6.001	1.022	6	ScrambledFaces
10.319	3.007	7.852	0.001	-3.047	2.044	-1.768	6.733	1.671	-2.676	-4.566	-2.765	-4.809	-3.507	1.150	1.819	-3.339	0.394	-3.645	-2.506	0.186	-2.106	-4.183	-0.019	4.054	0.408	-5.343	-7.201	6	Cars
-2.461	-3.365	-5.826	1.538	8.285	1.637	6.630	3.082	7.955	11.401	12.352	10.386	10.766	5.743	-9.519	-1.078	-7.041	-14.260	-11.759	5.404	4.956	-1.039	-8.614	4.677	1.964	4.082	-0.286	10.039	6	Faces
-9.914	-1.919	-5.847	0.900	5.449	-4.833	2.418	-7.289	-8.134	-1.375	-6.152	-3.796	9.654	13.862	2.948	6.379	7.178	-1.719	-4.790	10.569	14.190	9.800	5.528	8.991	1.199	-0.422	4.024	-3.801	6	Cars
-4.018	-3.520	2.042	-1.995	-1.019	1.950	1.430	2.162	5.270	4.560	8.526	5.789	10.585	-2.117	-14.602	-10.190	-4.813	-5.121	-9.155	-9.154	-7.614	-3.473	-4.556	0.978	2.739	6.336	5.800	6.148	6	Cars
-2.101	-6.258	0.297	-1.185	-2.367	0.970	0.236	2.254	-3.144	-0.877	-3.207	-1.936	-1.924	-1.963	1.956	-7.244	-0.898	5.748	-0.207	-3.178	3.253	2.347	8.758	5.969	4.239	3.092	-1.284	2.350	6	Cars
-3.148	0.980	-0.776	6.455	10.129	-0.109	8.131	0.119	0.344	5.101	1.876	-1.017	1.593	2.715	-11.209	-1.030	-17.523	-7.547	13.975	1.636	7.618	-0.729	-2.095	2.738	-0.802	2.661	-0.833	-0.445	6	Cars
-4.790	-11.557	-2.802	-10.466	-10.771	-4.970	-1.942	-0.462	-0.237	4.529	3.650	1.865	3.846	3.346	7.535	-5.308	0.292	2.758	-11.756	-3.656	-3.092	-1.686	5.363	6.285	4.903	4.264	9.456	2.405	6	Cars
-12.415	-5.893	-10.041	-5.932	-3.540	-5.452	3.353	5.037	6.081	9.221	11.612	4.181	8.966	5.536	-10.622	0.034	3.469	-5.908	-23.686	3.076	7.018	8.708	2.164	6.816	9.488	4.705	4.034	8.247	6	Cars
-0.808	-7.946	1.347	-6.416	2.435	-3.882	-0.636	-2.200	-0.051	0.606	4.911	4.688	-0.287	-0.259	-1.312	-8.265	-4.332	-2.561	-4.084	-3.211	-2.406	-0.705	-1.464	4.288	5.224	6.499	11.180	2.028	6	Faces
-7.115	-8.781	-9.952	1.592	1.034	-4.164	4.337	-7.751	-2.181	0.984	-1.025	0.339	13.929	8.562	-4.821	2.898	1.700	-0.965	9.366	8.564	13.485	8.262	7.647	6.902	1.545	1.523	7.470	-0.541	6	Cars
-4.662	-2.859	-8.282	4.432	1.740	-1.479	1.148	1.167	-1.194	1.642	2.055	0.963	-3.592	1.754	-5.142	4.102	4.064	2.618	15.176	7.227	5.265	5.371	2.869	3.564	1.995	-1.973	-3.297	-2.573	6	Faces
-12.148	-8.996	-12.047	-1.562	4.621	-3.131	4.937	1.610	3.045	0.108	-0.972	-3.303	7.954	7.571	-6.479	0.232	2.713	-3.538	6.138	7.028	13.918	11.677	7.329	15.714	8.065	5.341	4.542	-0.065	6	ScrambledCars
1.888	11.277	-0.482	4.266	3.801	7.057	-1.467	-6.401	-8.796	-3.794	-11.489	-6.406	3.359	5.943	0.856	4.800	1.343	2.324	-9.413	5.623	4.340	6.376	5.571	4.999	4.621	-0.248	-4.537	1.339	6	ScrambledCars
0.202	-5.275	-4.455	-1.647	-2.390	0.816	2.802	5.457	3.035	3.252	2.461	4.470	-5.034	-2.063	-3.873	-4.556	-1.486	0.150	-1.130	3.010	-0.658	-0.469	2.144	1.060	1.434	0.105	1.442	4.490	6	ScrambledCars
-4.562	-12.315	-5.967	-7.671	0.642	-3.607	0.222	4.000	7.580	4.831	5.657	7.923	5.050	-0.450	-10.755	-9.970	-1.904	-1.900	-11.983	-7.209	-0.875	4.011	1.751	7.128	12.146	10.804	11.460	7.879	6	Cars
3.222	5.364	3.370	9.412	6.191	8.164	-0.804	-0.767	-4.169	-3.828	-8.249	-9.477	-2.310	3.426	-3.592	5.306	10.380	-2.659	-3.942	8.325	7.958	5.342	2.349	6.076	0.362	0.290	-1.596	-6.664	6	ScrambledCars
-6.474	-3.515	-2.637	-2.994	-0.952	-5.200	0.501	-5.425	-2.562	-0.688	-1.109	1.514	3.854	2.630	-11.196	-4.590	-5.475	-0.860	-5.165	1.563	4.440	11.363	5.993	5.631	7.763	8.656	2.796	6.970	6	ScrambledCars
8.772	-4.696	2.641	0.002	-5.229	-3.931	-1.909	2.221	-3.032	0.202	-1.598	-3.894	6.350	-1.074	8.275	0.719	1.364	-1.361	2.202	5.768	5.748	3.747	4.315	1.119	1.531	0.229	0.121	0.069	6	ScrambledFaces
-3.693	5.581	-1.542	9.529	5.553	1.931	1.868	-1.179	-1.479	1.826	-1.520	-3.024	1.596	10.817	4.818	8.294	2.784	-3.071	4.435	10.825	13.586	2.752	0.218	3.192	-6.089	-6.128	0.730	-4.370	6	Faces
-5.095	-7.759	1.497	-2.971	0.275	1.143	4.211	0.939	2.908	3.830	-0.161	0.264	-0.353	2.945	0.570	-0.581	3.160	-8.090	4.224	5.183	0.729	0.180	-4.776	0.743	-0.122	3.335	9.143	7.114	6	Cars
-5.255	0.058	-4.787	1.451	3.554	1.556	6.440	4.684	2.933	3.688	-0.845	-1.096	7.905	7.638	-9.868	0.031	0.191	-6.973	-1.592	6.506	9.131	3.804	3.418	9.373	2.299	-0.252	0.886	-6.800	6	ScrambledCars
1.743	-5.656	3.435	-8.656	-8.229	-1.181	-0.118	2.057	3.943	1.237	7.315	4.948	-6.635	-6.745	-4.334	-6.598	-0.479	3.693	-7.641	-8.261	-8.321	-4.765	-4.722	-1.325	6.131	6.133	3.741	6.130	6	ScrambledFaces
-12.485	-4.088	-4.004	-0.019	2.634	0.166	0.510	-3.434	-1.620	5.166	0.580	-0.903	0.681	2.573	-6.863	-5.235	4.160	3.047	-3.413	1.874	3.850	6.686	6.635	5.064	4.798	6.715	3.112	-5.259	6	ScrambledCars
-1.387	-12.479	-5.193	-11.625	-10.481	-4.867	-2.110	2.150	5.679	-0.499	5.175	2.784	1.189	-5.214	-0.650	-9.895	-9.322	-1.609	0.221	-5.566	-8.535	0.216	5.224	1.773	8.951	9.553	3.600	32.073	6	ScrambledFaces
-8.198	-9.469	-11.064	-6.578	1.958	1.847	9.661	6.392	8.992	11.848	6.500	4.820	11.258	9.938	-6.763	-7.909	-7.072	-5.778	-10.488	-3.841	6.600	-1.025	-3.050	9.597	3.031	4.032	10.174	3.613	6	Cars
-13.925	-5.008	-5.937	1.689	3.275	-3.024	4.035	3.615	6.666	4.928	6.097	4.180	13.689	8.206	-6.880	-4.882	-16.091	-6.413	-5.778	2.875	7.011	-0.428	1.039	6.991	4.057	5.142	10.439	-2.643	6	Cars
2.395	0.156	-2.127	-1.286	4.884	-0.959	-0.700	-0.197	3.294	-1.485	0.341	2.849	-12.172	-2.050	-1.488	-1.648	-4.486	-3.420	7.635	-2.612	1.437	-2.251	-1.323	-0.065	0.596	7.203	-0.047	-3.893	6	Faces
-0.440	1.056	-4.365	4.339	5.160	3.541	-1.140	-3.206	1.227	2.361	1.614	0.592	-2.051	0.193	1.730	4.168	2.476	-6.266	13.012	0.676	5.925	-3.289	-5.576	2.108	2.792	1.795	1.278	5.858	6	Faces
-5.340	-3.130	-5.604	-1.060	-1.955	-1.646	0.959	-0.535	1.175	2.175	-0.652	0.239	2.034	1.032	-10.481	-5.306	-5.431	-5.535	31.195	0.821	2.217	-3.030	-0.841	2.566	1.594	1.481	8.741	12.053	6	Cars
-2.692	0.110	-6.354	3.209	1.915	1.895	3.535	3.177	3.196	2.812	3.006	-2.515	2.456	3.958	-6.656	6.053	-3.785	-4.234	-8.760	7.420	6.190	7.229	0.884	7.683	5.322	0.529	7.595	-3.277	6	ScrambledFaces
-7.782	0.270	-8.351	-2.032	2.695	-4.577	3.528	-0.612	6.814	6.002	5.988	4.425	4.333	2.367	-14.082	-2.693	-5.900	-9.482	-4.983	-0.813	-0.485	1.734	-0.884	3.036	3.466	6.098	15.874	-8.036	6	ScrambledFaces
-11.857	-8.015	-4.686	-2.681	3.474	-2.877	11.046	2.974	8.147	10.426	11.089	4.384	-1.509	1.923	-11.578	-9.246	-9.940	-10.016	12.882	-5.610	1.143	-2.528	-4.632	4.584	2.416	5.981	4.917	2.678	6	ScrambledCars
-12.611	-8.989	-5.331	-6.135	-7.608	-6.283	1.682	2.175	5.198	6.419	5.368	2.820	-0.023	-0.115	-8.280	-8.109	-10.290	0.846	3.105	-3.886	-2.106	0.646	-1.348	6.619	5.883	3.570	7.330	36.210	6	Cars
-1.801	-3.982	-6.975	-3.859	-0.448	-3.155	-0.716	1.541	0.598	0.628	3.099	2.641	5.018	2.065	-5.528	-1.420	-4.348	-0.488	7.125	2.351	2.785	1.063	0.762	2.657	3.884	4.979	7.009	-5.984	6	Cars
-1.826	0.503	-7.528	-0.981	-1.158	-1.530	3.745	4.496	8.053	6.642	9.089	6.627	3.375	8.934	-7.473	-3.658	-0.880	-7.701	-6.909	-2.495	0.000	0.752	-3.148	3.409	5.045	4.455	4.934	5.716	6	Faces
6.484	12.744	16.049	9.931	1.634	10.872	1.578	-1.727	-5.892	-2.048	-6.576	-8.233	-4.718	-0.474	6.934	6.946	6.845	-1.638	-1.870	-0.005	0.560	-3.416	-3.711	-6.805	-2.150	-4.968	-3.196	-13.466	6	ScrambledFaces
0.688	-4.879	-0.274	-10.949	-13.970	-6.888	0.278	2.760	1.119	0.027	1.649	4.523	4.524	-4.287	2.727	-9.446	1.404	1.885	-6.313	-10.068	-6.604	-4.699	-0.277	2.206	7.165	8.706	0.906	-5.507	6	ScrambledFaces
-2.646	-5.057	-2.491	-0.716	3.498	-1.996	0.887	-3.066	-0.232	-3.064	-2.672	-2.508	-3.055	2.050	-3.284	0.613	7.344	-2.201	17.797	1.294	5.046	1.965	0.397	6.331	4.741	1.633	3.164	2.188	6	ScrambledCars
0.988	-10.735	-9.245	-5.731	0.041	-5.141	1.172	1.848	2.799	3.931	6.108	6.923	13.968	7.292	0.190	-5.226	-8.192	-10.253	0.528	-1.197	3.965	-2.338	-1.646	6.832	6.997	8.984	6.097	5.972	6	ScrambledFaces
-15.271	-8.176	-8.438	-4.069	2.331	-3.282	4.358	5.735	8.043	3.451	6.277	3.669	12.908	3.676	-9.668	-7.329	-7.562	-0.383	-8.090	-4.302	0.457	0.264	1.747	10.218	7.527	10.798	5.373	15.803	6	ScrambledFaces
-4.309	-4.445	-7.312	-7.653	2.970	-4.288	5.650	6.748	2.546	6.582	4.906	3.609	-3.309	4.625	-2.709	-5.384	-6.696	-5.722	-0.158	-1.812	1.516	9.500	2.887	4.725	3.769	7.793	9.745	4.799	6	Cars
-2.316	-6.769	-14.787	-6.440	-2.955	-4.095	0.536	-3.895	-1.500	-1.834	4.977	-0.863	7.707	-1.262	8.354	-6.384	4.481	1.448	13.027	-3.666	0.556	-1.360	-1.672	4.766	6.306	0.691	0.061	6.011	6	Faces
-3.900	-4.095	-2.585	1.662	1.504	0.961	10.094	12.167	6.594	13.320	11.880	11.285	7.492	9.205	-17.958	-2.882	-14.035	-20.271	-19.352	2.599	8.652	-8.164	-13.108	4.195	8.612	14.915	13.535	16.230	6	ScrambledFaces
1.721	-5.641	-2.532	-3.277	0.946	1.228	2.518	0.998	1.000	3.905	8.867	5.990	2.434	2.635	-6.542	2.015	-0.355	-3.089	-3.440	1.642	-0.971	-1.213	-5.405	4.336	5.904	3.366	6.848	2.168	6	Faces
-7.650	-6.547	-6.901	-5.491	4.234	-0.466	3.275	0.905	2.545	3.832	6.356	5.475	5.494	7.604	-6.399	-4.078	1.328	-6.189	-15.991	-2.959	2.776	9.846	2.634	6.716	10.029	12.001	6.445	9.464	6	Cars
4.092	0.729	-0.729	1.959	4.846	1.206	0.633	1.094	3.066	0.904	1.796	1.036	-1.078	1.241	4.475	-1.063	-3.150	-3.500	10.980	-4.543	-0.615	-2.064	0.572	-1.076	2.606	-0.169	-3.744	1.891	6	Faces
-1.401	16.801	4.955	11.389	7.285	13.926	6.505	2.748	-0.946	1.158	-2.743	-9.212	-2.118	3.382	-6.376	5.874	-3.137	-7.548	13.812	7.131	7.622	0.340	-1.697	-1.592	-5.135	-10.724	-8.340	0.350	6	Cars
0.276	4.362	10.770	5.625	4.690	6.496	3.441	3.297	0.205	-2.153	-4.002	-8.090	0.477	-2.605	-5.778	1.158	-1.122	0.300	6.986	1.343	1.321	1.358	2.445	-0.350	-7.275	-5.306	-5.727	-5.973	6	ScrambledCars
-3.171	-5.231	-3.479	0.558	-3.570	-2.229	3.192	-2.538	0.821	3.152	0.941	-0.386	3.350	3.191	-5.602	-3.011	4.548	-3.529	-5.028	-1.473	2.014	-2.876	-1.461	4.241	4.794	2.833	7.422	-1.558	6	ScrambledFaces
-2.773	2.665	-5.723	-1.102	0.740	0.054	-0.392	1.664	-1.242	0.589	-3.186	-3.079	10.780	1.842	-3.460	6.946	4.648	-3.024	2.171	7.924	5.537	11.563	6.326	6.385	-2.131	3.648	0.988	-1.082	6	ScrambledCars
-5.768	4.858	-8.216	-1.617	-0.945	-0.220	1.386	-0.894	-2.131	0.818	-3.974	-1.631	5.643	8.586	-7.604	1.158	11.141	-0.415	8.611	-0.875	3.603	6.966	3.848	3.864	0.457	-2.133	3.517	-5.231	6	ScrambledCars
-10.227	-5.063	-7.795	4.995	13.708	3.330	6.596	-0.320	0.700	8.852	1.662	-0.900	10.945	6.601	-8.442	-0.281	-0.538	-3.666	-1.048	5.143	4.988	0.204	-2.445	4.745	-0.819	-3.708	1.099	-4.746	6	Cars
-7.885	1.495	-11.341	-3.334	-7.465	-6.429	-4.121	0.966	-0.952	-4.302	-1.824	0.599	-0.508	2.570	-2.544	-0.208	3.822	3.466	25.614	-2.128	3.615	6.017	6.502	4.250	3.404	4.029	5.662	1.547	6	ScrambledCars
1.147	-3.483	-2.250	-4.309	-2.481	-1.201	-2.997	-0.847	3.784	1.095	1.360	2.457	1.991	4.016	-4.436	0.347	-7.096	-7.272	-0.834	-3.191	-0.490	3.656	0.226	5.205	2.513	5.118	2.409	5.749	6	ScrambledFaces
1.430	-7.449	-5.624	-10.055	-13.984	-5.603	-6.820	0.017	-2.823	-4.127	2.949	2.370	-9.076	2.452	2.509	-1.408	-0.481	1.911	5.545	-7.112	-6.316	-0.996	-2.127	-0.452	8.437	9.530	9.919	4.508	6	ScrambledFaces
-7.518	1.607	-7.303	0.326	-0.077	-5.165	5.722	6.427	6.208	6.090	6.045	2.728	11.923	4.535	-7.586	2.971	-3.673	-6.366	1.230	10.875	6.842	4.911	-2.543	7.865	0.885	4.452	3.906	-0.980	6	ScrambledFaces
-7.755	-2.358	-1.527	0.423	3.613	-0.880	5.140	2.668	3.968	4.772	2.355	5.969	3.793	1.072	-8.887	-1.119	0.825	-0.949	-16.457	0.865	3.551	5.137	-3.399	0.368	-1.327	1.175	0.050	6.188	6	Faces
-8.397	-1.938	-7.185	-0.393	-1.761	-7.279	-0.807	-0.725	-1.692	-0.463	-3.204	-0.626	14.814	3.858	-4.156	4.192	4.670	-3.231	1.449	4.413	9.578	8.802	3.190	8.627	7.469	6.285	9.516	-7.421	6	ScrambledFaces
-4.248	-3.988	-5.850	-2.825	3.780	-2.043	3.228	0.335	1.638	4.685	4.464	2.554	4.232	8.307	-3.122	-0.721	-1.989	-5.988	-10.813	2.793	6.233	1.978	-1.050	8.628	3.086	4.025	10.141	-6.039	6	Cars
-9.172	6.121	2.022	14.187	14.169	3.386	7.369	-3.809	-3.316	-0.041	-3.279	-4.970	7.452	8.288	-16.285	4.645	-1.493	-11.783	-17.092	9.076	9.545	0.537	-0.458	5.992	-0.888	-2.356	0.331	11.274	6	ScrambledFaces
-7.920	-5.071	-0.031	-2.297	2.590	4.822	4.907	3.693	4.337	4.385	-0.668	2.682	9.487	5.064	-8.595	-9.387	-9.545	-7.759	4.209	-6.862	2.882	4.858	-1.799	5.013	4.316	9.663	3.928	3.367	6	ScrambledCars
1.178	1.677	2.013	1.696	-3.868	-0.261	3.705	3.565	2.727	3.837	3.088	5.290	-1.226	0.799	1.025	-2.107	0.052	-1.003	-5.052	-0.192	-3.764	-1.345	-4.057	1.289	1.232	0.646	5.766	-7.067	6	Faces
-7.451	-0.260	-7.241	0.982	4.134	0.491	2.078	4.518	2.857	2.767	3.538	-0.136	1.399	2.504	-9.399	-10.773	-8.968	-8.244	20.956	-3.069	1.727	2.028	-3.068	-0.535	0.496	6.749	2.045	-0.340	6	ScrambledCars
-3.822	4.240	-1.628	0.185	-0.865	-0.673	0.929	1.291	-0.123	-1.434	1.899	0.226	0.548	-0.876	-6.414	7.581	2.591	-2.700	0.285	4.862	4.786	1.761	-0.589	3.527	3.023	5.931	1.190	-1.582	6	ScrambledCars
-11.604	5.619	-7.512	8.234	8.306	1.187	-2.425	-8.244	-8.228	-0.723	-7.941	-8.367	6.508	12.074	-5.642	5.987	5.775	-1.757	14.527	14.054	17.980	11.319	8.614	3.851	-1.220	-4.489	-4.585	-6.767	6	ScrambledCars
-11.998	2.555	-9.440	9.851	10.321	-2.315	3.384	-5.268	-2.902	1.214	-6.829	-7.297	10.716	12.988	-14.502	4.312	-0.134	-9.792	6.048	12.710	15.456	9.117	4.583	8.305	2.684	1.024	3.047	3.023	6	ScrambledCars
13.317	10.495	11.275	9.792	3.993	2.288	1.195	-7.479	-21.756	-3.656	-10.303	-11.185	-1.629	0.844	15.844	5.740	2.638	3.262	-0.778	1.164	-4.617	-3.200	-7.519	-9.800	-14.746	-13.019	-8.395	0.281	6	Faces
-10.610	-11.754	-17.633	-7.514	-0.127	-3.566	6.480	6.668	6.184	9.776	7.221	9.035	4.044	2.207	-3.565	-4.527	-1.226	2.957	1.926	-3.936	0.228	4.289	4.107	8.493	11.255	9.843	16.316	1.986	6	ScrambledCars
-10.096	-5.730	-11.260	-2.322	-1.390	-4.997	3.294	-0.595	2.080	-0.135	2.987	-1.140	4.627	6.288	-9.668	2.287	7.663	1.776	27.507	3.245	5.066	6.631	5.064	1.826	4.478	-0.460	-0.199	0.801	6	ScrambledCars
-11.174	-14.246	-12.391	-10.730	1.763	-4.573	7.486	7.435	7.140	11.687	8.082	7.739	8.044	5.380	-2.480	-10.577	-4.366	3.824	0.121	-8.187	0.195	6.710	2.219	11.301	7.455	8.015	9.933	3.154	6	Cars
-5.130	-2.076	-12.759	-0.717	-0.617	-7.016	-3.463	-8.585	-3.257	-3.885	-2.222	-0.086	-1.167	5.417	-1.700	1.779	4.839	3.762	4.497	9.548	5.675	12.801	7.126	4.719	1.733	1.450	2.441	-1.283	6	Faces
-8.314	-0.309	-7.470	-1.887	2.982	-1.864	5.928	5.350	3.849	6.369	6.016	5.508	3.876	10.068	-7.834	-3.963	-3.454	-5.537	4.473	-3.574	4.122	0.856	0.771	7.405	5.996	8.635	8.648	0.181	6	ScrambledCars
-4.953	-3.260	-3.180	-3.854	-8.839	-4.259	-5.364	-5.993	-4.877	-1.930	0.187	0.342	2.808	-3.208	-0.054	-6.136	-5.511	-0.418	18.108	-4.083	-4.206	1.567	0.957	1.499	6.341	4.497	7.540	0.569	6	ScrambledFaces
-2.877	-3.574	6.474	0.975	-2.623	-1.598	4.059	-1.944	0.961	-2.679	-0.145	-0.020	2.204	3.471	-6.983	-5.393	-2.483	-0.904	-1.082	-5.727	-0.657	-2.113	-1.073	3.200	0.616	2.117	-4.027	1.605	6	ScrambledCars
9.435	2.630	2.899	2.536	-2.051	7.684	-2.463	5.303	0.948	-1.597	-1.171	-4.959	0.126	1.507	4.549	3.262	-12.097	-2.109	13.839	2.501	2.577	-4.658	-1.332	-4.759	-2.544	-3.527	-4.664	-7.809	6	Cars
-6.985	-0.937	-1.771	0.446	9.057	-0.281	10.981	3.967	6.642	9.562	5.081	1.871	10.143	9.094	-15.096	-8.399	-14.557	-17.485	3.523	-2.738	4.557	-1.919	-3.078	6.122	0.064	0.474	5.030	3.340	6	ScrambledCars
-4.748	-3.173	-2.596	-0.160	6.148	2.105	-1.078	-0.954	4.651	2.163	5.604	2.979	2.380	2.323	-9.992	-1.688	-8.870	-7.790	-4.285	-0.556	2.602	-1.318	-5.797	6.312	3.381	7.896	6.285	6.295	6	ScrambledFaces
-7.212	0.871	-1.108	0.129	6.396	-0.889	0.716	-2.719	-3.375	0.837	-0.619	0.833	1.358	-2.574	-3.881	-2.227	-4.493	-4.718	-5.067	-0.592	0.195	2.180	2.009	2.832	3.647	2.615	2.915	8.875	6	Cars
-8.597	-6.613	-6.323	-1.775	0.754	4.072	7.072	1.837	5.807	8.309	8.043	4.153	10.588	6.824	-4.960	-6.235	-13.489	-4.690	-14.371	2.100	6.133	1.864	-0.579	5.602	3.753	3.204	9.722	1.557	6	Faces
5.133	-6.459	0.155	-6.223	-2.515	-0.840	2.824	6.682	5.607	5.251	8.617	9.986	5.505	0.203	0.142	-7.887	-13.998	-3.252	-2.138	-4.325	-5.477	-7.859	-6.799	-0.700	2.311	9.196	6.099	8.373	6	ScrambledFaces
-7.749	0.549	-2.678	4.766	3.395	0.481	2.155	-3.663	-2.482	5.854	1.355	1.415	5.420	1.372	-0.856	1.420	-5.801	0.702	-6.430	2.285	4.072	3.350	2.250	-0.222	-0.644	3.193	-1.287	1.465	6	Faces
-1.747	-1.704	-9.161	2.677	-0.966	0.406	0.972	-5.249	-4.189	2.884	-5.388	-3.091	-1.519	2.790	-7.751	4.350	3.771	1.210	17.268	6.402	4.044	11.967	9.744	1.290	2.329	-1.992	-4.605	-2.429	6	ScrambledCars
-3.177	-5.675	-0.625	-9.896	-4.268	-2.678	2.027	6.072	7.892	6.526	6.146	2.988	1.746	4.480	-7.120	-5.746	-1.121	-3.899	-5.564	-4.118	-0.497	-3.483	-4.568	1.483	4.293	2.387	9.635	8.250	6	Cars
-5.761	-3.772	-5.806	2.167	5.634	-1.025	4.888	5.736	5.766	4.412	4.313	4.393	11.027	2.609	-12.669	-7.242	-14.440	-6.616	-11.189	0.907	5.421	0.259	-6.679	3.581	2.217	4.558	4.163	7.603	6	ScrambledCars
5.219	5.664	5.185	0.478	-0.079	1.580	1.746	2.247	-0.605	-4.050	-0.332	0.531	-0.638	-1.031	1.302	3.283	2.318	-1.425	-1.639	1.849	3.050	-3.655	0.450	-5.165	-3.731	-2.421	-2.329	5.154	6	Faces
-1.169	1.437	1.563	-2.648	-11.241	-5.994	-4.989	-4.483	-5.598	-7.135	-3.943	-1.991	4.326	2.457	5.530	4.618	8.789	4.886	-0.894	2.884	-0.758	4.928	6.246	4.029	2.341	-0.171	4.827	2.607	6	Cars
-4.094	-1.008	-6.768	-0.858	6.079	-0.658	0.554	-1.804	0.374	2.631	0.060	0.471	-3.752	2.687	-10.992	-0.783	-1.352	-7.231	-7.829	7.631	7.860	6.199	4.593	7.665	3.806	5.394	7.730	15.090	6	ScrambledFaces
-4.711	7.640	-7.393	2.008	2.827	-5.429	0.000	0.267	2.107	3.489	-0.203	-1.963	-4.067	-2.343	-0.165	11.759	8.367	-5.130	3.506	6.299	4.755	1.242	1.624	-2.549	0.612	1.709	1.605	-0.644	6	ScrambledCars
4.665	3.123	2.602	4.777	3.335	1.072	-0.308	1.961	-0.520	-0.572	0.228	-1.457	-9.858	-2.690	1.073	2.603	1.309	2.757	1.038	5.920	0.259	0.221	-3.188	-2.408	-0.437	-4.887	1.213	-1.829	6	ScrambledFaces
-6.449	-4.933	-6.160	0.730	1.018	-4.493	-3.702	-2.642	-0.532	-2.196	-0.797	-0.824	-9.431	2.334	-1.041	6.219	-0.035	4.981	2.382	5.263	6.327	3.217	3.554	-0.654	2.553	0.970	4.029	0.472	6	ScrambledCars
7.193	0.802	2.425	0.741	-3.264	-1.361	0.339	1.595	-3.899	-0.060	1.402	-0.192	-3.087	0.704	4.545	-0.174	-1.069	-0.989	15.035	1.542	3.299	3.351	2.502	6.105	0.819	1.201	-1.450	-5.643	6	ScrambledFaces
-16.924	-11.740	-9.035	-4.173	0.582	-0.488	1.222	5.463	6.152	-0.338	14.860	7.991	-0.120	-7.368	-15.678	-5.543	-5.927	-0.101	18.903	-5.712	-1.870	-2.464	-2.327	6.644	9.875	11.966	3.344	4.659	6	ScrambledCars
-6.473	-1.996	2.746	0.886	3.967	1.572	0.198	-2.095	-3.478	1.674	2.569	-0.765	2.654	2.841	-6.052	0.333	-8.501	1.083	10.188	2.444	6.966	1.632	4.568	9.283	2.920	-0.390	3.199	-2.480	6	Cars
1.045	-4.057	8.426	-5.919	0.049	-2.703	-5.020	-2.074	-2.056	-2.690	0.872	2.050	-13.107	-4.972	4.418	-3.808	-10.762	4.767	-3.697	-4.639	-4.215	-5.130	-0.869	-1.230	0.138	1.343	-7.543	2.574	6	Faces
-3.165	-3.009	-2.289	-2.842	10.301	2.586	8.007	-0.266	3.596	5.884	0.620	0.280	1.986	5.951	0.927	-2.371	-5.502	1.521	-16.890	2.859	3.498	2.810	6.906	4.786	2.728	-1.359	0.853	-2.414	6	Cars
-2.116	-2.528	-5.672	0.226	2.737	-0.200	5.165	1.280	6.733	5.499	10.010	9.902	3.394	6.470	-3.296	-4.906	-14.938	-13.350	-7.108	-2.201	5.877	-1.499	-6.553	3.633	0.481	3.300	8.319	5.451	6	Faces
-3.672	-5.681	-1.553	-0.437	-5.078	-4.410	-3.632	-7.428	-2.830	-0.372	5.507	3.156	1.719	0.417	-5.870	-2.889	2.287	1.745	8.786	-2.114	-0.674	5.244	6.205	9.220	5.424	9.146	8.583	-1.492	6	Faces
-2.000	4.574	-1.102	4.696	4.696	1.716	-0.008	-2.088	-0.829	1.094	-3.906	-3.570	0.878	1.777	3.521	6.301	-4.275	-2.107	4.426	6.244	4.433	1.504	-0.376	0.252	-0.538	0.977	-3.063	-4.962	6	Cars
3.011	1.939	2.542	3.532	8.714	0.969	0.325	-1.073	1.474	0.226	0.100	-0.273	5.672	3.576	-7.345	0.785	-13.655	-7.736	9.121	3.841	0.372	-3.251	-3.345	1.852	-2.791	0.782	-4.675	-1.312	6	Faces
1.265	0.738	4.045	4.461	-0.480	0.772	1.072	-0.757	-0.434	2.838	-1.208	-1.920	-2.993	-1.818	-1.867	2.323	-5.156	-4.496	2.266	2.091	0.156	0.097	-4.067	-0.580	0.399	-1.350	6.592	-0.924	6	ScrambledFaces
-7.586	-1.909	-6.846	-0.433	0.753	-7.577	5.776	0.273	2.071	6.635	8.949	5.118	8.320	8.284	-4.735	-1.891	-2.804	-1.334	9.796	1.058	2.145	4.070	1.141	5.502	5.483	4.527	-0.144	4.272	6	Faces
-7.285	0.891	7.583	-0.763	3.362	5.844	2.402	9.495	10.639	5.574	5.917	2.317	-1.787	-7.346	-4.608	-6.310	-11.246	-3.788	-5.805	-8.749	-9.707	-1.438	-3.693	-3.405	-0.932	2.982	-1.904	-0.105	6	Cars
9.225	0.319	-8.826	-2.518	-1.060	-0.919	-5.622	-4.663	-2.872	-1.295	1.627	1.827	-4.088	-1.716	7.849	3.556	-4.408	6.105	0.363	1.379	-3.407	1.715	1.596	-0.654	4.830	4.685	1.903	-2.548	6	Faces
-5.873	-3.027	-6.158	0.211	-0.882	-5.720	1.545	-4.456	-2.953	1.316	-4.347	-5.975	-3.990	8.929	-8.477	-0.894	-1.749	-9.982	-2.207	2.822	5.342	11.925	9.757	7.655	4.521	-0.693	3.583	-1.466	6	Cars
-0.154	-6.659	-13.552	-1.435	-4.824	-8.304	-0.729	0.199	3.174	3.438	4.902	3.579	5.817	6.219	-2.316	0.363	-0.134	2.805	16.878	5.238	4.978	1.376	2.825	9.135	5.559	2.741	5.724	-0.312	6	Faces
-7.052	-0.152	-4.099	-0.449	4.328	3.857	3.946	2.063	2.462	0.093	0.307	-0.892	0.481	2.321	-5.381	0.575	-3.266	-7.634	1.541	5.612	7.099	4.320	2.411	8.254	5.228	3.555	0.559	9.636	6	ScrambledFaces
-9.076	-3.377	-8.608	-6.930	-0.005	-6.103	-1.200	-7.578	-2.531	-3.635	0.387	5.584	0.513	0.665	-1.896	1.471	5.177	1.203	-8.201	3.096	4.850	2.745	2.240	12.126	1.934	7.686	7.517	8.804	6	Faces
-5.097	-9.581	-3.002	-5.493	5.472	1.976	3.683	0.263	4.615	6.454	2.411	4.256	7.155	7.479	-3.558	-7.964	-9.779	-4.590	-6.971	-4.953	1.595	1.226	-4.049	4.391	5.955	4.683	6.875	6.825	6	ScrambledFaces
-14.331	-3.278	-11.991	-2.203	5.498	-2.530	6.226	-1.613	-0.232	3.363	-0.639	0.277	8.627	12.342	-10.358	2.764	1.089	0.192	1.408	8.442	13.392	10.677	5.871	13.299	6.090	4.178	8.189	-1.759	6	ScrambledFaces
-10.204	-7.890	-8.516	-6.918	-7.550	-8.037	2.680	6.222	8.453	2.870	7.171	6.481	2.143	-5.881	-11.891	-10.284	-8.052	-5.894	-1.220	-2.926	-4.594	-0.042	-0.530	7.601	8.565	10.697	10.082	15.708	6	ScrambledFaces
0.489	1.251	29.311	6.802	4.462	1.414	4.521	-3.260	-2.636	6.546	-2.557	-6.778	8.081	8.089	-3.242	1.821	-10.376	-35.740	4.044	3.108	3.764	-2.102	-4.523	1.478	-4.548	-5.501	-4.542	-8.897	6	Cars
-2.336	-1.806	-6.665	0.760	2.889	-2.968	-0.123	-5.353	-2.758	-1.951	-6.284	-5.382	7.372	4.962	6.810	4.618	3.129	0.459	-5.977	10.579	9.982	4.459	3.029	0.275	0.250	-4.248	-3.546	-2.932	6	ScrambledFaces
-0.444	3.442	0.626	4.172	-3.064	1.230	2.751	-0.503	-2.532	1.229	-1.983	-2.567	4.306	3.202	5.232	2.226	0.296	-2.296	-6.719	3.831	1.719	-0.704	4.193	3.681	-0.614	-2.513	-1.090	-5.966	6	ScrambledCars
-10.815	4.502	-0.081	4.214	7.457	0.434	1.689	-0.139	2.126	1.359	-0.855	-3.095	-1.261	7.368	-13.283	3.367	0.718	-8.674	4.975	7.177	6.129	4.433	2.300	3.427	-4.292	-0.379	2.022	-2.481	6	ScrambledCars
-4.589	-7.008	-13.571	-3.597	-0.458	-6.672	6.312	5.057	4.576	10.084	8.292	7.727	12.529	5.494	-9.306	-7.427	-12.258	-7.464	-13.064	-1.526	2.473	-2.421	-2.703	8.603	4.982	11.065	8.625	10.033	6	Faces
-3.495	2.376	5.431	3.659	8.896	8.972	2.521	6.912	1.778	2.132	2.661	-1.812	3.297	0.110	-5.800	-1.488	-4.909	-6.536	-3.974	2.517	5.687	5.654	-3.704	-0.578	-5.647	-6.406	0.589	5.767	6	ScrambledCars
-8.095	-1.197	-11.840	-1.719	5.321	-0.595	6.256	-1.987	5.782	8.801	6.547	6.669	5.047	5.583	-14.563	-2.573	-5.424	-6.460	-4.467	1.254	8.889	6.074	6.118	4.018	3.336	4.388	-2.739	7.778	6	Cars
0.335	-1.791	1.959	-3.068	1.261	3.103	3.144	2.497	3.781	6.106	5.873	3.732	2.044	-0.762	-4.459	-4.905	-10.790	-7.749	18.226	-3.277	-5.099	-3.686	-5.286	2.558	2.600	3.846	5.133	-0.468	6	Faces
-8.528	-4.938	-7.869	-2.720	3.898	-2.432	4.209	-6.270	-6.209	-2.551	-2.763	-3.706	2.845	2.256	-2.458	4.113	-2.269	6.907	-2.460	7.547	3.956	12.854	10.005	5.548	4.871	-1.259	4.887	-3.168	6	ScrambledCars
0.967	-1.250	2.119	3.848	7.838	2.728	3.819	2.848	5.401	3.321	-1.308	1.515	1.171	4.925	-4.105	-2.157	-6.922	-8.840	-20.747	-2.716	-1.598	-1.566	-1.260	3.607	1.797	1.872	3.368	4.839	6	ScrambledFaces
-6.714	-4.277	-3.436	-0.479	0.137	-4.848	4.767	-0.350	1.478	4.372	3.361	4.019	7.577	8.255	-6.253	-0.210	7.195	-0.574	-3.913	-0.013	5.518	3.487	-0.477	5.479	2.565	4.441	4.920	3.965	6	Cars
0.485	0.540	-5.548	4.188	-0.578	-0.572	3.800	5.240	4.618	4.829	7.811	1.552	3.414	4.021	-4.285	0.611	-1.802	-10.253	-0.439	0.435	0.176	-5.334	-5.290	-0.443	1.670	2.698	2.885	2.823	6	ScrambledFaces
3.295	-5.581	-3.881	-8.409	-0.837	0.204	-2.772	-0.612	-0.099	-1.092	0.494	1.219	-3.310	-0.418	7.371	-2.238	4.064	7.147	-4.055	4.132	0.804	-0.341	2.170	-0.188	7.762	4.956	-4.555	1.936	6	Faces
-3.951	-8.704	-8.928	-10.560	-3.683	-5.122	-0.460	4.844	8.503	4.104	11.590	10.684	-2.549	-1.746	-1.846	-10.326	-5.607	0.496	-14.413	-14.028	-7.793	-6.112	-4.242	1.199	14.249	17.840	8.763	9.882	6	ScrambledFaces
3.054	-0.426	-0.458	-1.971	-0.586	2.271	0.981	6.079	6.395	1.406	2.709	4.126	-1.405	2.099	-1.272	-5.359	-14.337	-5.192	1.982	-4.854	-0.690	-0.976	-2.352	0.234	0.336	4.341	2.621	2.310	6	Cars
-5.785	-3.419	-3.900	1.496	-2.852	-4.493	-1.894	-4.281	-2.554	1.030	-0.750	-1.880	5.252	1.853	-1.784	-0.062	1.976	0.935	8.207	5.455	2.089	5.140	4.816	1.617	3.207	1.803	1.332	-0.033	6	ScrambledCars
-2.448	-0.210	-5.819	0.741	5.349	5.852	8.705	6.580	8.144	9.419	7.117	3.417	-1.367	6.670	-4.869	-5.278	-7.531	-7.535	-9.720	-0.616	3.422	-1.473	-3.348	4.390	3.857	3.180	1.328	2.524	6	Faces
4.225	-0.400	-1.082	2.400	-1.430	-0.620	-2.148	-3.814	-2.515	-1.650	-0.171	3.371	-4.040	2.980	3.423	3.561	3.000	-3.706	10.997	6.444	3.188	1.118	-1.058	-3.501	-2.905	0.285	-1.700	4.542	6	Faces
-2.121	5.263	-7.083	7.279	-3.539	-2.344	-4.071	-2.404	-5.344	-4.156	-5.836	-6.632	-1.159	9.947	-5.123	12.163	7.570	-4.703	11.698	15.611	10.782	15.228	5.014	7.524	0.469	-0.187	-5.251	-2.249	6	ScrambledCars
-4.773	-4.476	3.620	-7.728	-5.179	-1.433	-2.840	-2.057	1.257	-1.972	0.422	-1.623	-0.395	-7.136	-7.756	-2.508	5.482	-1.496	10.770	-4.018	-3.296	-3.366	0.573	2.138	7.284	2.127	3.496	7.914	6	ScrambledFaces
1.618	-4.021	-3.328	-3.396	-0.188	-6.724	4.380	-4.594	-0.565	-4.097	2.147	3.661	1.718	3.733	-0.579	0.738	1.782	-3.111	-4.178	1.421	4.693	-1.607	0.088	4.947	-0.924	3.512	-0.384	8.236	6	Faces
-7.765	-7.643	-3.483	-4.109	3.772	0.121	6.436	1.752	8.482	8.341	8.810	4.681	-2.881	5.202	-8.103	-8.611	-11.827	-5.989	-5.935	-6.612	-3.477	-4.127	-2.225	6.647	7.208	6.192	4.258	5.624	6	ScrambledFaces
-5.112	-9.807	-8.438	-2.547	-2.204	-8.133	7.526	-0.501	5.558	9.021	8.206	1.936	7.592	7.987	-9.465	-4.195	-9.073	-9.884	-1.726	-0.680	2.536	3.711	3.490	15.716	11.033	9.523	3.670	3.769	6	ScrambledFaces
-0.813	0.694	0.455	1.795	3.731	0.056	-1.962	-3.622	-1.359	-0.500	2.432	2.613	-4.261	-2.670	-0.260	0.323	-1.594	-2.069	12.326	0.068	-2.064	-1.083	0.282	2.955	2.848	3.385	-1.574	2.744	6	ScrambledCars
-3.129	-5.885	-6.984	-0.034	-1.754	-5.837	4.903	-6.194	-1.760	4.041	3.486	3.749	9.995	4.840	-4.237	-6.649	-2.500	-0.303	-1.321	4.808	7.655	5.668	2.514	8.053	7.782	3.599	6.291	6.492	6	ScrambledFaces
-2.020	-5.071	-6.410	-3.067	-5.221	-2.631	-4.145	-2.604	-2.751	-2.892	-3.947	-1.303	0.463	-2.140	4.497	1.788	4.010	5.220	6.070	5.091	1.539	9.247	7.985	0.539	4.212	-0.307	6.670	-3.098	6	ScrambledCars
1.685	0.932	-5.996	-1.504	-5.007	-6.465	-7.956	-9.319	-7.181	-5.663	-2.858	-2.777	-1.802	5.731	5.381	6.873	5.040	1.293	10.791	10.112	9.830	8.248	8.881	2.802	3.378	0.613	1.611	0.338	6	Cars
-1.975	-3.072	4.665	1.198	-3.464	2.052	-1.327	3.456	3.769	1.277	2.433	0.472	0.212	5.596	-2.681	-1.410	-11.786	-6.068	-5.499	2.278	2.721	-0.070	-7.904	-0.330	0.802	2.332	0.085	4.913	6	ScrambledCars
-2.452	-0.113	-0.977	1.222	0.412	3.608	17.448	11.784	12.958	9.933	15.036	10.536	4.496	-1.210	-7.021	-9.044	-16.875	-6.812	-11.741	-5.781	-2.263	-7.197	-7.999	-0.521	2.448	6.972	7.263	8.351	6	ScrambledFaces
-2.862	-4.867	-5.076	0.287	2.234	2.160	2.512	4.625	1.768	3.508	0.642	-1.257	-1.235	2.093	-1.778	2.237	4.178	0.148	6.404	3.792	1.269	3.416	4.489	-0.188	0.246	1.019	-0.131	-1.356	6	Cars
-15.324	-2.705	-4.388	4.135	5.805	4.294	4.414	-3.552	-1.666	-2.308	-0.665	-2.515	8.798	2.062	-26.534	0.065	-2.560	5.700	8.579	2.136	6.314	4.900	3.522	1.728	2.690	-1.507	2.132	-3.000	6	Cars
-11.405	1.820	-5.409	3.190	-0.297	0.042	-3.511	-5.921	-3.127	-4.412	-4.583	-1.868	4.019	4.756	-14.944	4.212	5.511	4.183	15.192	6.725	3.705	4.820	3.025	4.698	3.245	1.028	4.519	2.209	6	Faces
-5.083	-3.547	-3.705	0.659	6.568	-1.623	1.155	-0.409	-1.634	1.078	-1.655	-0.796	-0.836	0.200	-2.031	-2.392	-11.099	-0.426	-2.918	-0.395	6.016	0.654	-0.533	2.888	1.878	3.264	0.463	6.797	6	Cars
-6.354	-6.034	-0.533	-0.904	4.018	-0.222	6.036	2.309	2.859	5.037	1.426	-0.453	7.226	8.465	-9.864	-6.254	-0.710	-3.964	-5.021	5.696	9.558	7.591	2.287	2.606	1.888	-2.921	1.943	-6.214	6	Cars
-3.920	-4.666	-6.036	-8.839	-1.831	-4.475	2.732	4.313	6.926	6.913	7.794	7.210	2.828	4.799	-5.424	-5.055	-3.397	-3.573	-19.296	-1.136	2.945	0.827	-1.318	3.159	2.434	2.902	8.325	5.591	6	Faces
0.019	-1.092	-3.512	-1.145	2.554	0.635	3.491	5.776	3.269	2.788	1.476	-1.884	11.810	3.668	-5.678	-1.567	-1.462	2.190	1.627	0.607	5.502	1.233	0.810	3.353	4.947	2.968	0.614	-2.757	6	ScrambledCars
-15.495	-11.286	-17.488	-8.403	4.660	-7.060	5.781	3.166	12.464	9.868	11.324	10.893	7.875	6.699	-10.895	-10.990	-7.614	-7.806	6.604	-3.316	3.340	2.651	-2.623	10.973	8.754	10.134	9.522	9.916	6	ScrambledFaces
-5.362	3.331	0.056	4.108	6.712	1.159	-1.229	-3.156	-5.355	-4.786	-4.416	-7.676	0.221	8.447	-4.116	4.816	4.455	-3.633	7.681	12.042	10.619	5.574	4.871	2.077	-1.117	-1.705	-4.506	-6.122	6	Cars
-4.457	-0.265	-7.326	-4.510	-0.472	2.424	1.413	1.614	3.186	2.055	2.404	0.433	5.040	-2.254	-0.069	-5.997	-5.640	2.149	8.211	-8.249	-2.708	0.055	2.980	4.990	5.020	2.012	0.053	-2.281	6	ScrambledCars
-3.471	0.915	-3.020	5.611	1.589	2.186	8.893	7.033	4.482	5.457	2.151	-2.130	1.568	2.281	-5.978	-0.465	7.339	-8.075	9.905	1.668	1.807	0.839	-1.564	2.559	-1.648	-2.777	-10.340	-1.240	6	ScrambledCars
