FP1	F3	F7	FC3	C3	C5	P3	P7	PO7	PO3	O1	Oz	Pz	CPz	FP2	Fz	F4	F8	FC4	FCz	Cz	C4	C6	P4	P8	PO8	PO4	O2	ID	Condition
1.210	-4.546	-1.527	-6.640	-8.641	0.138	5.898	-4.489	6.207	8.219	10.496	7.909	-0.092	-5.963	5.003	-4.377	-1.127	-18.418	-4.703	-5.358	-7.070	-3.949	4.033	0.581	-3.724	5.353	8.558	8.161	7	ScrambledCars
-9.898	-6.127	-7.871	-8.606	0.178	-1.001	2.636	-9.486	-0.387	5.587	1.952	10.576	7.755	5.830	-4.323	-8.162	-4.726	8.130	-0.093	-6.253	-5.150	-9.526	-11.753	9.929	5.707	4.960	9.039	8.080	7	Faces
0.677	-12.489	-4.949	-8.497	-1.340	-2.952	9.381	8.505	11.875	10.753	11.123	-2.438	3.594	-1.205	-8.290	-12.341	-8.499	3.631	-1.408	-5.160	-2.258	2.343	-21.870	9.142	5.711	12.847	14.634	9.744	7	ScrambledCars
2.225	-4.055	-11.187	6.977	3.008	4.825	6.532	-4.478	1.573	4.859	6.689	1.439	2.548	0.960	-7.350	-2.366	-0.285	-8.762	3.348	0.081	5.970	4.355	-3.663	0.337	-4.744	0.630	1.250	-1.058	7	Cars
-5.506	-0.521	-5.276	-4.110	0.874	9.139	6.661	4.555	3.793	7.205	6.872	11.188	0.088	-6.638	3.408	-1.811	-9.713	-13.051	-12.074	-2.776	-1.829	0.647	-19.082	5.424	7.847	9.266	11.951	8.722	7	ScrambledFaces
0.614	-9.335	-13.209	-7.051	3.745	-7.712	7.675	9.604	15.039	12.513	12.372	6.292	1.277	-3.399	-7.583	-9.056	-7.041	-15.023	-7.930	-6.824	-4.647	-5.430	-0.671	3.604	3.794	8.493	12.512	13.449	7	ScrambledFaces
13.991	7.608	7.929	-0.261	-4.728	-4.247	-0.011	1.037	8.847	0.659	4.664	-5.191	-12.129	-7.826	2.413	5.119	-0.455	-2.769	-6.979	1.774	-8.678	1.097	-14.497	-6.168	8.061	0.033	-4.256	1.104	7	ScrambledCars
-2.848	-16.353	1.697	-13.328	-7.223	-8.487	4.993	-3.321	2.960	5.340	7.340	4.200	3.142	1.169	0.740	-7.397	-6.337	2.693	-3.097	-11.989	-11.080	-2.975	8.933	3.078	8.714	9.822	7.489	8.538	7	Faces
-2.934	-10.705	9.179	-5.132	-6.883	-0.878	11.283	7.785	10.266	5.647	5.709	4.271	-0.664	-4.178	-1.080	-12.510	-10.810	-11.007	-2.068	-13.765	-7.881	-6.405	7.500	2.736	8.267	4.094	4.853	4.772	7	Cars
-3.405	-10.280	-7.612	-1.558	2.012	2.447	9.962	4.378	-2.579	3.056	4.285	10.585	5.924	-1.153	-0.002	-9.420	-9.190	-16.203	-2.654	-3.870	-1.752	-6.372	-6.322	2.332	-0.926	-1.119	4.698	8.383	7	Cars
3.625	1.053	-3.955	-2.535	1.677	0.204	7.952	-5.249	-0.634	2.622	0.758	11.518	-1.875	-3.712	1.510	1.144	-1.906	9.910	-7.309	-4.765	-3.645	-9.501	-7.015	-4.088	3.522	-2.078	-5.567	4.401	7	Cars
-7.114	-5.195	5.924	-5.371	-5.693	5.558	0.993	-0.720	7.419	5.731	14.009	10.114	-11.148	-18.384	4.817	-10.488	-7.977	3.130	-8.869	-18.152	-17.320	-21.273	-3.025	-4.389	-3.752	8.364	1.865	7.593	7	ScrambledFaces
-6.089	-15.968	-8.741	-6.597	-5.094	-0.997	4.630	13.457	18.251	7.573	10.201	10.671	-3.818	-8.704	-9.182	-18.556	-12.043	-9.170	-6.902	-18.024	-11.165	-3.584	2.779	3.784	10.463	11.633	10.979	11.077	7	ScrambledFaces
-3.891	-13.522	-0.604	-9.226	-12.583	-9.744	-1.417	2.701	7.166	6.633	8.604	2.554	0.293	-5.359	3.509	-11.049	-9.696	-7.104	-7.000	-10.414	-8.049	-14.794	23.561	4.627	9.769	12.654	14.731	8.908	7	ScrambledFaces
-9.690	-8.434	-2.277	-8.493	-2.748	-3.506	4.098	10.313	4.884	9.371	4.884	5.660	6.769	3.409	-0.469	-5.786	-7.838	-15.034	10.043	-2.293	4.471	-10.984	31.866	5.395	-0.681	1.662	3.929	5.737	7	Cars
3.300	1.108	8.125	3.002	6.857	2.197	0.841	0.320	0.785	-0.994	2.438	-3.994	-6.392	0.309	2.350	4.564	1.297	4.820	2.872	9.376	5.111	0.762	-23.027	-3.617	-0.562	-5.624	-2.988	-1.732	7	Cars
-3.125	-9.589	-1.141	0.604	-0.808	1.626	4.561	1.518	5.160	3.239	8.149	-1.054	-1.762	-4.208	2.056	-4.649	-10.951	-12.100	-0.958	-2.076	-10.541	-6.444	1.922	1.728	-2.385	6.018	9.550	1.291	7	ScrambledFaces
-11.622	-13.927	-3.295	-9.888	-6.760	-0.625	12.491	8.315	14.391	16.730	11.064	8.890	7.127	1.001	-9.306	-13.714	-14.093	-8.794	-16.199	-5.079	-6.028	-14.099	-23.084	7.563	3.244	18.796	19.426	17.527	7	ScrambledFaces
-1.641	1.981	-4.982	0.408	-6.450	-5.026	1.059	2.571	7.312	4.171	11.957	5.818	-10.551	-10.996	1.083	-4.932	-9.654	1.669	-5.569	-6.967	-6.564	-18.533	2.603	-3.635	10.313	8.386	6.948	9.958	7	ScrambledCars
1.524	2.145	0.671	-7.134	-2.662	-3.703	0.088	5.714	0.292	4.168	3.284	0.600	-6.631	-9.532	-4.175	-1.878	0.566	0.091	-5.769	-9.782	-11.053	-9.615	12.704	-0.785	5.378	5.240	3.185	4.088	7	ScrambledFaces
0.016	0.685	2.357	6.741	2.732	-0.846	2.341	-1.263	2.870	0.163	-5.756	-5.529	-0.781	1.254	2.812	-0.612	-0.372	-11.072	8.136	9.375	-3.293	0.144	8.506	-4.434	-10.932	-0.897	-1.337	-3.754	7	ScrambledCars
2.939	-4.946	-5.044	-6.498	-4.665	-8.230	-2.472	1.522	4.036	0.416	4.172	3.090	-2.761	-5.317	-2.668	-0.782	-6.248	14.673	6.667	-1.553	-2.799	-1.771	-4.513	-0.450	10.584	6.273	6.496	5.809	7	ScrambledFaces
-0.246	-1.007	0.830	9.048	2.387	1.988	-3.273	-1.561	-1.478	-0.413	-6.297	-8.288	-3.144	-1.776	2.457	6.164	3.361	-5.441	5.759	6.962	8.202	-0.113	1.043	-2.444	0.606	-4.761	-7.171	-2.101	7	ScrambledCars
4.021	-8.120	0.162	-10.931	-5.287	-2.677	6.112	3.788	8.051	10.246	4.987	3.397	-0.329	-5.979	-10.292	-4.731	-6.331	7.731	-13.483	-6.773	-6.297	-0.028	-2.641	5.627	12.173	6.965	10.930	6.159	7	ScrambledCars
11.855	5.963	-3.264	6.075	3.434	-5.072	4.349	-4.430	-8.659	-5.499	-9.289	-8.429	-6.441	1.905	12.179	16.838	7.514	1.376	11.403	18.546	7.572	6.861	8.469	-3.677	-12.623	-7.133	-8.931	-11.310	7	ScrambledCars
3.345	-4.247	-5.063	-1.623	0.534	5.946	1.368	9.339	4.173	2.273	4.570	4.280	-9.545	-7.760	-7.222	-7.898	-7.515	-6.587	-16.186	-6.260	-8.099	2.742	5.276	-0.329	3.513	8.285	6.372	6.909	7	ScrambledFaces
-5.776	-0.342	1.821	-4.570	-3.760	-6.161	-4.910	-4.815	-5.027	-7.579	-4.487	-3.414	-0.768	-0.750	3.465	-4.151	-4.791	9.120	0.907	4.986	6.511	5.759	24.214	2.764	-5.182	3.963	5.118	3.089	7	Faces
-2.019	-11.596	-13.334	-3.648	-2.386	-2.844	3.635	3.873	12.838	8.246	14.235	13.401	-6.721	-10.387	-8.205	-17.289	-13.104	3.456	-4.966	-13.357	-15.110	-6.305	5.049	1.921	10.822	10.740	17.667	9.517	7	ScrambledCars
-10.284	-7.602	7.593	-0.735	4.636	0.123	5.342	-8.439	-4.051	-2.113	-1.162	-4.907	0.329	-2.176	3.022	-0.330	-6.828	15.030	1.375	3.554	4.256	-10.075	25.171	-4.660	-17.362	-2.687	0.106	-2.803	7	Cars
4.057	-4.572	-6.004	-3.830	-11.380	0.937	-4.058	0.762	3.390	-0.575	8.213	7.921	-2.856	-8.242	-1.667	-4.762	3.418	1.219	-5.540	-12.093	-12.550	-9.291	-8.196	-1.511	3.090	10.007	5.361	8.820	7	Cars
0.278	-8.674	-9.014	-6.447	0.238	-1.314	1.870	-2.081	2.078	7.592	8.465	7.945	-0.523	-0.471	-4.613	-6.217	-16.197	-6.105	-11.583	0.088	-4.288	-3.454	-4.829	0.656	8.078	8.995	11.509	13.274	7	Faces
-3.518	6.225	-5.302	-0.475	-0.424	-4.681	2.762	4.821	3.497	4.667	3.174	-2.650	-2.697	-5.774	6.352	-0.135	3.661	-3.895	-2.432	-5.023	-10.178	-4.449	0.033	1.198	1.941	7.390	9.774	4.517	7	ScrambledFaces
-4.906	-3.585	-0.992	-6.221	0.529	-5.394	1.497	-7.417	0.373	4.502	2.221	5.691	9.670	8.456	-1.826	-4.659	-0.833	-5.611	3.453	-3.308	0.428	2.585	-8.996	10.088	-2.610	5.463	6.608	4.682	7	Cars
3.941	-0.850	4.784	1.666	-2.118	-3.250	-1.112	-0.316	1.948	0.044	1.713	-3.778	-7.343	-6.992	2.905	-0.589	-3.157	5.194	-6.151	0.148	-1.078	-1.883	1.778	-2.558	-3.449	2.079	-0.934	0.654	7	ScrambledFaces
-7.283	-6.043	-4.234	0.661	-0.631	1.080	3.595	6.224	14.823	10.300	7.714	-1.551	-1.880	-4.146	-0.279	-3.882	-5.561	9.339	6.817	-5.355	0.147	-2.148	3.668	0.337	-2.134	3.657	-1.149	2.902	7	ScrambledFaces
8.816	9.420	6.921	7.544	1.771	-0.451	-4.386	-10.022	-3.176	-2.574	-9.899	-5.631	-5.910	-4.572	11.447	5.498	2.160	-3.971	2.406	4.140	-3.469	8.467	18.529	-1.020	12.613	1.583	0.567	-8.837	7	Faces
7.184	3.169	4.563	4.217	-0.728	-1.464	4.575	-6.065	5.313	2.306	3.421	0.589	-8.455	-5.131	-2.969	0.934	-1.605	-6.734	-2.922	3.376	-9.068	3.736	8.868	-0.443	-11.597	-0.075	2.584	1.490	7	Faces
7.882	4.158	12.212	10.790	6.015	7.974	4.905	4.400	2.008	-0.564	-1.663	-2.991	-7.352	-8.040	2.040	0.939	-0.998	-4.931	-0.746	2.004	-9.205	-16.879	-7.259	-3.633	-2.400	-0.060	-4.453	-1.157	7	ScrambledCars
-0.216	7.694	-15.168	12.032	-0.965	4.513	-0.322	0.052	-1.507	0.590	0.524	1.365	-1.701	-0.879	-1.890	7.155	5.850	-0.471	-6.932	3.158	9.341	-6.214	3.779	-2.749	-4.758	0.766	4.773	0.564	7	ScrambledFaces
4.473	-6.745	-5.579	0.985	1.075	3.255	2.850	4.009	12.007	4.006	6.400	2.558	-6.776	-13.287	-0.420	-6.269	-1.590	-7.383	4.625	-11.990	-9.743	-10.892	-6.337	-3.691	7.073	9.205	0.860	4.126	7	Faces
-3.501	-3.769	-8.541	4.301	7.368	0.689	4.400	0.479	4.693	-2.588	-1.835	-12.773	-1.307	1.308	1.095	4.646	-0.041	-5.845	16.425	4.029	-0.649	-2.107	27.310	-0.038	3.443	-4.786	-3.093	-5.143	7	ScrambledCars
-1.713	-11.431	-14.712	-5.445	0.786	-0.221	11.915	-0.907	1.460	10.130	5.872	10.960	7.508	0.268	-19.402	-14.537	-10.511	-0.440	1.577	-6.499	-1.557	-7.923	-12.669	11.686	10.637	11.685	16.008	13.696	7	ScrambledCars
-7.538	-14.570	7.170	-6.601	3.726	7.422	12.558	9.460	3.498	8.660	4.463	7.420	0.572	4.415	-4.946	-14.530	-3.618	1.066	-11.838	-4.509	-4.328	-3.942	-9.488	4.273	4.371	0.059	3.309	2.634	7	Cars
-3.495	-13.163	-8.831	-5.555	-5.921	-7.019	5.726	-1.270	1.835	5.809	7.489	4.055	4.752	1.770	-5.085	-5.166	-5.684	4.459	2.464	-8.547	-0.807	-6.904	-7.731	6.636	15.326	6.598	13.207	8.334	7	Faces
2.182	-4.195	-1.165	-8.409	-5.565	-4.295	5.904	4.573	9.061	7.232	10.909	4.848	4.034	-8.022	4.163	-4.104	-5.146	-6.298	-6.572	-11.106	-13.179	-13.160	-8.962	-1.024	16.008	8.755	11.457	14.278	7	Faces
-0.559	-19.144	-3.331	-4.983	-3.013	-7.079	-4.859	-3.440	6.554	1.658	1.856	3.823	-2.830	-3.238	-1.141	-3.754	-4.259	2.701	-1.400	3.990	6.327	-6.173	4.047	-0.575	1.177	8.212	0.889	4.416	7	Faces
2.266	0.074	-2.955	9.777	-0.847	2.384	3.987	-2.103	2.693	9.205	5.749	8.451	-2.774	-8.467	6.989	3.838	3.794	3.207	1.952	4.211	-2.961	-11.421	-8.832	-6.550	-19.405	-3.974	2.006	3.018	7	Cars
3.303	-9.162	-5.468	-1.909	-2.143	-5.912	9.448	4.741	10.755	11.673	8.364	10.105	6.245	-1.515	-21.881	-9.947	-12.045	-0.052	-9.371	-8.556	-0.061	-19.102	6.748	1.203	9.838	12.169	5.114	11.312	7	Faces
5.829	-8.620	1.237	5.499	9.483	1.663	0.964	1.619	0.005	2.967	-1.993	-3.752	-1.602	-7.314	1.179	-3.695	-11.264	-3.962	-10.390	-5.314	-2.982	-6.280	16.483	7.221	17.216	6.818	10.344	5.936	7	Faces
-8.210	-6.337	-6.061	1.383	-0.389	1.917	4.732	1.159	8.036	8.080	2.369	5.152	-5.209	-2.654	0.094	-6.907	-11.373	-3.612	-2.270	-1.880	-0.113	4.681	7.055	0.698	0.227	2.468	3.946	6.615	7	ScrambledCars
-3.993	-3.771	10.157	-9.287	-10.568	-3.107	-5.407	6.066	8.643	-3.332	3.559	1.094	-15.371	-16.846	8.499	-5.394	-0.389	8.877	-5.119	-7.499	-19.238	-7.596	-18.163	-6.486	10.067	5.662	1.889	4.307	7	ScrambledFaces
-1.379	-7.948	3.804	-2.091	-1.798	-5.306	2.418	-0.872	5.549	4.475	8.058	7.554	-3.581	-4.865	-4.892	-6.334	-3.074	7.104	-5.366	-2.833	-0.965	-2.087	-9.622	-3.832	2.200	0.265	5.169	6.261	7	Faces
-1.596	-5.936	3.317	0.948	-0.215	0.884	2.359	-1.573	2.985	6.296	-1.638	-2.243	-5.859	-7.255	7.730	-4.573	-5.713	-9.336	1.561	-6.931	-6.635	-5.513	6.652	-3.085	9.996	5.081	-0.084	1.986	7	ScrambledCars
-12.750	-5.223	-1.983	-4.684	-4.467	0.538	1.425	-0.315	0.117	1.807	5.633	3.108	-4.355	-9.673	-1.097	-15.078	-8.433	10.925	-5.221	-11.531	-4.610	6.311	-0.821	2.302	5.281	11.277	10.849	9.917	7	ScrambledCars
-13.940	-12.022	-10.398	-5.197	-3.354	5.395	6.533	6.137	5.359	4.597	1.756	-2.807	0.452	0.238	-3.421	-10.268	-6.673	8.169	5.018	-5.432	-5.090	11.231	2.652	4.107	17.872	7.273	10.852	-0.863	7	ScrambledCars
2.314	-4.468	-4.692	-4.968	-5.772	8.320	-2.283	0.458	9.309	0.844	3.903	5.294	-6.741	-7.705	-2.446	-6.469	-4.180	-8.302	-6.484	-12.168	-14.780	-4.175	9.380	1.347	11.640	12.097	9.509	10.949	7	Faces
-8.754	-13.886	1.719	-5.623	-7.438	1.765	7.141	7.676	22.989	17.938	20.222	25.334	1.187	-1.677	-15.363	-14.416	-16.409	-21.106	-11.422	-7.716	-5.242	-2.879	-26.518	8.549	9.341	23.913	21.427	23.266	7	ScrambledFaces
-2.026	-16.645	-8.500	-11.760	-9.064	-5.054	3.344	6.092	11.289	13.416	10.094	4.390	-0.890	-6.066	-9.404	-6.175	-10.859	-2.730	-5.299	-5.277	-4.818	-10.012	10.506	6.196	10.482	15.063	13.548	6.510	7	ScrambledFaces
-4.499	-4.379	-7.968	-11.402	-6.234	-2.130	0.460	0.132	-1.049	6.256	7.989	8.380	-0.388	-1.382	-3.436	-2.562	-8.669	-13.293	-10.099	-6.885	-4.099	-2.624	21.117	3.232	6.978	9.349	9.698	7.559	7	Faces
-5.437	-7.492	-9.743	7.248	2.874	4.708	6.761	4.877	6.326	9.503	7.154	3.427	3.905	-0.700	-1.098	-5.966	-12.211	-10.342	-3.707	-8.894	-1.781	-8.470	-2.677	3.256	10.430	4.665	8.684	3.879	7	ScrambledCars
-12.466	-9.406	-1.565	-9.781	-4.012	-3.876	10.383	2.510	9.339	13.326	13.754	7.551	4.808	4.518	-7.632	-14.447	-16.161	-17.514	-8.049	-3.044	0.510	2.917	7.406	11.397	-0.775	8.346	12.775	16.369	7	Cars
-15.782	-12.576	-15.454	-8.143	3.431	-1.098	2.272	5.422	13.025	14.327	7.899	3.273	3.707	2.703	-8.686	-11.621	-16.910	-8.602	-9.352	-5.076	6.526	-7.086	8.862	4.098	13.511	11.143	10.505	8.721	7	ScrambledCars
-5.245	3.283	-5.649	6.275	5.799	0.546	4.328	0.038	2.096	3.838	0.680	2.643	-6.033	-4.420	-4.455	-4.077	0.460	6.211	-4.896	1.223	-2.203	-6.669	6.473	-1.248	-4.098	-2.321	1.317	-2.273	7	ScrambledCars
3.409	2.611	1.983	-1.065	-0.083	-1.088	1.775	5.325	6.418	5.566	4.790	-4.931	-1.844	0.023	-0.820	3.432	-0.936	-13.474	8.143	6.409	5.306	-1.960	-20.598	-3.554	14.633	-2.672	-4.307	-1.639	7	ScrambledCars
1.665	-3.481	-5.835	-6.668	-4.417	-2.133	4.649	7.395	17.406	13.840	23.039	10.562	-6.073	-11.774	-6.668	-9.682	-15.290	-5.162	-13.842	-11.588	-18.920	-11.142	-21.297	-7.962	6.658	11.626	4.235	11.152	7	Faces
-9.395	-7.765	-8.065	-0.096	1.011	6.422	7.899	13.443	8.663	10.353	7.140	4.751	-2.594	-2.054	-6.694	-13.663	-10.318	3.197	-10.824	-11.859	-5.322	-10.659	8.260	4.560	5.698	12.534	14.805	5.416	7	ScrambledCars
-7.765	-16.754	6.986	-12.669	-2.400	-2.794	7.147	10.591	8.080	7.660	8.911	6.326	-2.834	-7.012	-1.626	-15.446	-8.226	-15.200	-4.881	-16.088	-9.890	-2.376	13.810	2.086	5.588	2.892	1.849	9.997	7	Cars
-6.975	-12.016	-3.980	2.260	-0.925	6.334	4.309	13.743	12.107	10.284	9.214	7.751	0.270	-7.724	-2.670	-20.345	-17.027	-2.036	-11.952	-12.906	-13.271	2.058	-10.391	5.379	6.697	12.686	4.275	13.459	7	ScrambledCars
-2.199	-3.217	-4.148	3.920	-0.053	-4.181	9.659	-0.606	3.121	4.100	5.157	-1.980	-0.951	-1.591	-4.532	-1.349	-10.639	-3.787	-7.133	-2.907	-3.781	0.139	9.800	3.090	8.478	-1.686	4.699	5.096	7	Cars
-4.901	-13.444	-8.693	-2.788	2.350	2.648	12.457	12.945	7.060	14.376	4.670	0.258	3.804	1.279	-4.499	-4.777	-6.803	-8.297	-7.672	-5.878	-2.610	-8.536	-10.280	8.175	3.398	6.933	7.112	5.415	7	ScrambledCars
-5.183	-3.303	-13.704	-9.880	-7.898	-12.390	1.856	-3.516	0.487	0.801	6.443	5.128	0.966	3.634	-1.426	-4.387	-3.950	-0.358	-3.315	-0.502	4.036	-7.187	13.570	1.030	7.045	6.446	0.953	5.184	7	Faces
-4.637	-9.656	2.105	-4.884	2.174	4.392	5.159	4.847	7.977	2.461	0.177	1.748	-3.465	-5.508	-3.562	-7.630	-9.565	5.762	-6.306	-6.621	-6.458	-8.193	7.669	-1.695	8.293	2.861	-1.680	1.284	7	ScrambledCars
-6.377	-9.685	1.861	-8.693	-0.838	1.891	5.669	18.008	5.660	8.916	6.464	6.683	-5.965	-7.890	-12.605	-13.946	-12.388	-8.285	-11.442	-13.004	-13.413	-13.607	-11.378	5.165	8.963	13.131	11.841	11.512	7	ScrambledCars
-3.819	-7.366	-3.994	-3.742	-2.154	2.324	4.758	7.454	8.238	7.732	1.829	-1.002	-0.611	0.421	-8.879	-8.258	-9.249	2.190	-11.052	-4.988	3.104	3.550	-3.143	5.204	19.957	11.918	9.684	5.567	7	ScrambledCars
-1.182	3.711	5.096	2.506	5.700	10.260	-3.433	-10.539	-5.633	-1.819	-5.628	1.724	-7.022	-3.064	2.989	-1.321	3.768	6.704	1.347	1.461	0.426	-1.696	5.851	-0.767	-0.096	4.343	1.601	-1.269	7	ScrambledCars
-10.362	-5.095	-5.830	-0.433	-1.506	-5.890	-3.870	-10.116	-1.510	-3.168	-0.500	0.158	-3.720	0.763	6.849	1.716	4.316	13.914	-1.105	5.906	7.090	8.829	24.119	-1.426	0.886	-3.328	-2.676	0.891	7	Cars
-3.742	-9.422	1.732	-4.452	-3.696	-4.001	2.363	2.420	2.126	4.069	3.283	7.247	-2.271	-3.808	0.900	-9.448	-12.969	-3.571	-6.521	-6.651	-4.296	-7.987	-8.444	6.863	9.959	8.394	5.561	7.017	7	Faces
7.234	-2.984	-6.605	0.616	-2.265	-5.174	-0.792	1.561	8.220	-3.103	0.794	6.146	-11.364	-15.397	2.538	-3.303	-0.194	-1.569	-0.344	-11.407	-14.146	-1.759	-7.190	-4.700	1.538	4.075	-3.088	1.257	7	Faces
-12.210	-8.183	-11.255	-10.715	-7.172	-3.815	10.887	-10.615	7.078	12.356	11.126	6.844	3.138	2.228	-6.703	-12.019	-5.357	4.421	2.009	-8.330	2.520	-3.575	-1.760	6.953	5.478	6.486	11.532	10.032	7	Faces
0.172	-5.348	7.219	-5.523	-9.512	-4.202	0.197	1.906	11.837	6.178	3.902	-0.307	-10.769	-9.835	-4.475	-1.686	-2.335	3.401	-4.760	-3.509	-1.328	-6.236	5.372	-2.912	3.491	5.063	4.147	5.267	7	ScrambledCars
-9.510	5.610	-3.623	2.180	-1.957	-3.177	3.554	-7.804	1.679	1.861	2.038	3.707	1.257	-4.896	-3.344	-4.746	0.122	1.751	-3.950	-5.480	-8.354	0.652	11.411	4.531	-0.676	-2.844	4.618	6.005	7	Cars
5.863	-0.717	7.562	1.339	2.753	-1.607	0.707	0.884	2.655	5.678	1.405	-11.175	-9.726	-5.204	-0.075	2.156	-1.643	-3.746	5.102	4.767	3.437	3.483	16.053	-9.804	-3.382	-0.633	-6.441	-3.844	7	Faces
-2.327	2.158	0.386	-1.193	-2.579	-6.521	0.702	1.938	5.805	2.734	3.121	5.054	-7.000	-10.397	9.434	2.250	0.217	1.620	0.152	2.240	-6.957	-9.076	-10.576	-7.299	0.705	-2.543	-3.734	0.780	7	Cars
-9.950	-5.855	-4.993	4.313	4.909	2.927	12.694	5.033	2.905	14.331	5.567	3.992	9.507	9.227	-7.288	-4.021	-13.247	-8.334	-12.244	2.680	5.143	-0.363	-14.002	5.018	-4.478	-0.812	3.366	-0.687	7	Cars
0.319	5.085	9.941	3.458	1.581	5.223	-3.998	-1.503	6.556	-1.689	-0.109	-1.939	-7.334	-6.249	-0.225	4.946	3.649	1.241	3.786	-0.229	-3.853	-11.594	-1.905	-4.925	-12.733	-3.655	-5.962	-4.045	7	Faces
-0.947	-1.761	0.834	-5.671	-2.918	0.988	2.224	3.741	3.607	1.443	5.188	11.443	1.207	-2.533	-5.922	-8.523	-4.903	-15.967	-5.108	-11.081	-6.487	-5.990	-5.161	3.900	4.505	9.493	8.057	8.667	7	Faces
0.357	-11.641	-3.908	-6.959	-8.176	-4.077	3.354	-1.127	4.077	3.520	5.450	-0.032	1.073	-4.402	0.801	-5.601	3.703	2.978	12.196	-8.358	-7.333	-1.524	-4.890	0.254	6.945	8.539	3.401	5.446	7	Faces
-7.552	-6.926	7.957	4.260	9.343	5.050	7.190	-12.582	-0.448	3.351	7.614	2.861	9.257	13.982	-2.246	-1.998	-2.779	-5.829	-5.217	4.768	14.485	1.767	-15.470	5.567	-9.512	-2.079	2.384	-1.693	7	Cars
-7.806	-4.833	-5.210	-10.561	-2.828	-0.841	1.879	-2.677	5.191	1.301	3.359	6.442	-4.664	-0.784	-9.323	-7.020	-12.743	-3.071	-2.469	-6.802	0.193	-2.163	1.418	0.763	3.980	13.316	7.235	11.739	7	ScrambledCars
-2.628	-4.156	-9.246	-2.714	-3.583	-4.720	1.682	7.153	-0.430	-1.507	3.930	0.688	-3.526	-4.370	-1.710	-6.399	-6.860	-6.398	-7.210	2.158	-7.825	-3.724	-7.216	2.033	7.136	11.338	5.115	5.256	7	Faces
-10.643	-1.724	-4.127	-1.442	-0.381	2.333	7.066	-6.865	-8.556	3.218	-1.064	-1.236	9.455	5.401	-0.477	-6.194	0.055	4.364	-1.491	-0.419	0.372	-0.619	9.447	2.404	-4.510	-2.441	2.431	3.464	7	Cars
-6.641	0.708	8.493	2.745	2.634	4.652	7.009	2.622	9.440	6.231	6.151	1.947	-4.068	-1.446	3.862	-4.609	-0.111	-11.820	-3.355	-0.070	-3.192	-8.731	11.013	-5.234	-14.857	-3.930	-0.798	-1.265	7	Cars
-7.152	-9.722	-3.783	-4.951	1.797	-0.660	8.531	-0.249	7.054	13.499	4.622	-2.152	13.163	7.820	-8.733	-7.302	-11.617	-13.633	-16.335	-5.148	-1.400	-5.962	-0.481	7.921	7.766	11.367	16.806	2.353	7	ScrambledFaces
1.071	-0.806	6.831	2.640	8.089	2.662	8.741	8.723	6.502	10.236	6.645	2.658	0.729	6.229	-1.997	-1.889	-6.491	-11.152	-7.083	-0.682	-2.038	-0.459	-16.732	-0.757	-1.200	-4.982	0.966	-2.187	7	Cars
0.809	0.015	-6.506	-2.254	-7.187	-7.170	0.899	2.568	6.286	1.762	3.074	1.089	5.953	2.249	-3.922	2.081	0.262	10.659	6.857	-3.308	-1.878	-9.075	10.920	0.948	-3.259	2.582	-0.215	3.695	7	Faces
4.115	0.766	5.766	16.709	-0.837	-1.528	2.236	-12.598	-3.013	5.082	0.606	1.061	-1.321	-0.558	4.932	7.993	0.019	-9.340	-1.860	10.112	2.719	6.746	3.578	-3.811	-12.672	-2.822	1.263	-0.527	7	Cars
-4.295	-12.987	-6.663	-6.972	-4.605	1.323	3.537	11.869	11.296	9.331	11.925	6.653	-0.558	-10.625	-5.763	-15.543	-14.358	-1.907	-12.767	-11.092	-6.946	-0.944	5.573	5.433	9.513	13.000	6.994	11.798	7	ScrambledFaces
12.390	-8.284	-5.973	-7.520	-8.586	-4.330	6.892	6.915	6.446	4.840	2.632	-0.430	-3.994	-7.704	-3.751	-6.805	-1.997	-4.286	-0.904	-3.015	-7.300	5.355	0.951	9.386	10.892	10.553	10.547	5.728	7	ScrambledCars
3.203	-0.970	7.745	0.557	-2.780	-6.588	0.303	-3.491	-0.086	0.387	-1.414	3.341	-3.045	-2.338	-0.088	1.882	-1.275	3.746	-1.542	2.927	-2.402	-0.311	6.047	1.423	1.829	1.268	7.833	2.611	7	Faces
-7.639	-1.924	-7.007	-2.496	2.696	3.455	-3.051	8.095	2.015	0.662	-0.998	3.142	1.429	0.078	-2.158	-0.709	2.444	-1.236	1.161	-3.994	-2.148	3.649	-12.188	1.921	-10.769	3.215	3.838	1.494	7	Faces
-10.849	-2.419	-5.009	-6.975	2.701	11.806	10.406	8.674	9.853	6.890	3.522	-2.063	-6.739	-11.908	-7.846	-11.502	-9.317	-10.168	-9.768	-14.169	-6.928	-11.146	1.112	7.736	9.489	15.150	11.660	9.481	7	ScrambledCars
-1.585	-1.424	1.756	-0.069	-4.208	-3.510	5.215	0.898	12.309	9.602	12.076	12.694	0.572	-4.045	-5.072	-2.972	-7.459	-11.237	-14.355	-5.199	-1.169	-9.753	-13.230	-0.464	-6.470	4.281	8.429	11.291	7	ScrambledFaces
-0.502	1.492	4.283	6.021	5.204	13.043	8.826	5.541	10.756	7.336	8.330	3.367	-1.986	-4.172	-1.819	-2.612	-12.438	0.016	-7.442	-0.134	-7.310	-8.062	-14.910	0.744	1.112	1.129	1.360	2.040	7	ScrambledCars
1.469	-0.874	-10.899	2.128	-2.926	-8.927	7.704	-4.462	2.008	7.847	2.810	0.034	6.986	10.116	-5.253	4.651	-1.099	-12.536	0.367	11.463	8.804	-1.322	-17.867	2.718	6.761	1.962	3.508	3.267	7	Faces
3.877	-9.183	-7.495	-2.990	-3.422	-5.388	-4.029	3.304	1.322	-2.677	0.497	11.623	-9.432	-10.710	2.363	-12.142	-4.412	4.513	0.973	-15.683	-9.301	0.242	5.953	-1.794	5.570	5.391	0.461	7.978	7	Cars
-15.847	0.874	4.130	0.513	0.720	-3.744	-0.471	7.244	4.453	-2.493	-2.346	-5.996	-5.421	-2.652	-9.425	-6.903	-9.387	10.870	2.897	-4.579	-2.407	1.147	-21.841	0.945	11.012	8.820	4.450	0.779	7	ScrambledFaces
-4.904	0.451	-1.424	11.549	-3.051	5.283	0.616	4.592	9.511	7.118	4.845	1.151	-2.112	-0.974	3.377	5.733	-1.195	-4.434	6.167	-2.327	-11.671	-9.977	-12.257	-4.935	-13.629	3.416	3.804	-1.472	7	Faces
-1.736	-8.552	-2.611	-6.493	-15.248	-5.576	-0.172	2.883	4.428	1.974	4.403	4.556	-6.469	-9.919	5.135	-10.737	-9.153	5.473	-12.377	-10.350	-11.368	-1.702	26.780	0.251	14.845	11.252	6.847	9.649	7	ScrambledFaces
-7.890	-3.084	1.268	2.166	-4.238	4.938	-4.426	-7.837	2.785	-1.278	2.555	-2.465	-7.270	-8.355	6.508	-8.456	4.659	4.378	4.463	-5.987	-7.920	-6.246	-14.988	-1.948	12.016	2.810	1.561	5.135	7	ScrambledCars
-11.970	-18.063	-5.775	-17.736	-3.944	2.086	10.613	17.107	19.610	19.645	21.956	18.735	2.509	-7.678	-11.993	-26.174	-26.740	-14.780	-24.117	-21.137	-17.254	-11.220	16.638	3.811	1.161	17.125	12.169	16.216	7	Faces
0.698	2.527	3.369	6.143	-1.295	3.808	-2.376	-3.406	-4.960	-0.099	-2.093	-8.759	-3.654	-7.572	-0.699	-0.061	-0.559	8.378	5.174	-0.638	-12.541	0.783	-5.786	5.901	4.388	0.944	7.052	0.703	7	Cars
-4.624	2.385	-3.632	-5.076	-2.218	-2.286	4.432	5.536	9.329	10.113	7.717	4.539	-2.846	-1.011	-8.757	-7.638	-9.424	-9.414	-12.486	-9.462	-8.781	-9.387	8.301	6.591	1.383	10.788	13.914	8.076	7	ScrambledFaces
-8.170	-2.208	3.984	0.316	3.699	6.058	4.335	8.677	8.533	8.473	12.273	10.147	6.442	1.920	-11.287	-8.144	-9.380	-7.759	-8.115	-2.411	-3.236	-15.112	-11.502	1.944	-15.198	4.727	10.225	9.646	7	Faces
7.449	6.147	12.745	4.377	-5.566	-4.263	3.577	6.298	2.546	0.649	0.379	-4.565	-5.890	-6.498	-1.545	1.123	0.714	-2.175	-6.774	-5.977	-9.400	-6.580	6.185	-4.360	1.563	0.870	-2.021	1.062	7	ScrambledCars
2.675	1.439	3.942	6.523	2.348	3.921	6.242	-4.552	-8.141	1.137	-5.051	-6.601	3.490	3.902	2.783	7.947	3.397	-0.427	-1.121	11.876	8.163	-5.165	-20.841	0.561	-0.454	-2.636	-0.424	-2.898	7	ScrambledFaces
4.619	-1.811	4.065	6.324	-1.189	6.288	8.468	-4.444	-3.370	0.982	-0.719	-0.390	-1.357	-3.968	-1.653	-0.359	0.530	9.766	0.838	-0.227	-6.154	-6.938	-2.578	-1.213	-6.590	-1.014	-0.932	2.651	7	Cars
7.268	-11.203	10.177	-4.423	-1.842	-0.244	-4.747	-4.208	4.633	-1.172	1.700	7.038	-8.002	-10.925	-1.890	-11.894	-9.531	5.691	-2.866	-11.849	-4.263	-4.609	14.359	-5.811	7.565	5.510	0.667	6.488	7	ScrambledCars
2.128	-0.097	-9.679	-2.614	7.426	-1.516	-1.346	-2.279	-2.317	2.830	3.126	0.266	3.704	8.181	4.556	6.285	8.116	-12.148	0.062	11.336	13.466	15.884	12.537	-3.288	-7.896	-3.546	-1.071	-5.308	7	Faces
1.515	-0.091	3.812	-0.066	0.189	3.308	-4.742	-1.235	2.722	-2.741	-1.121	-0.713	-10.037	-3.793	1.026	1.267	3.609	4.713	-6.529	5.879	-7.096	3.110	-3.776	0.933	0.996	4.323	2.606	1.482	7	Faces
-3.025	-5.652	6.004	3.622	2.326	-1.728	3.929	7.109	10.114	8.168	1.725	-3.303	0.457	-2.751	-9.204	-10.179	-8.557	-3.867	-8.101	-9.107	4.093	-6.672	7.013	3.186	5.619	8.720	4.733	3.256	7	ScrambledCars
-7.020	-6.374	13.820	-10.023	-2.791	-0.197	5.393	2.469	8.569	7.045	5.919	9.447	-0.998	-6.039	-4.606	-7.389	-10.384	3.446	-1.829	-9.771	-11.115	-3.732	-3.662	-1.288	-7.688	3.245	6.154	3.747	7	ScrambledCars
-6.613	-4.750	-7.634	-1.986	-1.314	-5.351	-4.017	-4.971	2.845	1.160	-0.305	5.066	-1.531	1.039	3.397	-4.045	0.012	4.796	-5.235	-1.821	0.148	-4.004	-12.462	-1.085	3.330	7.089	4.349	4.769	7	Faces
-2.518	-13.005	-3.553	-13.341	-7.350	-8.872	-0.322	-3.444	4.022	-1.548	3.119	5.873	2.087	-0.838	-0.908	-4.728	-4.728	4.733	2.657	-5.986	-9.493	-1.243	0.651	1.631	-0.005	8.568	8.902	11.168	7	Faces
-4.886	-7.158	3.237	-1.411	1.905	-3.571	4.796	-0.242	-6.177	3.186	-2.023	1.714	8.667	7.669	-1.167	1.772	-8.587	-11.002	-0.944	8.813	9.185	4.756	-13.156	3.745	-4.251	-1.043	3.210	7.613	7	Cars
3.158	-5.035	1.158	-2.398	-4.667	1.781	5.847	10.371	10.449	3.424	10.271	8.582	-7.151	-11.273	-7.325	-10.384	-8.933	-3.253	-11.060	-8.907	-8.547	-18.101	0.331	-3.196	4.152	7.831	0.873	8.588	7	ScrambledFaces
-0.727	-1.806	10.943	-1.541	-3.438	-4.208	-2.780	-3.845	-6.704	0.684	-2.455	1.823	-1.508	-0.458	4.473	-9.337	1.936	-1.764	0.515	-7.973	-5.283	3.008	12.471	-3.831	-0.576	0.828	-2.179	-1.352	7	ScrambledCars
-6.433	-8.458	-13.083	-11.628	-7.735	-3.395	-2.393	1.620	8.054	-2.953	5.503	14.207	0.139	-3.631	2.941	-3.088	-8.800	-10.160	-5.347	0.570	0.695	6.671	-0.378	4.885	2.410	10.526	13.770	10.281	7	Faces
2.758	1.983	2.569	1.895	-1.361	-3.895	4.131	-5.589	4.499	2.038	3.923	4.387	-7.992	-5.971	1.063	5.394	-0.576	-2.895	-1.985	0.843	3.126	-13.390	0.264	-1.735	-3.254	3.059	-1.728	0.335	7	Faces
-8.503	-9.447	-3.894	-8.376	-2.001	5.265	8.166	8.927	8.679	11.748	6.510	10.439	7.929	1.535	-6.337	-8.958	-9.425	-3.708	-5.794	-9.431	-1.923	-1.887	-6.598	8.330	0.454	3.923	10.993	4.498	7	Cars
-2.676	-0.385	-13.603	3.787	-6.612	-1.623	6.472	10.910	10.190	0.501	10.342	2.798	-2.314	-4.801	-8.895	-7.184	-6.182	8.770	-4.219	-8.308	-10.292	-8.249	1.382	3.403	5.597	6.524	5.035	9.149	7	ScrambledFaces
-10.462	-11.378	-17.911	-4.394	-1.346	-0.347	8.255	5.322	-0.942	4.038	-0.642	3.405	7.868	10.017	-4.524	-0.208	-7.130	-15.163	-5.829	2.828	8.740	-0.541	-2.124	6.093	1.077	6.554	7.477	9.946	7	Cars
-4.326	-11.456	-5.613	-12.116	-0.101	-7.239	4.306	5.308	4.464	7.319	7.051	7.704	-0.074	-3.947	-8.016	-16.789	-11.267	-0.672	-3.735	-11.853	-3.839	-12.670	7.960	2.947	10.951	11.106	11.993	10.468	7	Faces
-12.543	-19.951	-16.820	-11.485	-5.684	4.513	9.782	17.164	15.139	15.358	11.667	12.660	3.830	-1.146	-11.244	-17.761	-19.337	-16.192	-6.871	-13.474	-0.203	-10.298	-4.731	6.593	19.395	15.209	16.822	16.758	7	ScrambledFaces
-3.571	-5.325	-10.123	0.961	1.419	6.170	4.165	13.118	11.155	7.345	7.913	8.057	-2.018	-3.063	-12.078	-4.973	-7.024	-24.094	-3.727	-3.071	-2.319	-6.793	-3.818	-0.465	-5.086	3.269	3.246	5.422	7	Faces
5.074	-7.948	0.687	8.086	-2.176	-4.160	-2.665	-3.110	8.238	-2.073	1.711	-2.362	-14.959	-8.747	-2.418	5.088	3.392	7.907	0.122	3.239	-1.600	-5.894	-4.587	-2.706	1.844	6.546	7.312	3.900	7	Faces
-2.946	2.426	1.372	0.824	-5.190	-0.558	3.906	3.929	1.046	8.375	7.445	3.422	0.536	-3.962	1.766	-0.629	-5.777	-4.571	-2.519	-2.252	-0.165	-14.258	-6.580	1.400	-1.605	5.759	5.217	5.108	7	ScrambledFaces
4.685	2.087	6.242	0.982	-4.288	-0.441	2.708	10.432	10.399	7.661	8.408	4.850	-8.121	-10.106	-1.951	-0.551	-7.948	-7.685	-7.518	-1.015	-5.857	-16.976	-14.207	1.745	3.509	9.426	5.235	6.526	7	ScrambledFaces
2.743	7.581	-2.030	3.017	4.755	-0.444	-4.985	-6.440	-4.032	-3.976	-4.913	1.657	-6.937	-2.760	6.915	11.401	0.910	14.520	-4.325	3.500	-1.933	-6.478	13.004	-2.622	-13.970	-5.741	-0.738	3.230	7	Cars
-0.385	-0.551	-7.666	4.107	4.973	0.525	1.564	3.580	8.017	3.833	6.434	0.275	-1.523	-1.431	-7.876	-0.054	1.808	-12.347	-7.491	-1.097	1.629	-7.160	-10.213	4.523	-5.027	5.324	3.393	10.584	7	ScrambledFaces
-1.167	2.425	0.601	0.989	-1.184	-1.434	9.167	0.677	4.323	7.333	6.088	3.534	4.935	1.290	-5.755	-10.620	-10.619	-7.533	-2.067	-8.517	-3.031	-8.029	-16.276	6.462	16.183	7.831	9.157	5.903	7	Faces
-5.035	-3.782	7.292	7.342	5.198	10.242	9.305	2.224	6.159	7.288	5.779	4.072	-0.261	-0.781	-8.310	-1.883	-8.370	1.038	-10.213	-2.234	2.607	-10.889	-7.444	5.746	-8.054	3.082	8.667	4.479	7	ScrambledCars
-0.429	-13.957	-4.430	-7.427	-9.910	-7.725	5.571	8.488	11.931	14.504	12.628	14.947	2.426	-6.157	-11.586	-15.816	-13.155	-2.296	-13.078	-10.210	-13.695	-5.492	-10.328	5.768	12.690	13.985	15.680	11.431	7	ScrambledFaces
2.502	2.752	0.921	4.449	1.017	3.000	1.110	1.924	-0.945	2.250	5.066	-1.663	0.825	0.636	-5.877	0.508	-2.423	0.076	-6.253	-0.792	-7.799	5.957	-11.453	-6.529	-4.307	-2.718	-8.530	1.206	7	ScrambledCars
-7.643	4.533	0.105	-6.144	-7.496	-7.040	1.691	-6.464	-5.611	2.278	4.570	6.890	6.353	3.648	-3.963	-5.671	-3.003	6.100	1.658	-2.845	0.346	-5.110	0.538	4.708	-3.955	0.637	2.929	1.870	7	Cars
-3.445	-2.465	-12.107	8.670	1.688	1.577	4.333	2.395	2.501	10.143	3.806	5.244	0.921	1.060	-3.086	-5.521	-5.519	0.680	-10.637	2.542	3.698	3.787	-16.573	3.666	3.370	6.947	14.481	7.596	7	ScrambledFaces
-4.237	-5.432	-1.850	-9.177	-7.574	-1.636	-1.405	3.624	-0.495	1.691	8.170	3.184	-1.040	-5.961	3.288	-6.111	-0.339	-0.018	-6.063	-12.280	-7.619	3.673	-11.654	-0.794	5.955	4.337	5.448	5.138	7	Cars
0.697	-0.517	-2.521	-2.735	3.615	2.919	3.734	3.490	-0.504	1.783	-2.526	7.868	-4.319	-1.311	-4.380	-2.021	-6.046	3.337	-9.198	-2.404	0.151	7.426	18.976	-2.101	0.751	-4.004	-1.730	-2.024	7	Cars
1.341	1.489	2.070	2.203	-0.917	10.586	0.678	-0.793	0.672	-1.062	2.946	2.923	-7.146	-5.117	0.341	-0.768	-7.136	-0.716	-8.634	-1.562	-2.538	2.772	-12.860	-1.566	6.298	4.993	5.656	3.446	7	ScrambledFaces
3.270	-4.452	-6.248	0.445	4.390	2.839	4.544	-5.049	3.494	5.259	0.608	3.162	2.186	-2.529	-1.375	-4.545	-2.962	-5.275	2.948	-2.631	-3.356	2.959	2.979	5.686	7.112	1.100	5.095	2.532	7	ScrambledFaces
-0.122	-6.711	3.127	-2.254	-0.933	0.520	5.453	8.174	9.703	7.334	4.325	5.348	-2.280	-6.121	-11.533	-11.070	-8.391	-9.419	-9.973	-5.320	-2.339	-10.633	10.832	-0.191	10.375	6.749	3.856	4.847	7	ScrambledFaces
-7.116	5.294	9.333	-9.586	0.688	-1.003	-1.880	3.029	12.627	4.017	4.793	5.060	-8.065	-6.793	-5.010	-7.197	-3.514	-3.267	-7.476	-3.886	-4.195	-1.357	-15.550	0.182	-3.992	3.600	2.342	1.673	7	ScrambledFaces
-8.244	3.056	-5.063	0.938	6.902	3.549	-1.902	-7.169	-6.306	1.100	-3.421	-6.735	13.317	15.168	-0.419	11.121	3.996	-9.614	7.291	11.406	13.337	4.982	-0.900	3.772	-8.494	-8.448	3.792	-4.403	7	Cars
-0.870	-5.252	8.731	-8.421	-3.732	1.023	1.073	9.556	-1.116	3.297	2.818	0.222	-3.479	-4.987	-7.361	-12.319	-1.192	1.285	-8.582	-11.380	-12.640	-2.205	10.022	4.390	-2.613	4.890	4.587	7.281	7	Cars
-0.187	0.264	7.417	-0.750	1.770	3.457	-0.017	-1.344	0.475	3.848	0.409	-1.935	0.480	6.169	-8.235	6.547	-2.574	-7.748	1.849	16.393	16.801	-14.663	-13.012	-1.254	-9.915	3.411	0.390	4.284	7	ScrambledFaces
10.628	12.855	16.931	9.243	-0.884	0.008	-11.459	-3.682	-7.308	-9.196	-7.247	-6.596	-16.698	-12.223	5.032	11.344	12.159	10.837	3.162	1.867	-6.477	-13.048	9.395	-7.529	-4.198	-3.291	-14.227	-5.656	7	ScrambledFaces
10.593	-0.009	8.981	4.762	2.445	-0.074	3.846	-4.285	3.143	1.499	-0.697	-5.275	-5.460	-1.871	-1.859	-0.791	-4.399	-6.572	-4.993	1.910	1.880	4.316	-7.578	-0.630	5.616	3.168	1.193	1.818	7	ScrambledCars
-1.819	-10.146	-11.783	-6.779	-5.778	-3.116	-2.172	-3.126	6.713	7.487	5.801	6.470	-0.454	-7.373	-8.878	-6.020	-1.643	9.630	-0.199	-3.286	-3.559	4.174	6.857	4.380	10.940	7.496	5.719	4.602	7	ScrambledFaces
1.854	-0.740	-7.795	-4.667	-2.749	-3.686	1.377	-0.014	2.161	1.850	6.683	1.174	-6.717	-6.966	-1.775	1.633	1.156	0.568	6.851	-2.821	0.320	-5.699	-10.635	-1.490	1.521	7.184	6.435	7.503	7	ScrambledFaces
-3.786	-12.495	-1.569	-8.500	-5.387	1.534	7.160	-0.678	7.886	4.124	6.607	4.589	-0.762	-1.706	-6.131	-8.491	-4.579	-5.432	7.983	-3.539	1.618	-3.083	9.215	0.197	0.972	5.266	-2.081	6.123	7	Faces
1.011	-6.199	4.431	-0.255	-2.992	-4.114	8.030	0.090	1.931	11.782	3.074	5.467	5.929	-2.868	-4.279	-7.120	-6.783	9.015	-3.317	-6.792	-1.901	2.224	11.244	3.589	-12.785	1.765	5.637	1.653	7	Cars
2.853	-5.375	-0.659	-1.548	-1.377	1.187	5.115	1.399	8.074	7.612	5.044	9.920	-1.989	-3.116	-4.942	-9.288	-7.111	-12.023	-15.357	-10.584	-4.078	1.793	-4.330	-0.359	13.701	7.344	7.187	5.360	7	ScrambledFaces
3.762	-7.579	4.173	-13.183	-6.803	-5.180	12.783	-1.158	2.262	12.197	7.496	7.846	6.972	1.095	1.303	-4.011	-1.006	-9.001	-11.412	-4.150	-3.122	-2.823	2.486	1.286	4.114	4.724	11.300	7.481	7	Cars
-11.159	-3.484	-1.947	-6.197	-1.562	1.083	4.825	-0.488	2.778	5.014	4.262	6.799	2.050	-0.734	1.160	-7.917	-5.743	0.204	-4.020	-8.591	-3.410	-5.502	-6.382	2.691	15.878	8.432	5.887	6.824	7	ScrambledCars
-10.007	-12.107	-8.646	-5.183	-8.938	-6.303	12.649	4.768	6.380	8.550	10.349	12.967	6.918	3.546	-9.624	-14.200	-10.319	-4.417	-2.885	-11.955	-2.129	-3.942	-8.420	6.946	-11.262	9.200	10.508	13.449	7	Cars
9.483	-4.772	-8.374	-12.798	-2.023	-4.371	-3.317	-2.684	-1.696	0.056	2.127	10.251	2.468	-2.900	1.174	-2.186	-1.959	-3.953	-4.574	-2.046	-1.458	-0.253	-1.338	4.265	17.218	6.181	5.645	9.348	7	Cars
0.675	-11.941	12.473	-5.472	-3.580	-10.286	2.315	5.236	10.018	9.414	11.648	4.381	1.169	-1.531	-7.049	-7.573	-11.114	-7.908	-7.058	-7.123	-4.086	1.842	-14.062	0.324	10.718	5.912	2.812	4.866	7	ScrambledCars
-0.487	-8.154	0.504	-4.432	-0.523	8.910	1.364	9.094	6.545	4.000	1.955	0.078	-6.528	-9.360	-4.170	-9.238	-1.443	2.577	-11.322	-14.374	-14.039	-9.557	12.084	-1.468	6.253	6.210	2.581	10.928	7	ScrambledCars
-9.561	2.376	-2.967	3.010	-0.534	-5.724	-0.084	0.412	1.101	4.611	3.418	3.913	-0.720	1.974	-3.483	-3.646	-7.486	-6.740	-1.957	-0.122	3.644	-7.979	-7.770	4.223	10.250	7.001	6.087	8.526	7	ScrambledFaces
-6.001	-16.970	-15.980	-8.378	-4.743	-9.312	7.228	13.756	22.694	15.439	17.826	10.970	-0.964	-3.658	-12.745	-17.336	-12.197	-12.509	-0.447	-15.986	-10.867	-5.102	-12.639	4.672	4.762	13.281	18.301	15.346	7	ScrambledCars
-6.339	3.677	-2.410	-0.568	1.071	1.551	4.254	3.029	6.110	8.048	6.441	5.244	4.857	5.829	-1.709	-2.117	-5.436	-6.883	0.471	2.059	2.697	-6.169	-13.702	5.391	-4.599	2.593	4.098	4.553	7	Faces
4.161	-1.155	-0.676	3.129	-0.747	1.579	1.039	-2.158	4.344	3.240	7.266	3.060	-5.382	-3.977	4.958	1.348	-8.286	6.768	-7.910	-0.366	-0.368	2.646	-10.743	-2.760	1.871	3.429	2.973	1.072	7	Faces
0.155	-5.678	-2.433	-0.621	-0.990	2.198	-1.002	3.113	9.665	3.033	11.226	6.681	-5.874	-7.539	5.998	-6.246	-7.975	1.605	-14.172	-5.499	-14.496	-5.145	-35.833	-3.469	0.981	7.480	5.143	6.614	7	Faces
-1.348	3.613	6.191	1.433	0.814	8.471	6.029	2.129	1.916	7.112	0.886	2.108	-1.017	-7.705	5.365	-2.233	-1.369	-13.234	-8.362	-8.415	-13.659	-6.028	0.491	-2.882	4.793	-0.790	0.298	-1.553	7	Cars
-0.070	-5.112	-5.780	-11.454	-6.585	-5.915	6.601	1.291	11.766	7.591	11.718	10.395	3.045	-0.836	-9.023	-6.078	-9.205	-9.661	-6.856	-1.658	-1.136	-6.651	8.376	9.126	10.139	6.167	4.097	9.651	7	ScrambledCars
1.182	2.026	6.217	3.587	2.517	10.624	-1.572	1.497	1.517	-1.253	3.768	7.215	-4.073	-9.626	0.121	-6.039	-1.933	8.538	9.136	-6.432	-9.220	-5.082	10.372	-6.307	-9.450	-4.191	-6.485	-4.158	7	Cars
-7.686	-5.289	-2.847	-10.468	-4.115	-7.157	5.982	5.269	9.574	6.802	4.380	3.150	-1.026	-6.744	-2.369	-8.768	-7.213	-5.002	-7.697	-10.419	-5.071	-10.102	8.195	-4.550	2.059	4.249	8.920	4.237	7	ScrambledFaces
-1.823	-1.891	-20.158	2.854	-1.127	-8.439	2.039	-0.711	-1.357	0.794	6.352	3.419	3.858	1.578	-1.681	1.585	0.150	-9.880	0.768	5.448	1.795	3.828	5.454	1.848	-6.344	-1.889	0.156	9.409	7	Cars
-5.376	-2.515	2.673	-4.815	-7.124	3.608	1.982	2.574	6.627	0.767	8.105	3.011	-2.181	-4.293	1.088	-4.093	-6.210	5.543	-23.507	-3.009	-5.359	-3.194	-5.368	2.187	8.691	4.073	-0.188	6.524	7	Cars
-1.794	-14.193	-10.913	-5.836	-5.215	0.323	6.418	7.884	4.500	11.517	14.499	6.792	-0.546	-6.938	-15.188	-13.200	-15.197	-9.209	-11.540	-10.845	-9.057	-7.991	1.332	10.823	19.655	15.678	19.930	16.279	7	ScrambledFaces
-7.845	-8.323	-8.561	-6.508	-8.054	-1.623	1.044	5.202	7.532	6.044	8.303	9.991	0.463	-0.352	-4.137	-3.724	-10.701	-0.426	-5.867	-9.025	-14.589	-8.501	-16.500	3.435	7.143	10.164	12.810	12.293	7	Faces
-0.630	-6.302	-3.594	2.886	-2.581	-6.396	5.348	1.899	4.029	7.639	4.476	7.024	4.046	4.026	4.449	0.272	-4.184	-1.521	-7.512	2.277	1.893	-9.937	-7.437	-3.066	-7.252	1.455	-0.497	2.324	7	Faces
4.883	0.955	4.846	-1.862	-3.687	-4.311	-2.018	-6.342	-7.184	-3.129	-8.981	-3.793	-7.927	-2.811	11.222	9.030	14.653	13.285	9.464	-0.603	-2.667	2.752	13.554	-2.531	-7.422	-3.661	-6.251	-8.274	7	Cars
-8.393	-15.745	-4.905	-4.646	-6.132	-7.873	-0.883	5.806	1.224	4.072	0.292	0.781	-0.375	-2.288	-10.370	-7.911	-10.853	0.192	0.280	-4.206	0.280	-4.889	22.850	6.664	8.549	10.109	9.197	4.592	7	ScrambledFaces
-2.411	-1.339	4.069	6.646	4.331	4.836	4.424	-2.143	7.321	5.710	6.982	4.633	2.944	-1.191	3.041	1.541	-2.984	-10.697	-8.434	1.697	1.510	-12.323	-2.317	-4.568	-5.632	-3.316	0.576	1.495	7	Cars
-3.004	-3.573	8.300	0.774	0.593	-2.515	0.090	-7.211	-4.428	-4.205	3.418	0.359	3.216	5.193	3.419	-1.664	-0.450	19.714	1.213	-3.178	1.608	1.372	1.389	-1.247	-4.520	-6.808	-8.763	-5.703	7	Faces
-9.960	-12.735	-7.979	-12.925	-4.907	0.108	11.258	11.685	21.423	15.984	12.196	8.813	1.364	-2.427	-16.513	-20.507	-14.547	-9.309	-16.827	-19.939	-6.946	0.809	10.165	15.753	13.342	19.573	23.256	17.191	7	ScrambledFaces
-15.123	-21.996	-22.591	-12.787	-3.896	-1.094	19.066	9.966	17.862	18.347	20.535	16.148	10.010	5.337	-15.134	-25.815	-18.551	-7.848	-10.466	-11.333	-3.513	-12.249	-14.866	14.344	8.298	16.851	18.722	15.906	7	ScrambledFaces
-1.317	-1.443	7.397	5.669	7.454	10.684	2.422	3.690	6.580	5.348	1.003	2.045	-8.512	-8.076	-1.147	-1.938	-6.661	-5.433	-0.449	-3.839	-9.445	-6.783	-17.412	-9.045	0.593	-1.083	-0.696	-3.940	7	Faces
-4.462	-6.743	-10.379	1.623	1.786	-0.182	3.969	3.006	5.708	6.445	0.905	-0.307	0.046	-0.672	-0.695	-4.853	-1.453	-10.487	-6.030	0.847	3.381	12.923	12.021	-1.133	-2.559	1.359	-1.275	2.976	7	ScrambledCars
-10.766	6.374	-1.023	-3.589	-4.746	2.585	9.517	12.236	12.642	12.020	10.093	3.554	2.775	-1.922	-8.789	-12.383	-10.441	-5.157	-8.574	-10.942	-4.371	0.048	-16.233	0.872	7.061	8.090	10.299	7.889	7	ScrambledFaces
-0.968	-5.629	-8.906	0.343	-6.229	0.612	6.497	-0.842	4.472	11.099	5.967	7.776	3.126	-3.648	3.546	-1.791	-2.300	-5.957	-6.599	-7.811	-5.699	1.178	8.695	6.830	0.170	3.146	6.992	5.918	7	Faces
-6.124	-16.495	8.286	-6.203	1.733	4.493	12.268	8.186	5.867	14.166	9.920	5.438	3.632	1.598	-15.271	-16.413	-19.328	-13.097	-17.263	-12.884	-3.608	-3.183	1.239	11.214	1.671	11.725	15.058	13.984	7	ScrambledCars
1.566	7.415	13.609	9.897	1.875	3.083	1.147	0.908	2.116	-3.821	-2.142	0.026	-5.955	-2.588	-5.243	-6.290	-2.187	0.821	-0.422	-2.711	0.797	0.858	3.943	-5.301	-8.888	-5.749	-8.591	-5.727	7	Cars
-8.331	-4.421	-12.413	-2.489	-0.016	-2.638	0.172	-2.674	5.222	-0.307	3.657	7.252	3.249	5.005	-4.407	2.280	-5.047	6.795	3.982	8.930	12.749	4.033	-8.886	2.539	0.818	1.252	3.760	4.520	7	Faces
-3.379	-2.444	-13.104	-11.924	-9.035	-6.663	6.120	-4.039	6.321	4.811	8.494	16.473	0.896	-5.114	-0.716	2.212	1.932	-17.179	-7.632	-6.533	-6.487	-6.811	-2.416	4.539	-11.627	3.835	14.392	14.688	7	Cars
-4.246	-0.057	12.341	-2.412	-5.747	3.238	3.917	7.841	5.942	6.594	5.613	5.400	-6.856	-12.346	-1.155	-10.769	-6.372	4.604	-19.120	-17.119	-11.110	-9.010	-5.406	-4.619	5.383	3.285	-2.058	7.042	7	Cars
10.124	-1.419	3.197	2.248	5.809	-0.024	2.705	-0.181	5.829	3.926	6.885	-1.098	0.117	-1.512	2.417	8.733	-1.333	7.435	6.093	3.747	0.132	-4.500	-17.761	-2.272	-2.516	1.824	0.756	-4.986	7	Faces
-4.161	-4.307	-3.391	-10.210	1.102	10.789	-4.260	3.527	6.223	-2.336	4.815	2.680	-4.373	-1.293	-0.746	-3.638	-5.514	-3.948	0.672	-0.071	-1.697	0.626	12.124	-4.571	-0.896	7.330	0.067	6.636	7	Faces
-6.301	-8.564	0.480	1.905	-6.824	2.826	8.140	8.706	6.927	9.760	4.923	5.913	3.102	-2.655	-6.418	-8.835	-5.247	4.046	-18.984	-2.899	-1.683	-4.449	16.910	-1.215	-0.311	0.801	2.376	3.281	7	Cars
9.858	7.467	4.767	6.523	4.298	-3.070	3.907	-9.203	-8.336	2.548	-2.967	5.561	1.220	0.658	9.865	9.610	4.081	2.914	-4.481	-0.213	-1.565	-3.269	-11.008	-0.817	-9.125	-2.115	0.874	-0.745	7	Cars
-3.820	-9.707	0.651	-8.227	-4.136	-4.639	1.926	-2.379	-0.465	0.389	0.092	3.244	1.960	-0.314	-3.372	-5.219	-0.095	11.421	0.855	-5.916	-2.039	-7.501	9.612	-0.305	0.367	4.734	8.700	6.292	7	Faces
-1.732	-9.701	-6.289	-5.669	-2.719	7.033	6.491	10.433	9.624	9.833	3.013	2.534	-4.953	-5.285	-1.881	-8.942	-10.920	-12.101	2.594	-10.552	-11.622	5.790	10.642	2.797	6.976	7.945	5.937	8.153	7	ScrambledCars
-4.122	-6.298	-9.587	-4.208	-2.276	-4.031	3.112	-2.809	3.150	8.818	2.355	-3.579	5.343	-0.908	4.021	-7.323	-1.133	-3.847	-2.590	-7.967	-7.727	4.322	24.811	7.849	7.950	4.355	4.192	4.259	7	Cars
-3.350	-5.974	0.296	-5.099	-3.445	-0.201	0.834	5.633	4.908	4.927	7.656	6.943	0.681	0.013	-6.143	-10.457	-4.387	-0.368	-13.771	-8.472	-4.341	-16.782	-6.840	-3.426	10.290	7.393	5.828	8.804	7	Cars
8.099	7.635	1.795	9.282	-3.199	2.530	-4.790	-4.271	-1.851	-3.937	-3.559	-5.724	-4.525	-3.038	9.324	9.924	3.593	-12.178	5.137	6.710	1.061	8.028	-2.781	-5.954	0.375	0.642	1.648	1.878	7	Faces
1.464	0.132	7.222	4.793	7.333	9.220	2.458	-3.830	-1.458	7.068	0.882	6.958	1.972	-3.736	1.007	-9.789	0.428	6.305	-7.519	-8.340	-7.476	0.620	17.401	-7.733	-8.802	-3.952	-3.019	3.056	7	Cars
-3.741	0.440	-2.339	-0.575	-2.794	-6.172	10.303	2.718	13.574	14.385	10.435	3.688	-2.936	-1.202	-8.211	-4.963	-9.407	-6.837	-5.180	-0.442	-1.809	-13.192	-1.393	4.337	8.361	10.177	6.554	5.770	7	ScrambledCars
7.884	-7.390	-8.619	3.904	1.680	0.269	3.302	10.753	13.321	10.369	11.917	4.114	-4.091	-10.366	-6.315	-7.771	-6.597	-8.269	-6.182	-6.319	-6.809	-7.961	1.793	1.753	7.611	7.543	9.254	4.184	7	ScrambledFaces
-1.953	-7.360	-0.005	-4.055	-3.794	-2.896	8.260	3.516	4.846	4.932	7.002	5.990	0.626	-1.180	-7.226	-7.922	-5.151	6.819	-1.146	-8.219	-4.829	11.663	-2.610	5.348	1.547	6.340	11.102	-0.383	7	ScrambledFaces
3.909	-1.552	1.525	2.231	-5.708	-12.843	-10.950	-3.679	-1.273	-0.526	0.701	2.832	-6.356	-2.535	-3.207	-3.315	3.343	11.187	11.488	-4.309	-4.185	14.094	2.986	-4.146	-0.410	-2.279	-4.790	0.662	7	ScrambledCars
1.193	0.884	-7.157	0.681	-1.335	-0.048	-1.668	5.945	0.927	-0.856	1.735	0.489	-1.726	0.861	-11.776	-1.718	1.879	5.361	8.099	3.421	4.614	-3.997	-22.240	1.370	-0.657	5.634	2.199	6.136	7	ScrambledCars
4.401	5.480	6.417	6.482	4.919	-1.846	-4.168	-0.402	-1.224	-4.270	-0.509	-1.435	-11.658	-4.128	4.377	2.211	1.511	1.747	-4.576	0.958	0.906	-8.201	-4.440	-1.375	0.264	-2.092	-7.464	-2.667	7	ScrambledFaces
1.985	6.783	-7.362	-1.087	1.262	-0.222	5.580	-8.899	-1.997	2.756	2.203	-1.955	4.097	5.054	-1.529	6.540	2.400	-1.917	13.164	6.345	0.762	12.332	9.162	2.302	-3.846	-6.811	1.719	-4.172	7	Cars
-3.849	-0.537	5.474	0.598	3.542	5.594	8.864	9.681	8.397	12.553	10.410	-1.165	-4.644	-2.144	1.023	-0.879	0.874	-5.141	2.716	-4.182	-1.224	-15.043	-9.512	-5.887	-10.353	-3.509	0.998	-3.392	7	ScrambledCars
1.813	6.009	14.354	3.593	0.420	5.546	-4.627	-8.190	-0.335	1.978	-0.834	-6.200	-1.741	0.833	7.682	6.088	5.309	2.176	0.417	4.661	6.011	-3.912	12.168	-11.030	-16.914	-4.500	-2.440	-2.501	7	Cars
9.211	-0.732	5.468	-0.121	-6.248	-6.982	-6.006	-2.802	0.992	1.418	3.073	2.226	-8.379	-10.630	4.593	0.335	0.788	4.479	-7.487	-4.180	-11.856	-11.749	7.738	1.058	2.139	6.779	6.294	9.208	7	ScrambledFaces
4.526	3.401	-0.626	5.496	6.071	0.424	1.652	4.110	2.096	0.309	4.838	3.409	-3.984	-5.236	-7.826	-5.969	-4.785	1.437	-5.916	-7.450	-8.859	-2.536	11.772	0.466	-4.450	-2.231	-0.694	1.164	7	Cars
-6.621	-5.994	-9.439	-1.597	-6.252	-6.529	0.681	3.913	1.758	1.537	2.832	0.770	2.377	-1.284	-5.722	-7.959	-1.611	2.216	-4.299	-9.001	-0.734	10.123	9.250	6.963	9.465	5.984	2.462	7.282	7	ScrambledCars
6.679	4.518	-3.860	1.257	7.322	0.555	1.080	-5.516	-3.399	0.919	-2.160	1.696	2.503	3.827	-3.249	2.348	-1.932	-6.138	3.071	3.551	3.025	24.720	-5.992	0.370	-11.405	-4.015	0.814	-2.179	7	ScrambledCars
-15.381	-14.047	-4.514	-4.671	-1.923	13.440	9.288	5.273	5.820	6.780	5.388	3.656	-1.311	-4.464	-4.945	-8.329	-17.228	-4.100	-12.696	-4.702	9.318	-11.455	7.205	3.612	19.998	8.146	10.072	8.078	7	ScrambledCars
-13.082	-14.361	-2.715	-17.103	-1.518	-3.490	8.804	3.687	6.516	12.535	3.991	7.350	3.141	-2.132	-7.872	-18.088	-12.655	2.318	-16.561	-13.039	-2.778	-3.883	4.902	14.157	13.841	13.790	12.962	8.953	7	ScrambledFaces
5.391	-4.195	4.604	3.196	-3.671	3.537	4.042	10.575	15.749	5.772	6.977	4.153	-10.844	-9.578	-8.966	-7.476	-6.418	-17.505	-3.939	-10.680	-14.609	-8.228	6.162	-6.280	1.108	4.204	8.197	3.282	7	ScrambledFaces
-8.908	-5.593	-4.485	-7.589	3.224	-0.755	8.234	-13.804	-4.378	3.956	0.788	-0.331	12.120	16.117	-2.973	-1.944	0.028	0.733	0.561	5.596	15.474	5.466	9.469	6.052	-9.256	-1.148	5.593	2.306	7	Cars
-6.762	-3.354	-4.936	0.064	-7.187	-6.321	-3.042	0.869	6.414	7.271	5.282	11.665	-2.874	-9.487	-12.443	-6.424	-8.972	7.564	0.607	-9.626	-3.784	-2.076	-14.427	0.347	9.631	13.631	9.856	9.268	7	ScrambledFaces
-10.820	-4.641	-5.631	-7.366	-2.392	-7.068	4.005	0.692	1.821	4.968	2.270	5.106	6.817	9.071	-2.622	-6.050	-4.339	-8.092	-5.018	0.627	7.936	-9.581	-3.090	5.533	6.266	3.297	10.954	9.656	7	ScrambledCars
4.759	-5.713	-2.420	-2.315	-2.749	0.574	-2.827	-4.655	-0.692	-0.886	0.876	7.309	1.173	1.800	-2.817	-7.781	1.163	-1.632	-0.343	-5.339	-2.107	1.621	6.944	6.436	9.933	5.265	6.882	6.733	7	ScrambledCars
-9.211	-18.489	-8.204	-7.485	1.996	-2.912	13.314	3.751	11.091	18.270	13.759	9.801	6.483	9.264	-9.189	-11.871	-17.438	-14.582	-10.227	-7.769	2.142	-2.468	2.148	1.672	3.990	5.712	10.005	6.215	7	Faces
0.504	-2.386	2.643	-5.930	0.697	-1.937	6.487	11.517	8.591	7.659	5.881	7.657	1.103	-1.829	-3.875	-4.239	-9.310	-0.542	-10.686	-3.057	-3.359	-0.874	-30.809	4.332	-0.172	12.981	-11.449	11.349	7	ScrambledCars
1.360	-2.458	-13.623	-4.732	-3.975	-5.394	-3.720	-0.025	2.892	-0.928	3.068	-1.269	-0.869	-2.464	1.233	2.715	3.531	3.904	6.489	1.520	-2.138	-0.074	6.347	0.953	3.031	6.940	9.713	3.933	7	ScrambledCars
0.940	6.798	0.876	10.767	8.837	4.994	6.960	6.462	7.783	10.870	7.626	-1.294	2.385	1.847	-4.047	-0.468	-0.924	-5.500	4.950	-5.816	-7.770	8.271	-12.055	5.154	-5.980	-4.544	3.819	-3.587	7	Cars
6.396	-5.025	3.712	3.161	-0.929	-8.172	-0.331	-10.131	-4.138	4.078	3.480	4.838	1.985	0.993	-2.682	0.285	-2.722	0.658	-0.799	-1.550	5.938	2.123	-12.264	1.949	-2.159	3.064	7.682	5.000	7	Cars
-2.818	-3.547	-10.524	-9.672	-4.917	-1.753	-5.311	9.952	6.472	-2.794	3.756	3.844	-4.175	-9.901	-6.690	-13.268	3.954	1.350	2.750	-15.359	-14.324	-2.821	-24.320	5.774	23.209	9.393	9.798	10.578	7	Faces
3.699	-7.451	-9.754	-4.763	-0.390	0.184	-5.941	3.184	-0.349	-4.564	-4.301	-5.294	-4.087	-5.026	1.765	-1.545	3.232	6.352	14.497	0.319	-3.062	9.589	7.013	2.308	7.291	3.611	3.484	4.888	7	Faces
-10.654	-8.946	-15.126	-1.754	-2.442	-7.807	8.627	6.121	9.363	6.966	5.202	0.135	-1.062	-1.130	0.904	-7.915	-14.427	-8.878	-13.110	-7.199	-4.684	12.146	14.537	3.108	14.401	6.878	3.430	4.759	7	ScrambledCars
-8.959	3.194	-12.411	-2.422	-2.918	-4.130	6.916	-0.964	13.472	13.558	13.455	11.850	5.156	5.730	-15.256	-10.948	-6.225	-17.615	-6.607	-3.707	3.193	-5.627	1.887	9.152	12.324	7.950	9.640	10.466	7	ScrambledFaces
-14.044	-10.791	-16.998	-9.512	-1.421	-2.272	7.911	3.817	9.924	13.061	11.866	11.498	8.316	3.521	-1.920	-10.724	-7.484	-0.014	-5.626	-5.401	-5.738	-3.511	-17.778	1.669	-0.244	8.268	7.039	11.771	7	Cars
-2.439	1.488	4.778	-5.735	-3.110	2.658	-5.807	8.262	4.955	1.901	6.249	7.142	-10.386	-8.937	-4.996	-12.512	-10.510	-12.493	-0.094	-8.916	-7.103	2.367	17.367	0.170	-3.706	10.287	1.590	2.777	7	ScrambledCars
1.663	-7.632	-13.280	-2.935	-3.888	-3.436	-4.692	-2.026	-0.160	-1.496	0.458	7.804	-5.983	-3.719	10.352	8.800	-0.966	-6.694	-0.927	3.964	-6.874	1.446	-6.542	0.126	14.548	5.324	10.495	1.963	7	Faces
-0.618	-3.748	-3.057	-7.841	-2.819	-0.939	4.582	-0.649	8.567	7.185	4.524	3.552	-0.718	-2.625	-0.679	-5.206	-4.988	1.087	-2.837	-3.994	-5.315	-2.111	-6.426	2.425	7.776	10.870	10.108	8.493	7	ScrambledCars
5.432	-4.355	11.571	0.075	-3.716	-0.216	-3.886	9.702	7.473	3.281	7.821	3.733	-9.473	-10.742	1.502	-3.517	-8.890	2.176	-13.573	-2.458	-6.621	-3.407	-7.126	-6.030	-8.122	3.455	4.225	7.025	7	Faces
-0.998	-2.203	2.836	-0.270	5.661	2.162	3.362	-6.417	0.206	1.018	-0.334	3.131	-2.958	2.446	-1.969	-4.340	-2.863	-6.186	8.365	-1.439	2.689	-2.215	-2.728	2.705	-0.907	4.726	6.147	0.236	7	ScrambledCars
-8.468	-0.011	-13.441	-0.657	0.600	2.464	2.365	-0.526	-4.498	-0.774	4.736	1.655	3.995	1.745	0.905	0.376	-0.393	6.569	-0.774	5.776	3.963	-7.044	7.987	1.760	-8.899	-2.185	-0.746	5.041	7	Cars
0.050	-4.011	-2.899	5.656	-5.181	-8.948	-2.048	-3.643	3.785	-1.254	5.040	2.888	-10.686	-12.022	8.708	-5.716	-6.070	3.929	-0.646	-4.661	-10.799	-17.808	-13.640	-5.401	12.263	7.742	4.718	6.874	7	Faces
7.379	4.352	4.020	4.433	2.635	5.877	-2.662	-0.830	-4.997	-5.238	-2.255	-4.214	-11.810	-2.739	2.710	8.354	8.023	11.634	4.097	8.767	2.902	1.697	11.057	-8.378	-6.834	-13.411	-13.447	-7.032	7	Cars
1.833	-1.174	-3.539	4.311	4.102	5.452	4.711	3.464	1.606	3.354	1.242	-1.660	-2.145	-0.245	-8.970	3.438	-1.125	3.876	2.029	7.600	2.342	-4.722	2.323	-3.726	-13.228	0.805	0.152	2.265	7	Faces
3.780	-10.490	7.437	-9.089	-2.856	-7.511	-2.971	3.962	-1.003	-6.138	3.812	-0.495	-5.017	-1.669	1.874	-3.780	-1.295	14.546	2.879	4.659	8.111	2.584	11.624	-2.569	-0.430	-1.689	-8.450	-1.348	7	Cars
2.873	-2.902	9.601	4.621	-7.269	-3.770	-8.581	1.861	-1.271	-5.748	3.089	1.057	-9.427	-4.527	1.795	0.852	0.928	8.101	4.249	-2.158	-5.368	0.995	-8.834	-3.826	0.268	2.141	-0.626	-0.800	7	Faces
-6.042	0.233	2.642	7.193	-3.683	1.805	4.760	12.834	10.029	9.578	6.169	1.225	2.891	-1.717	-7.022	-7.064	-8.766	-6.837	-9.419	-5.283	-5.346	3.245	-23.663	-0.339	-1.987	4.131	3.833	2.185	7	Faces
-1.483	-2.955	2.146	2.983	-3.446	0.909	-3.179	-3.205	-0.029	0.457	3.602	0.262	-4.310	-1.918	3.560	0.737	-5.439	5.874	2.451	3.901	0.671	1.113	-15.719	4.350	11.175	4.947	6.846	4.814	7	ScrambledFaces
3.403	-4.331	2.705	-4.874	-5.394	-8.348	-5.282	2.740	4.147	-0.667	4.747	-2.878	-15.380	-10.464	-0.109	-1.692	-0.271	14.419	8.956	-4.388	-2.149	-7.123	-8.797	-2.068	2.520	8.925	2.403	4.206	7	ScrambledFaces
-10.499	-15.563	-7.016	-6.340	-6.926	-0.215	0.101	7.337	4.002	-2.983	-3.198	0.843	-1.358	-5.161	6.794	-5.628	2.037	10.570	0.865	-6.781	-4.427	-4.764	-0.431	-2.342	9.079	6.371	2.509	3.612	7	ScrambledCars
1.414	-6.488	-5.053	-4.228	-4.176	-0.059	4.802	4.653	-5.636	5.630	6.079	7.335	1.475	0.661	-10.533	-6.949	1.662	9.648	0.648	-2.736	-0.745	-11.371	1.149	-1.111	-6.108	0.952	11.324	4.288	7	Cars
-5.995	0.166	3.680	-0.280	0.791	1.429	-5.573	-0.766	-1.692	-5.349	-2.662	-1.757	-9.448	-11.457	3.923	-0.311	3.489	17.697	-5.548	-2.975	-1.176	-2.019	36.285	-7.191	-9.780	-8.564	-12.127	-5.786	7	Cars
3.050	-5.339	-3.707	-7.567	-10.538	-8.166	0.315	1.449	-1.458	-3.753	6.506	4.824	-5.326	-9.983	2.910	-4.178	1.935	2.299	-7.484	-7.329	-7.288	-14.008	-0.497	2.061	11.766	8.715	8.889	6.465	7	ScrambledFaces
11.794	10.676	9.402	14.543	5.206	1.081	-1.054	-6.566	-8.369	-4.101	-0.611	-5.999	1.613	-0.455	4.628	13.605	6.371	-1.640	7.027	12.742	3.817	-3.662	-2.444	-2.860	-7.886	-5.376	0.929	-9.415	7	ScrambledCars
-2.583	-5.845	-2.886	-4.444	-1.825	3.863	-2.124	-1.348	-4.188	-4.790	-2.290	-4.753	0.207	0.314	-1.423	-3.423	5.098	5.999	6.724	3.671	1.225	6.162	12.590	-1.354	1.303	2.788	-2.814	0.253	7	Faces
0.986	3.307	9.502	-0.761	0.512	-0.258	-1.054	4.096	-2.527	2.556	-4.129	-3.677	0.761	-2.878	6.736	3.857	-0.408	-6.735	-2.728	-2.849	-9.870	-8.810	8.266	0.896	6.528	2.774	2.569	0.310	7	Cars
2.441	4.793	4.323	-3.734	-5.069	-1.737	-1.017	-3.909	2.240	2.834	9.657	9.480	-6.933	-7.096	-2.744	-4.902	-0.051	-8.698	-5.884	-11.059	-8.290	-8.822	18.682	-2.299	-3.885	0.511	3.128	5.861	7	Cars
13.605	-1.424	-10.315	3.544	-4.563	-9.864	-11.978	0.296	1.721	-4.993	-6.738	1.947	-3.880	0.788	7.917	7.179	6.710	-10.585	11.723	8.926	0.960	5.074	-1.625	-2.749	2.717	-0.644	-0.302	0.486	7	Faces
-1.089	-6.402	-4.701	5.804	-3.463	-1.717	5.230	13.126	7.703	9.937	11.938	5.077	-0.296	-2.121	-2.515	-4.575	-6.275	-7.504	-12.359	-4.778	-7.367	-4.234	-13.380	1.160	2.250	5.069	7.240	2.592	7	ScrambledFaces
-4.871	-9.759	-5.201	-6.199	-3.537	0.447	9.845	16.110	18.910	15.891	13.642	5.687	-0.348	-4.043	-3.754	-11.599	-18.964	-14.939	-16.312	-10.439	-8.918	-15.658	0.452	-0.868	1.458	8.333	10.841	14.911	7	ScrambledCars
-3.378	-5.987	1.687	-3.998	-6.788	-2.642	-5.669	5.741	5.923	2.148	8.515	0.326	-0.914	-6.420	4.060	-1.460	-3.403	-2.887	-5.704	0.133	3.305	7.254	-13.849	2.583	-2.819	13.133	9.644	1.686	7	ScrambledFaces
11.428	4.120	14.816	-1.823	1.431	-6.636	-2.754	0.071	-8.319	-4.199	-7.447	-4.524	-4.481	-4.782	8.451	5.924	6.992	5.513	1.569	2.794	-3.713	0.900	-12.714	-0.906	4.813	-2.622	-5.078	-4.021	7	ScrambledCars
1.422	-1.496	9.689	-5.348	2.867	5.591	11.302	6.581	-2.737	5.074	2.733	-1.317	8.141	3.324	-3.688	-2.084	-4.945	-5.653	-5.278	-5.700	2.933	-7.115	-15.050	1.605	1.811	1.846	-2.204	1.302	7	Faces
4.495	5.608	9.352	-1.297	0.447	0.484	-1.534	-8.395	-6.790	-0.661	-10.985	-0.577	-1.731	-0.831	5.900	8.003	3.657	4.784	0.318	-0.415	-4.251	-7.001	7.253	2.094	-3.164	4.224	0.929	-2.299	7	ScrambledCars
-11.464	-4.277	-17.039	-12.965	-3.342	-8.887	-0.255	6.129	15.951	5.132	7.230	5.855	-6.646	-1.322	-18.005	-10.205	-14.999	-11.898	-7.291	0.716	-0.784	-6.108	-1.358	3.781	13.465	13.731	17.771	15.454	7	ScrambledCars
0.128	3.732	11.249	-0.976	7.231	3.376	7.526	-3.341	-3.759	6.070	-1.304	-5.891	3.706	7.354	1.914	2.898	-2.347	-5.053	0.114	-0.701	1.736	2.877	-6.150	-1.880	-4.212	0.405	1.158	1.102	7	Faces
0.875	-5.539	-2.688	-9.796	-12.539	-11.211	-2.610	-3.719	0.838	5.168	5.924	8.410	-1.164	-0.070	1.680	0.685	1.784	1.837	8.292	-2.404	-7.406	10.690	11.648	3.162	-3.639	1.022	8.550	2.470	7	Cars
0.369	4.129	5.935	12.864	13.334	12.011	5.882	2.579	1.776	2.785	-2.590	-9.374	-1.631	7.074	3.290	7.828	-0.874	-9.768	4.692	9.993	10.100	5.846	-6.360	-5.694	-9.904	-7.227	-6.856	-6.346	7	Cars
-6.982	-8.180	6.431	-11.005	-2.919	-1.744	0.482	-9.212	-4.062	-2.538	-5.037	0.382	2.861	2.223	0.262	-3.193	3.782	13.350	1.537	-1.081	2.259	4.881	17.946	3.037	-1.552	-1.725	3.960	-2.518	7	Cars
-4.572	-4.344	0.695	10.648	-0.181	-0.958	0.043	-9.565	-0.468	-1.521	2.123	2.551	2.537	4.755	-3.522	0.920	-0.898	1.075	0.214	2.979	5.858	7.505	-13.971	2.702	1.087	-1.424	2.648	0.393	7	Cars
-5.661	-0.718	-3.573	2.461	-4.622	-2.367	-1.330	5.646	-1.011	3.138	-0.241	-0.452	-0.390	-1.198	-7.106	-6.196	-3.841	-2.281	-0.851	-9.126	-7.145	-2.102	18.095	3.700	0.633	8.132	6.641	4.351	7	Faces
-13.861	-17.787	-10.267	-6.009	-1.156	-2.113	8.333	8.176	12.382	13.255	12.728	6.744	7.130	4.341	-8.249	-10.606	-12.762	-9.744	-2.152	-3.100	0.824	3.121	-3.295	9.751	1.272	10.937	12.497	11.279	7	Faces
6.663	0.642	-2.268	-0.352	-2.967	0.560	6.471	-4.198	2.363	9.981	3.789	6.776	-1.346	-2.298	-3.312	4.129	-5.335	-6.959	-12.629	3.349	-1.157	-1.530	-12.486	-1.408	7.161	4.655	2.692	6.621	7	ScrambledFaces
-2.206	-8.602	-1.649	-9.947	-6.900	-3.175	3.915	0.148	9.593	0.542	9.570	4.845	-2.819	-8.072	-7.916	-10.995	-9.679	-10.957	-2.642	-10.539	-6.113	-13.253	-3.336	10.357	13.364	14.347	16.738	11.031	7	ScrambledFaces
9.458	-1.650	-5.980	3.145	-3.383	0.230	-2.898	2.263	5.177	-7.639	3.715	0.838	-7.859	-5.448	-3.788	1.092	1.355	-0.403	-7.555	1.719	1.781	-7.913	3.246	-5.227	1.518	2.544	-2.150	6.510	7	ScrambledFaces
-0.319	-7.148	2.085	2.913	6.845	4.790	1.342	-2.541	9.586	4.773	-2.081	7.868	-6.882	-0.697	-0.969	-1.745	-5.441	0.054	-6.297	-4.296	-1.087	-15.311	-1.453	-0.703	12.218	5.782	2.739	6.257	7	ScrambledFaces
-3.131	-5.460	2.095	1.047	-6.075	-3.738	3.609	0.740	10.740	9.643	19.395	7.668	-9.729	-13.421	-4.061	-13.197	-11.635	-2.616	-7.380	-12.903	-15.834	-15.065	-12.507	-3.498	2.017	11.879	14.024	10.819	7	ScrambledFaces
-6.747	-14.785	-5.885	-10.715	-0.382	-7.089	8.368	1.777	6.575	9.030	5.577	-2.428	6.718	9.307	-9.695	-4.048	-6.255	-4.897	-4.252	5.255	6.012	1.327	-3.880	5.735	5.234	7.680	6.484	5.887	7	Faces
-5.190	-2.222	2.663	-0.615	-0.508	-8.822	-5.172	-10.679	-2.859	-5.947	2.028	0.158	4.456	5.602	-5.115	1.360	6.532	11.164	9.849	3.808	4.703	8.740	2.075	-2.735	-5.447	-9.249	-3.922	-1.360	7	Cars
1.160	-1.751	4.174	-8.807	-0.469	4.509	5.980	1.521	0.556	2.439	1.912	-1.992	-3.529	-8.993	-6.577	-3.113	-7.042	-0.986	-21.329	-7.429	-9.773	-10.999	11.071	-3.885	8.426	7.454	3.360	5.977	7	ScrambledFaces
-13.567	-24.723	-20.350	-14.152	-14.134	-0.771	9.337	13.484	20.083	21.690	25.258	24.636	8.605	-2.809	-9.520	-21.957	-21.043	-1.088	-9.236	-14.737	-12.452	-13.515	-19.082	8.784	10.594	19.992	22.962	18.518	7	ScrambledFaces
4.913	-5.409	-5.197	4.020	-8.039	1.677	-6.294	-0.810	2.847	-4.953	0.331	5.474	-10.417	-8.184	-1.655	-2.019	0.069	0.480	1.360	-2.846	-8.322	-9.563	20.246	-0.380	5.140	4.029	4.209	4.836	7	Faces
-1.839	0.263	-12.927	10.511	-6.180	-4.497	-9.320	-12.998	-9.902	-5.485	-6.823	-3.113	0.197	-2.803	9.426	0.964	9.634	-4.064	1.037	9.186	8.205	14.151	4.237	3.640	-4.800	8.459	8.211	7.103	7	Faces
-7.172	-6.449	-10.795	10.674	6.575	2.174	3.272	-3.843	0.214	4.851	-2.437	-4.597	4.034	8.722	-13.497	-0.345	3.954	-0.415	14.287	6.715	10.328	-1.670	-6.795	3.278	-1.422	-2.996	-1.118	1.550	7	Cars
4.420	-0.927	-1.179	-4.514	1.623	8.529	0.452	6.062	0.246	-0.753	-0.710	5.390	-1.992	-2.290	-1.333	-6.104	-1.751	-6.964	-0.593	-6.975	-3.581	-0.340	-10.662	1.554	6.088	6.983	5.069	1.711	7	ScrambledCars
-5.104	3.968	0.414	3.027	2.057	5.130	-2.620	4.318	1.766	-4.185	-3.256	-3.334	-11.514	-7.592	-0.435	3.589	1.016	0.447	2.626	-2.549	-8.958	-12.852	-3.691	-5.896	5.540	1.634	0.421	0.880	7	Faces
1.993	2.664	-2.381	1.140	-4.840	-7.672	-6.096	5.763	0.944	-2.120	6.137	2.678	-2.298	-4.943	-2.264	-4.516	0.249	3.667	-3.631	-4.314	-6.311	-13.727	-1.100	-0.792	9.727	6.954	2.639	6.709	7	ScrambledFaces
-6.050	-1.480	-13.912	-5.597	-1.828	0.328	2.490	5.814	7.903	-0.472	3.653	2.391	-3.520	-4.964	-3.034	-7.518	0.434	5.653	-1.864	-6.386	-5.425	-5.562	-5.568	2.851	6.229	7.746	2.651	4.974	7	ScrambledCars
-3.115	1.525	-2.277	7.048	0.374	1.632	-3.282	-8.303	-6.911	-1.862	-4.674	-4.835	-1.492	1.358	-9.640	0.499	9.388	14.367	11.517	0.359	0.411	5.292	15.146	-0.480	-2.823	-6.639	-3.833	-5.121	7	Cars
-1.767	-2.955	-3.452	-3.258	1.725	2.699	3.777	4.826	8.159	7.034	-1.138	4.834	3.637	2.498	-3.132	3.241	-5.067	-9.036	-3.278	9.996	8.331	-0.585	-32.136	2.947	-4.267	2.495	3.730	5.171	7	Faces
3.886	0.682	8.594	2.828	-0.754	-6.277	-2.013	8.404	1.739	-2.510	0.874	2.785	-11.458	-9.378	0.157	-6.523	-9.076	7.656	0.593	-3.332	-17.420	-17.877	13.809	-1.126	-3.694	5.211	1.908	4.904	7	ScrambledFaces
-6.812	-12.568	-9.615	-3.863	-5.551	-2.831	5.851	-2.749	4.162	6.017	6.252	0.152	-1.230	-0.918	-1.916	-8.458	-6.827	-3.225	3.322	-3.732	-2.696	-0.720	19.800	2.596	-0.824	4.644	2.316	5.516	7	ScrambledFaces
-4.075	-7.797	-9.007	4.563	-3.490	-4.161	10.621	6.754	4.815	8.304	9.806	5.633	4.735	5.302	-15.543	-2.332	-6.197	-1.851	3.132	-1.249	1.056	-1.222	6.946	1.194	-7.796	-1.698	3.623	2.823	7	Cars
-6.378	-6.694	-2.509	-9.624	-5.631	-4.114	1.489	5.626	4.420	4.946	0.004	3.826	1.071	2.887	-5.439	-2.826	-3.460	3.032	-1.129	0.349	3.526	-10.405	-2.705	7.715	5.059	7.720	4.653	0.969	7	ScrambledCars
-2.529	0.450	2.365	0.588	13.205	10.785	11.254	-1.695	11.530	8.403	13.034	3.202	7.986	3.075	-7.118	-8.991	-11.513	-3.961	-3.988	-9.028	-6.220	-5.314	-9.882	-1.040	-1.491	1.739	1.170	-1.239	7	Faces
-3.606	0.577	-2.376	1.700	6.400	9.896	6.814	4.046	6.327	1.798	4.809	1.071	1.487	5.335	-3.357	1.931	-4.541	-7.909	-9.595	-0.610	-1.645	-6.292	-21.817	-2.721	-2.955	0.890	-0.253	-1.895	7	ScrambledCars
-4.389	-4.136	2.859	-1.437	-2.581	-0.326	-4.698	-4.487	0.663	1.413	-2.214	5.335	-0.661	2.091	-2.565	-7.555	1.854	0.404	-0.753	-7.055	-6.976	-1.886	5.964	2.163	1.204	5.399	3.034	4.345	7	ScrambledCars
3.773	1.228	-8.124	2.255	-3.425	-10.481	-10.164	-10.403	-1.900	-7.657	-4.464	-11.167	-5.992	0.168	0.224	7.560	12.953	11.342	10.279	13.247	7.838	2.584	8.115	-4.435	4.157	-4.112	-7.493	-4.763	7	ScrambledFaces
-5.199	-9.938	2.351	-3.692	-8.630	-5.436	-2.096	-6.081	3.200	3.315	-0.046	4.436	-6.976	-10.501	8.472	-7.350	-8.100	-0.243	-7.151	-0.797	-8.831	-12.476	9.138	2.797	16.007	10.331	8.722	5.889	7	ScrambledFaces
-17.446	-5.766	-8.170	6.557	10.260	7.496	13.234	0.288	3.774	5.141	4.076	4.966	8.331	12.596	-11.700	-9.017	-11.190	-6.108	-14.731	-3.814	11.752	4.163	13.741	3.241	-6.687	-3.244	3.703	5.410	7	Cars
3.868	-1.558	-13.563	0.687	2.550	1.540	5.904	6.764	-1.316	5.057	5.225	2.577	8.534	-0.854	0.784	-2.453	-10.464	0.094	-7.375	-0.020	-2.005	-0.617	-12.625	2.921	8.431	4.750	3.994	1.900	7	ScrambledFaces
-3.469	0.300	-3.204	-0.504	-1.662	-0.828	-2.141	0.345	-0.346	6.259	-1.421	-3.120	1.011	1.004	-1.969	-0.214	-1.106	-14.182	-0.602	0.046	0.653	-0.442	-5.766	3.678	6.489	5.547	6.416	5.707	7	ScrambledCars
0.278	-6.837	13.619	-3.567	-7.268	-4.679	-0.089	8.926	3.943	-0.154	10.150	8.252	-9.163	-10.051	0.248	-14.628	-2.671	11.849	-11.595	-19.215	-22.232	-14.398	7.996	-3.553	-6.280	1.552	1.400	6.801	7	Faces
18.694	3.752	12.423	-2.235	-8.128	-5.668	-6.130	-2.416	-6.076	-8.954	-2.730	-5.442	-5.908	-10.784	13.320	9.875	13.457	4.994	9.295	-4.617	-11.490	-0.542	-1.580	-4.815	3.361	-6.650	-3.027	2.229	7	Faces
-6.154	-7.342	-14.579	-5.750	-4.050	-0.672	5.532	2.647	14.830	9.691	11.476	8.408	3.633	1.802	-6.307	-6.750	-5.931	-9.623	-0.317	-10.802	-7.243	-4.111	7.831	3.410	-3.422	7.058	8.523	5.790	7	ScrambledFaces
-6.693	-7.036	-11.593	-9.242	0.191	-3.758	3.850	-5.460	-2.880	-2.980	-1.779	5.038	2.686	1.013	-1.031	-3.172	-5.087	2.850	6.848	-2.093	1.319	-1.545	7.153	4.618	-2.978	3.559	1.711	3.143	7	Faces
