FP1	F3	F7	FC3	C3	C5	P3	P7	PO7	PO3	O1	Oz	Pz	CPz	FP2	Fz	F4	F8	FC4	FCz	Cz	C4	C6	P4	P8	PO8	PO4	O2	ID	Condition
2.174	0.314	-0.158	-0.183	-0.586	2.645	4.701	-6.293	-12.093	6.374	-5.135	-25.913	16.685	4.468	0.916	1.851	5.136	0.811	1.547	3.113	3.561	3.921	1.918	2.072	2.688	-1.867	8.364	-12.476	8	Cars
12.908	13.509	11.190	13.403	5.746	7.381	-0.162	-12.408	-16.235	-7.466	-11.310	35.482	1.050	5.067	12.985	9.015	4.459	7.395	4.953	10.009	7.917	1.636	0.210	-7.105	-13.770	-14.968	-8.800	-21.784	8	Faces
-5.923	-2.234	-0.509	-0.968	-0.006	-0.211	6.288	3.649	-2.403	6.826	1.942	-7.912	4.904	0.778	-4.794	-5.083	-7.479	-5.225	-2.356	-3.870	-3.727	0.274	1.095	6.926	-1.350	14.308	10.131	13.048	8	Cars
-5.816	1.201	-1.586	-1.112	-5.450	-4.412	1.194	7.673	-1.349	-5.688	6.545	1.346	2.296	0.197	3.389	1.272	4.168	-1.698	0.624	2.573	3.946	-5.418	-2.031	-2.634	-3.253	-4.893	0.174	1.463	8	ScrambledCars
14.505	7.577	9.281	8.631	-3.030	-0.502	-6.777	-11.011	-17.226	-15.054	-13.737	-18.265	-3.907	-0.170	13.501	10.942	19.692	11.074	6.892	8.664	3.772	2.242	2.567	-4.184	-4.521	-6.779	-3.212	-25.501	8	ScrambledFaces
-11.682	-10.448	-14.977	-10.266	-5.327	-17.642	-3.842	7.215	13.266	8.786	11.998	10.593	-12.451	-0.372	-8.515	-8.716	-1.483	-6.704	-4.152	-8.764	-6.292	3.432	1.836	10.264	12.809	2.961	9.228	33.462	8	ScrambledFaces
8.182	11.272	8.118	14.054	15.119	10.296	2.237	-16.750	-13.197	5.001	-10.137	-21.080	10.214	10.219	-0.704	6.236	3.439	-7.056	-1.205	8.396	12.379	-0.729	0.067	3.026	-9.153	-3.621	3.905	-3.694	8	Cars
-4.346	-5.641	-8.169	-7.758	-11.787	-20.286	-5.442	-5.937	-5.111	-3.981	2.588	6.394	12.108	1.699	-2.269	-3.164	-1.428	1.910	2.002	-3.658	-2.746	-1.247	-0.054	8.327	1.567	1.663	13.418	6.473	8	Cars
5.572	1.448	-2.219	0.181	0.676	-7.647	-3.799	-2.553	-1.812	-2.441	-3.240	6.515	-4.477	1.773	-0.962	-1.538	7.846	-0.681	5.195	5.854	2.789	-0.551	-3.333	3.231	1.591	6.896	0.774	-26.458	8	ScrambledFaces
-12.632	-12.932	-6.062	-12.953	-6.382	-4.274	1.689	5.233	23.806	14.777	7.269	8.738	7.216	-4.994	-13.181	-15.571	-11.908	-7.427	-10.363	-12.416	-10.027	-6.831	-1.452	6.659	8.482	16.039	9.957	4.573	8	ScrambledFaces
-2.020	-6.454	4.515	-3.069	-7.345	3.429	3.041	1.573	1.918	-1.061	6.484	-10.851	11.881	1.598	-7.836	-9.973	-9.002	-0.528	-9.222	-10.461	-5.793	-0.976	-4.119	3.547	-3.763	3.165	5.099	6.708	8	Cars
0.979	3.376	5.615	-0.458	-0.575	0.111	-6.411	4.555	-0.892	-1.381	-2.397	-0.442	-8.229	-7.127	3.313	3.233	-1.353	1.022	1.076	-2.785	-4.600	-3.950	-0.195	-4.049	-0.921	-0.941	-5.145	-6.256	8	ScrambledCars
-6.572	-2.255	-4.599	-4.855	0.990	-3.227	10.185	-2.482	-0.485	16.159	1.522	-1.019	9.582	-1.915	0.592	5.774	5.978	-1.433	-2.309	-5.157	-2.046	-3.433	-3.776	1.431	-7.931	-5.701	5.124	16.712	8	Faces
-3.786	-9.124	-5.571	-8.164	-0.384	0.339	2.332	1.072	-8.744	-2.857	5.597	6.893	-9.818	-0.631	0.130	-6.413	-7.523	-0.378	-1.383	-3.456	-0.766	3.706	3.475	1.877	2.486	-2.059	4.572	17.360	8	Cars
6.617	4.496	3.203	4.832	-0.366	3.174	-2.457	-3.054	-0.828	0.886	-2.497	25.522	-3.407	-1.306	0.475	10.172	3.820	-2.567	1.277	4.016	1.460	-5.421	-2.926	-5.420	-1.018	-5.089	-2.420	-9.714	8	ScrambledCars
-8.880	4.713	3.361	0.382	5.632	-0.450	-3.678	-10.543	-3.541	7.811	-9.099	21.853	-3.203	2.524	6.375	3.555	7.990	1.013	0.507	1.134	0.388	-5.478	-1.598	5.363	-5.966	-3.948	3.902	-26.392	8	Cars
-11.362	-2.838	5.536	1.046	-0.797	7.646	-4.607	8.532	3.954	-5.442	4.837	15.693	-4.866	-3.705	-8.365	-9.048	-21.838	-7.198	-8.858	-5.858	-5.483	0.514	-2.181	-2.429	6.154	7.961	2.551	10.350	8	ScrambledCars
5.860	4.200	9.738	7.141	0.409	7.466	-7.873	-3.587	-7.231	-6.592	-7.614	-9.842	-9.345	0.042	1.951	1.045	-3.351	2.401	0.489	-1.458	-0.283	5.488	-1.221	-3.836	-12.527	-9.124	-1.837	12.181	8	Cars
3.893	3.032	3.042	1.859	3.625	-0.869	-5.586	-12.486	-2.048	-8.855	-1.301	-20.813	-5.169	0.677	-0.198	0.130	-1.413	0.682	4.534	-0.266	0.316	-1.101	-1.530	2.854	-4.025	4.377	2.673	-2.086	8	ScrambledCars
5.524	7.400	9.094	6.309	-2.506	2.801	2.668	-11.751	-7.885	-3.417	-8.606	-1.090	15.608	1.043	3.777	4.777	10.504	-0.772	-0.752	5.270	4.556	-2.164	-5.194	-7.496	-15.689	-12.852	-3.804	17.476	8	Cars
-0.904	2.125	1.514	4.624	2.700	6.939	0.746	8.634	2.617	-6.887	3.360	-8.786	4.060	-0.009	1.631	1.339	0.490	-1.019	-0.398	-3.807	1.523	-3.735	-3.211	-1.689	-0.287	-5.764	0.749	-9.506	8	Faces
-6.469	-4.345	-3.988	-5.004	3.982	-7.268	-0.259	-1.936	3.969	3.163	4.380	23.991	-1.472	-1.379	-2.197	-6.697	-4.532	-1.808	-0.891	-4.417	-0.417	-0.975	-1.138	4.397	1.711	5.393	4.511	-6.775	8	ScrambledFaces
0.538	-4.796	1.997	-6.844	-6.557	-0.936	-3.876	-14.010	0.824	-3.050	-6.241	-5.537	-9.704	-5.558	1.162	-7.248	-6.699	1.136	-6.473	-9.985	-6.839	-0.531	2.688	-2.370	4.622	5.652	-2.438	9.813	8	ScrambledFaces
-4.897	-1.945	-4.047	-0.563	-7.867	-1.711	-2.136	-7.353	-3.761	-6.239	-1.645	16.031	11.777	-3.552	2.161	-3.602	-2.885	1.903	3.303	0.294	-0.375	9.937	1.603	2.569	2.257	8.301	6.790	4.636	8	ScrambledFaces
-6.361	3.598	4.258	1.776	-1.540	4.923	-3.433	-0.051	4.851	7.194	-1.707	-1.272	-7.741	0.225	2.259	0.024	1.735	-1.211	-0.257	-2.228	-1.475	2.938	3.755	0.143	1.172	4.021	2.742	-16.271	8	ScrambledFaces
7.336	5.886	9.460	4.508	4.691	-3.004	-4.625	-13.256	-21.731	-12.377	-16.596	-18.146	6.312	3.094	13.594	5.564	14.474	7.337	9.558	9.087	5.654	4.178	2.204	3.177	-8.538	-6.622	-4.864	-24.505	8	Cars
-2.409	-1.559	-0.659	2.407	3.456	-0.597	3.618	13.885	5.065	4.245	0.847	-3.761	3.240	3.267	-7.190	0.442	-7.435	-9.324	-3.384	1.570	2.437	-1.182	-2.583	-2.922	-3.150	4.858	0.222	10.504	8	ScrambledCars
-11.749	-11.389	-5.066	-8.474	-9.628	-8.485	4.265	4.391	2.046	6.895	10.146	-0.975	2.815	-5.187	-11.099	-11.966	-14.018	-9.841	-7.019	-12.403	-8.272	-3.184	0.604	6.893	10.679	23.239	13.898	5.782	8	ScrambledCars
1.139	-4.486	0.099	-8.451	-7.356	-7.375	5.736	5.998	-10.141	9.856	-0.124	-18.900	7.460	-2.546	1.700	-8.976	-1.976	3.874	-4.362	-11.394	-6.414	5.230	-1.315	4.100	-6.744	-2.420	0.511	-3.981	8	Cars
2.720	2.146	7.399	1.385	9.549	3.910	3.410	-9.256	8.358	0.665	-2.565	-7.853	-10.452	-1.846	-0.730	-5.006	-3.495	-4.730	-3.278	-2.047	1.900	-8.179	-7.449	-6.159	-14.387	-10.839	-10.661	18.218	8	ScrambledFaces
-13.907	-0.580	-4.257	2.827	3.673	0.363	4.883	6.098	13.194	5.636	10.278	24.968	1.002	0.674	-12.909	-2.794	-11.532	-17.243	-9.101	-3.179	-0.717	-8.242	-9.355	1.499	9.121	10.618	5.760	18.845	8	ScrambledCars
-1.139	-4.397	-0.253	-1.389	2.474	2.205	2.951	1.199	-5.006	1.774	0.118	-10.338	-2.291	0.984	-3.566	-6.675	-8.659	1.712	1.363	-4.198	-2.223	0.874	-1.322	1.502	5.899	3.898	4.999	13.181	8	Faces
-8.840	1.514	-4.993	1.878	8.311	-0.599	0.893	-7.737	-2.089	5.370	-12.894	-7.257	16.394	9.732	-2.477	1.162	1.990	-6.718	0.372	4.519	9.821	3.344	2.846	14.034	3.925	1.968	11.647	5.401	8	Faces
-15.046	-13.371	-12.141	-10.476	-5.404	-5.624	9.521	5.615	14.949	20.007	9.566	5.734	15.717	6.198	-12.905	-16.659	-10.757	-11.032	-7.119	-7.155	1.274	3.904	1.662	10.062	6.028	8.501	13.720	5.317	8	Faces
-6.096	-4.933	0.868	-2.609	-0.656	6.406	3.966	14.779	15.940	0.389	7.218	-9.188	3.637	-2.927	-7.947	-9.558	-5.872	-5.656	-4.920	-9.507	-5.829	-4.778	-2.385	-1.622	5.272	6.410	3.098	7.645	8	ScrambledFaces
2.968	2.770	-4.821	1.821	-2.595	-3.916	-6.731	-10.219	-3.907	-7.817	-7.116	-8.454	-0.662	0.581	0.734	7.688	4.130	1.786	3.092	9.191	2.491	7.005	0.118	4.647	9.811	6.983	1.312	4.409	8	ScrambledFaces
-1.168	-0.844	-1.961	-2.301	-6.372	-0.294	0.192	-2.086	-1.034	1.963	0.431	-13.116	1.551	-8.890	6.095	-1.253	11.154	7.083	-1.940	-0.363	-4.516	-2.303	0.120	-4.571	3.172	-4.549	-2.490	22.247	8	ScrambledFaces
-5.253	-0.145	-8.133	-0.761	-2.031	-5.166	1.311	-1.714	0.152	-0.608	4.407	-17.074	3.082	7.479	-2.890	1.446	9.209	-2.523	-0.632	3.420	2.269	5.840	-0.086	0.715	5.794	1.671	6.139	16.485	8	ScrambledCars
8.395	11.032	8.636	8.072	3.501	6.385	0.079	3.315	8.296	-2.526	1.469	-34.346	-11.588	-3.675	-1.728	5.204	1.619	-0.848	-0.535	-1.283	-5.845	-7.555	-3.497	-6.318	-5.527	0.926	-6.974	26.582	8	ScrambledFaces
-2.920	-12.106	-8.109	-11.523	-4.783	-10.828	-1.239	-9.276	5.979	25.389	0.444	11.385	19.833	2.862	-4.254	-7.796	-6.840	-1.868	0.817	-2.673	2.802	4.018	-2.438	4.666	-6.372	-8.059	3.353	-8.416	8	Faces
-4.725	-5.363	-2.674	-6.898	-7.398	-4.038	2.793	2.959	12.484	9.055	10.586	3.241	2.514	-3.118	-8.085	-7.299	-5.478	-5.077	-9.461	-9.128	-10.134	-2.978	-2.842	1.519	2.567	6.648	3.284	-3.974	8	Faces
-9.834	-12.298	-14.451	-8.701	-3.125	-9.788	6.780	0.714	3.884	7.409	6.140	5.301	7.983	9.864	-6.206	-7.687	-11.809	-4.338	1.270	-0.056	8.104	13.403	1.846	10.251	1.157	-0.040	14.582	25.638	8	Cars
-8.565	-9.187	-7.420	-6.724	-1.188	-7.359	1.986	-1.557	9.528	18.195	3.592	8.680	0.474	-0.204	-10.702	-6.828	-7.822	-6.536	-7.420	-6.619	-7.127	-3.268	-2.594	9.569	3.423	9.865	9.317	10.351	8	ScrambledCars
-6.616	-8.696	-11.967	-8.025	-2.286	-1.776	9.933	0.406	3.950	8.566	4.585	-5.778	4.095	2.277	0.025	-3.761	15.283	2.773	3.833	-0.012	1.020	6.021	2.828	4.831	8.392	4.244	2.894	14.752	8	ScrambledFaces
-2.729	1.866	1.345	2.832	0.690	5.710	20.958	6.798	6.550	4.027	5.804	17.440	13.778	4.171	-8.743	-3.722	-4.121	-7.451	-10.292	-2.124	3.801	-1.703	-7.407	-1.707	-8.413	0.725	7.358	0.030	8	Cars
3.359	0.171	4.433	0.878	2.191	-0.377	-0.350	-5.962	-0.049	-5.000	-2.913	6.310	3.404	0.951	2.128	1.682	1.748	0.203	-0.802	3.809	3.270	2.964	0.418	-3.360	-4.360	-8.245	-4.328	5.202	8	ScrambledCars
-4.499	-4.000	-3.797	-4.379	-1.240	-2.282	-2.535	1.342	6.545	0.063	7.216	-4.138	1.212	-3.104	-3.089	-4.925	-0.805	-0.885	-4.368	-5.447	-3.909	-3.402	-2.589	-0.579	3.405	8.794	6.901	-4.363	8	ScrambledFaces
-10.153	-8.961	2.041	-6.399	-14.553	-8.866	-8.172	4.405	5.594	2.353	2.193	-7.090	-11.330	-8.763	-4.393	-7.412	-3.412	1.362	-8.324	-9.515	-9.427	-5.212	-2.035	-1.555	10.036	18.550	7.260	7.696	8	ScrambledFaces
-17.855	-14.562	-10.171	-9.096	-0.505	-5.788	1.416	1.726	12.807	11.105	17.018	4.085	-4.105	-3.204	-21.018	-19.786	-16.506	-14.656	-18.783	-18.991	-11.705	-12.823	-6.741	7.477	19.846	34.137	16.527	25.724	8	ScrambledCars
7.370	-0.940	-2.034	-2.479	-4.716	-1.159	3.286	-15.242	-3.018	-1.584	-5.066	-15.606	12.337	8.262	6.225	2.123	3.936	5.694	2.255	1.645	3.097	4.778	7.875	10.437	-5.046	-8.604	5.133	-11.694	8	Cars
-5.048	-7.495	0.222	-4.476	-3.433	2.362	3.273	0.986	16.031	11.460	8.460	63.281	-3.529	-0.840	-15.249	-16.931	-18.854	-11.566	-9.474	-6.271	-2.795	-9.973	-10.490	-1.072	6.585	2.477	-2.078	16.683	8	ScrambledCars
-4.333	-5.963	-7.864	-2.972	-2.743	-2.210	1.833	6.823	3.681	17.073	3.078	-2.583	11.107	1.868	-6.178	-6.791	1.147	-5.930	-4.552	-3.608	-0.386	-2.098	-2.865	-0.694	0.894	3.254	4.031	-8.378	8	Faces
-3.092	2.654	2.982	3.262	-1.541	2.883	-1.176	14.148	7.782	-7.230	2.456	-4.939	0.328	-2.363	-0.471	-2.240	4.859	-1.663	-1.287	2.257	0.284	-10.425	-2.636	-3.084	-1.194	-3.584	1.345	0.398	8	ScrambledFaces
-0.209	7.706	6.295	5.159	5.641	6.172	7.712	12.359	4.484	-1.554	1.154	-19.319	-7.586	1.545	-0.247	1.648	-5.646	-0.018	4.920	1.817	2.898	4.230	6.836	4.754	2.771	3.192	4.358	-25.823	8	ScrambledCars
13.321	12.499	5.267	11.895	15.464	6.349	-0.668	-19.796	-18.936	-15.536	-20.509	-33.506	15.404	9.926	15.315	16.532	20.657	6.517	13.659	18.154	13.317	4.879	1.833	4.923	-20.275	-15.021	-7.734	-11.003	8	Cars
0.519	1.874	-2.341	4.762	5.906	3.336	4.091	-4.849	-5.830	4.013	-4.065	-19.427	15.642	7.816	-3.502	4.300	-1.924	-5.403	1.999	5.863	10.274	5.064	1.700	1.002	-1.439	-3.401	4.769	29.218	8	Cars
4.497	0.575	0.709	1.834	-5.253	-2.472	2.572	-8.130	-0.849	2.344	0.282	-0.194	6.478	5.381	0.199	-0.623	-1.315	1.635	-0.499	-0.165	1.976	-0.513	-0.530	2.395	-1.573	1.796	1.404	-18.280	8	Faces
0.305	0.671	-1.754	3.499	9.927	4.221	13.515	-3.609	-5.314	11.332	-5.870	-8.783	14.099	16.052	-0.747	3.267	2.954	-5.543	0.904	12.201	15.987	6.648	1.563	3.734	-8.389	-14.225	-1.815	-0.257	8	Cars
4.834	1.999	5.150	1.930	-0.118	6.174	-3.560	-7.786	4.797	-16.837	0.127	-11.409	-7.064	-0.597	1.316	3.639	2.207	4.499	3.892	2.842	0.922	1.072	3.520	1.190	6.221	3.919	1.282	-2.850	8	ScrambledCars
-7.202	-1.324	-3.454	-1.254	-4.694	-8.546	-0.600	-5.326	-0.125	-10.210	4.233	12.451	-1.776	-0.261	1.561	0.849	0.667	-0.639	0.908	0.470	-2.236	-1.829	-1.358	5.098	3.443	3.295	5.078	13.070	8	ScrambledFaces
-6.469	-3.936	-1.893	-6.542	1.461	-6.822	4.477	-1.577	10.614	4.913	-0.352	15.695	2.008	-3.093	-4.957	-8.341	-6.481	-6.431	-7.958	-6.548	-6.769	-7.281	-6.669	1.040	3.873	-3.359	0.550	-1.801	8	ScrambledFaces
-6.694	-3.620	-10.211	-5.098	-0.384	-3.429	1.944	1.927	8.201	-0.473	10.256	-3.475	-1.535	-0.110	-10.511	-6.865	-17.293	-6.959	-5.822	-3.372	0.469	2.840	2.472	4.933	16.303	16.722	11.576	15.197	8	ScrambledFaces
-4.576	-3.911	0.658	-2.994	0.885	4.521	4.193	-0.712	-0.854	3.622	1.254	15.629	6.304	11.610	-4.928	-3.722	0.388	-6.004	-1.198	0.033	5.966	2.769	0.662	5.178	-9.458	-6.067	6.245	-2.183	8	Cars
6.856	1.795	-0.940	5.290	9.028	-1.132	2.783	-6.765	-5.079	-2.205	-8.970	-5.832	11.305	12.433	2.668	8.362	7.295	-3.453	7.346	14.655	16.145	13.558	-0.060	3.874	-13.245	-16.264	-4.625	-9.604	8	Cars
-12.214	-0.209	0.455	-0.728	4.702	-2.168	14.480	9.528	-1.479	14.667	10.040	11.215	0.723	1.878	-14.679	-4.198	-14.534	-12.681	-8.687	-3.261	-1.941	-5.929	-4.828	5.483	8.535	15.581	10.338	12.378	8	ScrambledFaces
-6.736	-0.988	-7.238	-3.812	-4.676	-2.398	1.270	12.232	8.566	13.069	16.233	24.990	0.400	-1.335	-10.488	-5.766	-12.261	-6.740	-5.192	-5.829	-3.939	-11.254	-6.106	2.181	4.949	11.184	7.232	19.771	8	ScrambledFaces
5.570	2.578	1.752	2.291	7.945	-0.476	0.790	-9.495	0.976	8.207	-2.872	-1.479	-3.015	0.122	0.451	-1.535	-0.578	-0.625	-0.238	-2.784	-2.842	1.325	3.851	2.461	-2.369	-7.689	-1.260	-10.887	8	Faces
-12.080	-7.829	-8.730	-7.281	1.544	-0.296	8.150	-3.283	12.228	9.192	7.172	7.075	9.802	2.977	-7.578	-10.145	-4.377	-5.816	-5.931	-4.636	-1.163	-0.190	-2.233	5.731	6.857	9.344	11.039	-4.330	8	ScrambledCars
-10.759	-2.930	-7.584	-4.893	-6.670	-0.849	6.858	9.390	8.159	12.485	10.517	14.969	3.437	-0.603	-8.580	-6.261	-2.809	-6.403	-3.894	-7.865	-4.679	-5.468	0.228	8.294	20.787	14.962	15.599	-13.212	8	ScrambledCars
-9.024	-4.098	-2.521	-2.795	-3.027	-5.085	0.894	-3.232	0.307	0.081	3.854	17.593	2.710	-0.325	-8.705	-4.456	-11.456	-4.795	-2.892	-6.600	-5.424	-1.960	1.456	13.014	18.453	22.690	13.216	-11.898	8	ScrambledCars
6.958	5.954	7.705	7.339	3.322	3.851	7.305	-5.069	-7.414	-1.780	-4.497	9.307	15.851	3.945	1.177	-0.172	-0.738	1.351	-2.340	5.258	2.788	1.956	-2.977	-0.834	-13.313	-14.430	-0.633	-11.877	8	Cars
1.904	2.794	0.629	1.971	2.817	6.831	0.015	1.674	-3.666	3.209	-1.298	-15.011	7.076	7.928	-2.477	1.931	-9.375	-1.868	4.212	5.401	9.116	7.736	1.338	3.209	-4.551	-1.022	3.714	-10.254	8	Faces
6.100	3.724	9.847	3.241	-1.960	8.315	2.726	-6.176	-5.545	-5.093	-4.645	-10.693	6.790	-1.224	0.632	2.606	-4.832	-0.214	-3.085	3.019	0.021	-8.287	-4.379	-10.848	-8.051	-7.997	-4.274	8.191	8	Cars
-17.135	-13.749	-15.526	-6.556	7.174	-3.555	16.670	0.004	7.687	8.928	12.289	19.750	15.005	11.925	-19.558	-13.353	-20.057	-18.432	-15.614	-6.859	5.872	-6.787	-2.257	10.225	18.053	16.392	20.240	10.193	8	ScrambledFaces
-5.624	-9.793	-5.041	-8.839	-7.969	-6.012	-3.183	-0.828	4.723	2.576	9.776	10.052	0.589	0.465	-7.540	-8.969	-9.794	0.563	-5.661	-7.467	-4.247	-1.842	-0.496	5.304	13.475	17.165	9.986	-3.815	8	ScrambledCars
-7.471	-7.339	-5.148	-10.718	-10.376	-7.574	-3.662	0.235	7.213	3.202	4.430	0.299	-5.323	-5.720	-1.362	-8.016	8.582	2.554	0.572	-8.953	-6.372	1.662	2.872	1.732	7.038	13.297	4.890	15.694	8	ScrambledFaces
3.695	-5.590	-5.425	-3.764	3.022	5.230	-2.789	-14.866	-10.616	0.762	-4.785	-14.891	5.491	8.458	1.652	-2.768	8.642	1.971	4.969	1.210	7.146	4.932	8.386	7.859	1.285	-1.769	4.158	12.262	8	Cars
-1.546	-7.196	-3.606	-4.458	-9.305	-6.393	1.520	0.988	10.652	-2.693	2.121	2.030	10.743	2.795	-5.851	-1.881	3.798	-2.885	-0.859	-3.544	1.365	5.867	-0.797	2.684	-1.530	3.055	5.669	13.041	8	Faces
3.577	4.490	-2.360	3.643	2.540	-7.203	-0.912	-6.331	-4.178	-7.927	-3.315	11.001	-3.944	9.589	6.573	9.284	7.906	2.723	8.959	11.898	12.954	8.188	3.892	1.408	-3.274	-3.366	-2.154	-18.487	8	Faces
-0.511	-0.974	1.114	-1.913	2.647	-0.405	-4.996	-7.554	-0.125	-6.448	-2.020	-0.161	0.525	0.916	0.990	1.025	-4.227	3.479	5.131	3.572	2.935	3.849	3.279	-0.239	-1.851	-1.231	5.096	16.033	8	Faces
-0.907	-11.520	-4.675	-13.399	-12.641	-10.453	-7.817	-8.097	3.134	-7.664	13.412	-0.523	-3.167	-6.162	-10.872	-12.358	-13.952	-4.275	-6.499	-14.688	-10.732	-2.789	-5.368	-3.131	8.292	10.944	2.588	55.565	8	ScrambledCars
-2.860	-4.439	-3.804	-2.700	4.166	-3.263	6.809	6.694	5.450	3.897	2.157	3.367	9.511	-1.714	-9.395	-4.995	-3.222	-6.544	-1.190	-1.111	-3.086	1.402	-1.251	11.196	4.474	4.243	10.743	-9.781	8	Faces
4.625	4.025	11.418	6.094	6.101	7.256	-5.226	2.441	-3.267	-6.438	-3.627	-9.248	3.286	-0.057	1.495	2.311	-11.235	-1.887	-2.934	0.319	0.462	-6.194	-1.500	-7.543	-6.567	-2.047	-5.780	-1.301	8	Faces
4.845	-1.878	-5.076	-0.266	4.031	-4.041	-2.063	-12.691	-8.703	5.525	-8.032	-0.815	5.705	4.228	-0.630	0.080	0.627	-0.650	4.279	0.515	1.274	2.083	-1.519	7.813	-7.295	-7.274	3.289	20.841	8	Cars
-2.504	-7.158	0.193	0.084	7.365	4.453	6.596	-0.383	-0.626	9.098	4.196	7.244	6.972	1.025	-5.778	-7.040	-6.921	0.031	-4.931	-3.849	-2.842	-3.571	-1.521	5.228	-2.494	-1.170	9.335	-4.826	8	Cars
4.072	-0.718	9.104	0.453	-1.050	1.042	-5.183	9.760	-2.228	0.512	-0.841	2.369	-7.042	-5.636	-3.299	-5.087	-4.406	-2.116	-2.789	-7.874	-7.340	-3.872	-3.037	-6.275	0.994	-6.850	-6.754	12.447	8	Faces
8.134	6.522	3.658	1.090	-3.904	-1.783	-6.545	-16.857	-6.119	-5.023	-8.879	13.892	-6.294	1.954	8.417	6.630	3.621	6.941	6.623	1.549	3.450	1.656	4.068	0.913	-0.873	-0.761	-1.346	-20.951	8	ScrambledCars
-10.432	-6.542	-5.041	-6.925	3.551	-1.668	-0.369	-0.996	0.440	1.671	5.502	6.870	12.131	4.336	-7.308	-2.236	-2.070	-4.947	-4.605	2.204	0.478	-0.944	-3.497	0.909	0.502	-0.547	10.014	11.851	8	Faces
-0.805	-3.074	2.831	-4.952	-4.680	-0.674	2.398	4.799	10.066	4.256	7.092	8.400	-13.792	-6.675	-6.764	-8.195	-9.998	-0.499	-4.900	-6.973	-4.981	-0.193	0.135	0.647	8.348	14.293	6.518	-31.155	8	ScrambledFaces
6.366	-1.792	-2.106	-1.935	7.862	17.230	-7.733	-5.572	-2.361	-5.283	3.950	-10.394	-24.015	-5.996	0.815	-5.275	2.687	1.335	1.817	-1.894	-2.541	-1.320	2.425	-1.041	-2.038	1.150	-3.598	30.424	8	Faces
-11.656	-11.083	-7.257	-10.345	-2.818	-0.521	2.234	9.629	1.590	6.196	12.394	-14.388	10.220	-0.503	-11.217	-15.795	-8.334	-7.786	-8.286	-12.742	-6.134	8.195	-4.404	3.537	2.951	12.197	9.613	19.447	8	Faces
3.162	2.011	3.340	3.338	4.392	-0.457	3.023	-6.609	-8.341	0.720	-6.642	7.880	-1.291	7.466	1.984	7.928	1.656	1.914	2.066	4.522	5.019	7.420	0.339	7.507	-4.237	0.600	9.752	-26.715	8	Cars
-6.478	-2.113	-4.088	-4.949	-5.696	-3.113	-2.007	-2.275	-1.716	3.626	-8.346	-4.495	4.158	-7.416	1.769	-4.075	-2.677	0.077	1.447	-5.651	-5.569	-2.886	1.241	8.494	8.802	8.974	3.277	24.051	8	ScrambledFaces
-3.075	5.004	9.471	-0.318	-3.130	-1.624	-6.693	-2.330	-6.919	-2.524	-0.298	12.075	-8.741	-8.764	3.566	0.857	-0.580	2.566	-8.208	-6.894	-9.647	-7.368	-2.760	-6.353	-3.225	-0.658	1.322	-0.535	8	Faces
2.493	-1.035	-5.583	-6.610	-14.629	-12.232	-2.919	-11.758	-10.141	3.681	1.526	6.525	-13.471	-3.509	3.900	3.827	6.858	4.044	1.794	-1.088	-2.688	1.959	3.851	1.006	9.405	10.577	3.416	9.989	8	Faces
6.246	7.994	10.604	5.042	4.705	7.382	-4.973	-1.084	-2.384	-13.573	-9.555	-2.059	-14.666	-10.100	3.127	1.276	5.358	2.771	-1.533	-0.967	-3.233	2.210	-3.594	-1.361	-2.344	2.575	-5.760	-18.153	8	ScrambledFaces
3.897	-3.421	6.891	1.101	-4.167	0.750	-0.719	-0.178	-7.336	-3.025	3.477	-8.423	6.199	-3.064	-0.079	-5.890	-3.042	0.646	-3.019	-4.215	-4.693	-10.558	-3.765	-3.445	-4.860	-2.262	-1.717	7.457	8	Cars
-3.983	-4.757	5.508	-5.644	-6.621	-5.709	1.226	9.715	17.188	5.225	8.492	19.070	3.902	-7.040	-12.562	-11.492	-17.251	-6.358	-9.933	-9.306	-7.862	-4.671	-0.896	0.841	4.197	12.529	1.428	-4.299	8	Faces
-15.464	-7.068	-9.568	-7.184	6.116	-9.821	-4.393	2.347	3.406	12.932	2.208	5.818	4.538	3.489	-6.132	-5.958	-6.820	-4.059	-3.759	-4.458	-1.064	-7.345	-0.901	7.305	8.046	13.639	10.545	3.625	8	Faces
-0.674	3.253	3.062	3.014	-1.639	4.185	0.654	8.125	-5.465	10.824	4.512	-0.046	-0.231	1.843	-3.036	4.075	-5.257	-4.408	-3.064	3.969	1.370	-4.728	-8.413	-1.506	-0.869	-8.180	1.568	-22.302	8	Faces
-3.557	-2.762	-6.480	-1.159	0.939	0.290	7.621	10.828	11.604	6.016	5.237	16.436	-0.093	2.508	-4.077	-1.879	2.622	-3.088	0.307	-1.646	1.233	0.241	-3.109	0.562	4.001	2.310	2.577	-16.863	8	Faces
5.090	8.282	6.855	5.902	-2.975	1.600	0.172	-6.994	-11.837	-5.163	-9.533	-11.640	9.706	6.855	8.951	1.848	-0.858	5.498	8.925	8.559	6.463	4.038	5.402	2.790	-7.717	-14.885	-3.540	-0.975	8	Cars
5.071	11.924	11.254	6.067	0.358	4.372	-4.005	-4.663	-8.612	-1.011	1.795	-9.173	-11.757	-5.686	5.933	6.547	4.624	4.556	2.049	2.118	-1.019	-4.693	-5.618	-10.323	-3.560	-8.805	-6.858	2.379	8	ScrambledFaces
5.583	1.388	5.962	-0.324	-5.685	-3.617	-5.899	0.276	-6.097	-2.712	2.074	24.153	-13.034	-6.012	1.868	2.805	5.002	1.441	-0.563	-1.350	-5.631	-7.622	-6.010	-8.712	-1.023	-4.941	-12.222	0.493	8	Faces
3.825	3.059	4.926	2.695	-0.696	-0.073	1.870	-6.038	3.692	4.708	-0.002	-13.999	-8.466	-4.384	-2.524	0.374	-0.001	-3.942	-1.591	0.082	-3.539	-7.843	-4.408	-1.365	2.056	2.926	-0.367	-6.935	8	ScrambledCars
-2.987	-3.125	1.955	-1.728	-5.118	0.854	-1.452	0.105	5.709	1.251	8.585	-4.169	-9.251	-2.967	-6.580	-1.894	-1.750	-3.261	-3.216	-1.073	-7.552	-5.409	-1.210	-2.252	-3.030	3.075	6.486	5.278	8	Faces
-3.924	-11.694	-21.431	-8.468	0.606	-15.521	5.309	-14.756	-8.860	0.458	1.351	-6.229	25.639	16.227	4.170	1.611	-0.048	3.200	9.047	5.507	12.547	7.698	4.335	10.821	0.819	6.066	11.275	9.825	8	Cars
6.126	7.750	-2.094	6.552	2.712	1.208	-10.903	-8.850	-11.101	-12.725	-14.372	-12.533	2.554	-2.115	15.236	11.046	15.118	10.304	6.049	9.518	4.028	-0.226	2.923	-1.114	0.728	-2.030	-7.069	-1.960	8	ScrambledFaces
-2.232	1.421	-7.858	1.144	1.556	-1.227	-1.722	-6.280	-14.279	-3.373	-3.072	10.982	12.580	13.467	5.147	6.095	5.769	4.735	8.976	10.176	9.574	12.347	8.511	6.181	3.937	0.716	6.246	-9.513	8	ScrambledCars
-1.532	-0.435	1.811	-2.888	-1.291	4.158	-5.758	2.248	0.009	-5.063	9.166	8.826	3.203	-3.110	-4.346	0.499	-5.845	-2.503	-1.174	0.355	-1.442	-4.417	1.631	-1.460	1.276	7.638	3.402	1.898	8	ScrambledFaces
-4.907	-0.523	-1.538	1.962	7.409	-0.983	9.268	-1.733	6.303	6.405	-2.882	13.788	9.666	0.202	-4.844	-2.331	-1.863	-4.355	-3.885	-1.671	1.124	-3.853	-2.089	5.913	-3.114	7.304	5.767	11.979	8	ScrambledCars
-8.048	-8.393	-9.812	-6.257	-4.789	-1.889	1.212	2.079	2.818	12.531	11.607	9.624	-1.043	1.818	-6.601	-5.486	0.072	-1.387	1.333	-2.330	-0.633	3.598	3.977	6.812	7.097	14.022	11.698	16.932	8	ScrambledCars
-12.435	-9.399	-3.523	-11.068	-9.078	-0.338	-5.019	4.548	0.934	-0.445	6.476	-20.811	1.174	-1.953	-7.774	-0.498	-14.809	-4.914	-9.826	-12.006	-5.803	-6.809	-2.401	4.019	14.063	16.854	10.583	29.683	8	Faces
-4.714	-5.501	-6.866	-3.126	6.941	1.232	-1.620	1.877	7.078	-1.495	4.369	29.502	-6.891	-5.529	0.517	-3.196	0.139	0.967	1.622	-3.343	-4.172	-9.057	-2.000	0.243	-1.135	4.997	-1.898	11.867	8	ScrambledCars
6.197	7.732	10.403	6.851	8.608	4.543	4.751	-4.008	2.654	2.026	-7.808	-2.791	3.490	2.547	3.844	2.302	9.285	1.420	3.356	4.490	0.674	-9.240	-7.377	-6.368	-9.052	-18.687	-12.969	-16.440	8	Cars
0.864	-3.557	1.118	-2.986	-4.291	-2.878	-0.347	4.792	1.462	-10.853	3.233	4.755	-5.285	-3.469	-3.792	-7.803	-0.896	-0.013	-4.944	-6.358	-5.121	0.292	-0.317	-0.611	7.922	10.375	1.207	-10.231	8	ScrambledCars
-5.080	-4.915	1.916	-2.835	-1.659	0.086	-8.414	6.310	-3.774	15.413	-1.034	6.402	-15.057	-12.183	3.148	-3.467	4.877	3.779	-2.730	-9.088	-12.234	0.539	0.791	-0.329	-1.704	3.669	0.771	8.122	8	Faces
-13.034	-8.590	-6.500	-3.741	9.106	-2.173	4.662	4.151	12.817	1.419	11.982	15.115	4.798	1.247	-15.547	-9.703	-13.161	-12.970	-8.358	-4.435	-1.780	-15.122	-5.886	6.542	11.267	6.800	11.870	26.621	8	ScrambledFaces
-9.495	-5.194	-8.659	-4.603	-2.263	-7.179	5.361	-3.361	2.823	14.051	6.163	-4.169	5.051	0.663	-2.636	-3.784	-7.897	-0.824	-4.162	-1.076	-0.116	-6.000	-0.156	1.781	3.943	6.147	7.929	11.951	8	Faces
10.791	10.215	18.314	9.461	12.063	7.556	-1.051	-0.833	-13.164	-9.006	-13.906	-1.398	0.518	0.867	8.527	4.683	-1.251	4.811	1.957	0.582	1.180	1.653	-0.477	-7.647	-14.623	-14.557	-10.792	-23.817	8	Cars
-3.331	-6.115	-3.902	-6.057	-6.782	-1.856	2.986	10.482	10.797	4.174	2.574	-12.335	-8.276	-5.884	-4.077	-18.594	-4.961	-0.895	-6.701	-10.324	-7.516	-5.337	-0.248	-2.636	7.570	8.022	-1.127	-3.872	8	ScrambledFaces
-7.445	-11.027	-1.633	-8.191	-1.319	-0.297	2.953	4.059	10.370	9.073	15.050	5.340	0.638	-5.525	-12.785	-14.606	-5.782	-7.603	-12.215	-10.824	-9.715	-3.464	-9.666	-0.834	0.068	6.693	2.807	1.005	8	Faces
-1.276	-6.401	-1.953	-6.004	-1.167	-0.071	-2.214	-8.906	-7.705	5.672	-5.081	1.105	3.142	1.060	5.366	-9.281	5.209	3.572	-3.365	-7.438	-0.004	5.185	4.667	2.159	-1.624	-1.678	2.344	-9.663	8	Cars
-3.775	0.266	0.763	-1.160	-3.615	-1.129	-4.679	1.452	7.688	-7.508	-0.873	3.683	-1.292	-6.105	-1.799	-0.766	-2.373	0.688	0.838	-0.775	-5.175	-8.402	-3.653	-1.555	2.213	2.547	4.926	21.345	8	ScrambledCars
-8.121	-1.488	1.334	-1.903	-0.906	4.048	-0.906	-0.844	6.691	9.651	4.482	35.154	-4.411	-2.340	-12.446	-12.724	-21.613	-11.179	-12.262	-7.863	-3.405	-9.828	-11.447	-4.098	-3.469	8.833	2.151	28.488	8	Faces
-12.026	-8.039	-5.191	-8.674	-12.992	-5.817	1.374	6.074	10.695	6.213	14.001	3.876	11.145	-10.468	-7.187	-10.662	-13.374	-5.274	-8.681	-16.542	-16.424	-13.048	-2.887	3.082	12.868	10.427	6.514	31.691	8	ScrambledCars
7.819	8.978	15.326	6.394	11.794	14.071	-1.827	-0.929	-2.167	-9.982	-5.200	-11.300	-11.348	-2.152	2.465	-0.007	6.520	-2.409	-1.186	1.590	0.830	-6.482	-9.931	-6.860	-14.984	-5.971	-7.433	-20.975	8	Faces
-0.998	-3.048	4.313	-2.726	-0.908	-0.036	2.600	-1.077	-4.153	-11.179	-0.697	-6.462	5.188	-1.568	3.187	-5.346	4.477	6.510	1.254	-6.345	-4.921	4.486	2.715	2.442	-1.152	-1.062	2.835	-5.797	8	Cars
4.270	1.020	4.586	2.697	2.765	1.176	-3.103	-1.126	2.985	-12.680	5.146	-29.341	-9.265	-5.911	5.689	0.366	4.832	7.155	3.198	0.800	-1.828	8.879	5.591	-9.173	0.769	3.791	-2.068	-16.108	8	Cars
-3.931	-9.616	-5.432	-8.486	-2.900	-1.736	5.454	4.648	4.681	4.331	5.606	16.574	4.955	2.744	-13.137	-11.229	-11.205	-6.829	-5.792	-9.226	-2.274	-2.697	-0.962	10.442	3.331	13.994	10.024	15.041	8	Cars
-5.807	-3.214	-3.762	-2.857	1.157	-3.826	-0.335	6.209	-1.048	3.940	2.232	11.732	2.175	2.907	-7.020	-2.534	1.642	-5.926	-4.703	-3.289	-0.830	-1.144	-1.422	1.039	2.788	7.561	8.624	18.614	8	ScrambledFaces
-7.332	-8.158	-3.761	-8.022	-8.168	-7.224	4.149	-6.674	5.001	13.681	12.176	5.791	-2.525	-1.953	-10.173	-8.263	-18.286	-6.030	-12.377	-9.517	-6.854	-4.517	-2.474	2.195	11.014	14.813	10.914	13.504	8	Faces
-1.229	-2.193	5.744	-1.962	0.278	1.709	-5.088	6.923	-1.362	3.093	1.913	19.536	3.841	-3.601	-0.575	-5.201	-4.068	-0.887	2.590	-3.914	-4.807	-9.882	-0.486	-1.656	-2.602	-4.617	-4.855	14.617	8	Faces
6.285	-2.192	-0.108	-2.258	-1.446	-2.613	-10.325	-16.279	-9.401	-12.470	-7.485	-14.480	-4.101	-3.177	2.394	5.079	0.931	3.014	1.935	-5.969	-3.780	8.692	5.700	7.773	13.502	5.096	3.763	4.916	8	ScrambledFaces
-3.206	-5.469	-6.468	-7.032	-5.714	-4.697	-0.146	-4.510	-1.469	-5.454	4.253	-14.075	-4.284	-0.637	3.439	-0.166	-9.798	6.864	1.227	-6.683	-4.053	1.670	2.807	-1.334	7.738	12.249	3.742	-8.726	8	ScrambledCars
7.355	4.443	5.781	-0.318	-1.895	-3.805	0.819	-3.232	-1.927	3.781	-5.858	-12.131	3.656	-0.237	6.452	5.478	4.370	7.318	2.939	0.594	-0.696	14.286	0.826	-4.577	-7.608	-6.729	-4.509	-25.275	8	Faces
5.579	2.972	5.655	2.723	-0.048	2.440	-6.316	9.302	9.385	-0.020	2.744	-0.600	-8.860	-11.763	1.038	-0.188	-8.084	1.594	-2.402	-9.813	-13.083	-4.712	-2.396	-2.218	-7.617	-9.498	-6.767	22.306	8	Faces
-6.659	-8.870	-4.785	-2.298	-1.261	0.886	-1.859	16.977	7.881	9.437	5.344	6.631	-5.335	-8.302	-3.181	-8.544	-3.858	-0.637	-7.220	-7.159	-4.298	-10.207	-3.074	-3.131	3.410	6.264	1.884	0.154	8	ScrambledCars
0.019	3.816	-0.560	4.371	4.682	1.018	4.176	-5.121	-4.450	-6.069	-3.569	-11.480	0.440	8.124	4.605	5.159	-6.758	3.864	1.094	5.980	5.908	-3.179	-3.085	-3.297	-5.116	-1.676	-2.787	18.584	8	ScrambledCars
-3.234	2.578	1.469	-0.910	-8.743	-10.191	-11.743	-4.577	1.232	-7.120	-1.062	12.125	0.101	-1.878	-0.652	4.599	0.723	1.064	1.001	3.692	-0.350	6.750	1.059	-1.052	11.989	8.902	5.268	-6.472	8	ScrambledFaces
-14.861	-13.288	-15.606	-11.954	-2.068	-7.858	10.045	0.967	6.823	16.962	15.013	20.562	6.342	-2.126	-9.164	-7.124	-18.436	-6.432	-4.613	-14.810	-10.831	-2.929	0.825	12.602	7.854	11.588	12.315	38.703	8	Faces
-2.596	-2.199	4.924	1.729	2.512	10.993	3.788	0.057	5.058	7.875	0.623	-18.847	-2.129	-3.700	-3.620	-4.224	-6.512	-5.953	-9.282	-7.442	-5.270	-6.116	0.934	-3.429	5.526	-1.116	-0.919	-3.071	8	ScrambledFaces
7.818	7.097	2.272	3.121	-7.530	-1.551	-8.892	-7.775	-4.219	-16.065	-3.349	-24.251	-10.098	-8.135	8.521	7.404	15.021	5.768	5.442	2.420	-5.360	-1.463	1.470	-2.680	0.151	-3.005	0.581	6.955	8	Faces
5.349	9.583	8.488	7.880	1.621	-1.529	-8.826	-4.024	-17.812	13.701	-8.193	-2.129	-0.213	-5.331	6.314	8.083	0.911	3.388	1.112	-0.918	-2.585	-0.942	-4.040	-2.453	-18.605	-5.926	-1.971	10.503	8	Cars
2.763	-1.431	2.040	-3.273	4.873	-2.084	-5.800	-1.380	-7.330	-2.873	-7.434	-9.030	-2.417	-1.212	-1.040	-4.574	4.148	2.101	2.174	1.606	-1.364	6.572	4.568	0.724	-0.606	-2.573	-0.173	6.199	8	Cars
3.277	1.747	2.215	2.964	2.011	10.134	-0.227	8.591	-1.760	-1.153	-1.816	-24.272	-0.529	-0.165	1.421	0.425	-5.988	3.031	2.855	-1.330	-2.343	6.060	7.360	2.331	5.108	5.041	2.786	-24.783	8	ScrambledFaces
0.842	0.095	2.988	0.888	-0.524	-0.105	-4.487	3.160	0.819	-6.410	-2.218	14.458	-4.561	4.358	2.200	-0.399	-3.504	2.196	6.594	4.350	6.312	0.459	4.461	-0.504	2.844	3.911	0.851	-27.861	8	ScrambledFaces
-8.093	-4.048	-8.415	-3.401	2.071	2.953	7.406	0.834	-0.960	9.892	-0.811	15.556	-1.964	3.365	-1.251	0.435	9.808	-1.793	1.592	-0.337	3.221	8.914	1.056	4.097	2.485	4.393	5.173	11.947	8	Faces
-8.594	-6.658	-3.087	-3.758	4.224	-0.214	2.753	4.945	4.928	-1.041	10.240	17.767	8.469	-5.342	-12.920	-13.111	-16.489	-9.677	-13.270	-11.208	-11.307	-5.616	-5.879	1.630	9.809	16.390	2.934	14.408	8	ScrambledCars
-7.049	-5.759	-4.810	-4.326	-5.172	-9.276	-0.064	3.385	7.196	0.486	7.474	-0.751	11.372	-5.586	-8.564	-5.668	-6.513	-4.471	-7.785	-5.947	-8.379	-9.751	-5.983	1.283	12.142	10.552	4.373	30.478	8	ScrambledFaces
2.207	-1.789	4.043	0.095	0.882	4.544	2.502	5.660	3.648	0.662	-0.629	6.229	-3.493	0.832	-1.877	-3.808	2.320	-4.355	-3.957	-3.094	0.205	-1.713	-0.310	-4.352	-3.424	-14.514	-7.995	3.963	8	Cars
0.634	3.630	-3.557	1.722	5.467	-1.702	2.762	-7.620	-3.981	0.790	-3.687	-30.811	27.486	14.943	-1.416	6.714	2.826	-5.078	7.900	9.739	14.996	4.699	-1.242	9.453	-12.560	-2.576	5.616	-11.476	8	Cars
1.046	-1.076	-2.643	-7.322	-0.807	-0.152	-9.869	-11.155	2.101	-3.125	-7.623	-11.506	3.234	-3.251	4.486	-2.394	2.199	4.346	2.733	-3.630	-2.835	2.758	2.644	4.867	2.890	0.207	5.203	-9.577	8	Faces
-2.495	-9.504	-1.107	-8.070	-9.219	-4.766	-3.817	2.287	6.817	6.326	3.767	-0.428	3.782	-5.169	-6.758	-8.453	-0.293	-3.493	-5.097	-9.684	-7.275	-3.847	3.028	2.694	5.986	8.847	7.320	3.351	8	Faces
-10.336	-4.410	-4.728	-0.133	2.410	1.359	2.429	1.813	2.672	15.763	9.205	24.727	1.298	0.506	-12.492	-8.468	-11.515	-12.415	-7.830	-4.340	-1.149	-7.829	-9.205	5.195	-2.026	10.252	12.699	6.542	8	Faces
-8.948	-3.948	-3.776	-5.705	-6.396	-6.071	-10.683	-3.418	-4.037	-5.606	0.791	11.888	-9.583	-6.736	4.758	-1.191	1.212	4.895	0.681	-1.526	-5.700	4.975	1.178	-2.113	9.147	8.023	3.550	-0.438	8	Faces
-1.315	0.602	4.223	1.846	0.509	2.966	-5.783	7.233	-0.804	-8.497	1.696	-12.537	-3.808	-4.961	-3.098	1.206	-2.502	-1.450	-2.580	-2.975	-2.808	-9.373	-4.625	-1.979	3.694	4.996	-0.091	7.233	8	Faces
-13.526	-2.748	-3.621	-4.624	-2.938	1.707	2.748	13.924	11.324	2.548	5.929	4.184	-2.789	-4.759	-4.872	-6.704	-5.004	-2.825	-6.273	-6.393	-7.151	-7.120	0.631	2.548	14.601	12.702	8.612	-3.641	8	ScrambledCars
-5.035	-3.462	-0.279	-2.826	-1.689	-1.018	1.315	5.814	7.103	8.278	4.716	7.868	-6.202	-4.399	-9.457	-4.048	-2.103	-3.645	-4.076	-4.808	-4.601	-1.291	-4.223	-0.433	8.885	8.685	4.564	8.705	8	ScrambledFaces
-3.261	-3.507	-4.838	-3.574	-5.715	-4.740	-5.037	-4.931	-6.920	-8.537	2.947	0.389	-8.651	-3.789	-3.118	-4.334	2.905	-1.610	1.225	-2.498	-4.793	0.845	3.003	7.260	10.896	17.992	10.519	0.501	8	ScrambledFaces
4.252	-0.062	-3.711	-0.809	-2.087	-5.851	-9.089	-10.780	-6.212	-4.666	-6.112	-12.798	4.926	3.128	5.939	4.976	1.486	6.344	3.891	4.778	3.122	0.712	2.962	3.005	5.991	6.139	3.223	-9.683	8	ScrambledCars
-1.809	0.320	-1.803	-0.868	1.769	-0.796	9.925	1.104	-0.871	0.754	2.956	-12.380	4.619	3.968	0.182	-3.595	0.886	0.947	-1.126	-2.966	-0.621	1.025	1.811	3.554	0.662	-2.287	4.791	-2.970	8	Cars
-11.709	-4.668	4.401	-4.872	3.154	2.743	2.813	2.601	12.388	17.032	10.367	24.883	-12.828	-7.543	-12.503	-10.079	-16.505	-4.964	-11.343	-11.513	-11.707	-3.625	-7.695	-0.455	10.652	10.948	1.619	13.160	8	ScrambledFaces
-1.778	0.170	3.840	2.193	4.949	8.201	3.646	14.751	6.870	-2.743	9.172	5.232	-4.581	-2.457	-6.762	-7.475	-5.849	-4.796	-5.781	-6.549	-4.494	-0.570	-2.623	-2.933	-3.597	0.880	-0.501	-6.500	8	ScrambledFaces
-0.117	-2.395	-6.063	-2.359	-6.289	-0.797	6.966	3.208	8.793	13.124	1.217	-1.677	1.083	5.022	-1.558	-2.060	-4.593	0.268	2.875	0.223	6.513	5.178	3.578	6.793	4.061	2.028	6.583	-27.278	8	ScrambledCars
6.909	5.047	2.790	3.133	-1.827	-0.860	-2.301	-14.499	-9.330	-10.194	-4.546	-7.798	-6.164	-3.376	12.678	6.517	13.306	8.798	4.367	2.326	-3.312	0.168	5.697	-3.872	-3.046	-5.800	-4.246	-3.428	8	Faces
-3.216	2.038	0.267	-1.218	-6.133	-2.892	-0.075	6.610	8.512	-4.167	3.699	-10.933	0.286	-7.619	0.274	-0.220	10.564	-1.713	-1.982	-5.999	-5.048	-5.351	-0.001	-2.011	5.218	6.036	-2.408	6.057	8	ScrambledCars
-0.715	-2.545	-3.119	-2.360	1.592	0.114	4.783	-3.376	4.984	-23.197	-1.110	-1.055	1.195	-0.335	-0.857	-2.822	3.242	1.024	1.277	0.835	0.674	-3.607	-0.259	6.362	2.393	3.852	3.132	18.660	8	ScrambledCars
12.846	13.449	10.730	11.331	10.310	6.846	2.522	-14.814	-13.769	-11.329	-13.211	-11.902	3.936	5.313	8.927	7.623	4.958	1.903	5.288	9.340	9.413	7.335	-0.546	-2.129	-11.978	-16.657	-8.148	-13.710	8	Cars
-17.692	-16.001	-10.358	-13.698	-10.618	-0.845	4.648	21.715	12.881	9.231	12.978	10.539	3.445	-7.905	-17.065	-21.187	-19.802	-6.607	-12.764	-23.139	-18.281	-4.199	2.269	11.347	22.703	18.444	17.340	34.047	8	Faces
-8.118	-6.006	-0.966	-7.189	-2.079	-6.541	-4.547	0.480	4.882	-7.162	-0.881	-2.141	-1.598	-0.190	-0.785	-3.154	3.899	0.622	-3.809	-1.837	0.275	0.695	-1.320	3.001	-4.578	1.550	4.772	17.456	8	Cars
-8.977	-4.449	-6.644	-0.689	-0.076	-1.213	3.618	9.006	10.659	12.232	10.139	21.008	12.246	5.969	-13.045	-3.225	-10.757	-11.009	-2.980	0.173	4.130	-2.378	-8.957	4.972	1.862	6.076	6.412	10.077	8	ScrambledCars
8.858	1.611	1.315	-1.795	1.721	-6.014	0.319	4.908	-6.554	-5.639	-2.019	2.510	6.465	3.815	4.192	1.934	13.852	8.048	7.192	0.657	1.249	0.023	3.639	0.757	-1.117	-6.419	-4.413	-17.174	8	Faces
5.132	-2.750	-1.215	-5.774	-3.926	5.733	-0.900	2.250	-0.708	-7.888	1.352	-2.648	-7.870	-5.352	5.629	-5.930	-0.206	8.752	1.202	-5.260	-2.473	3.415	8.293	-3.470	5.438	1.309	-2.145	-23.804	8	ScrambledFaces
8.873	-2.756	1.930	-3.383	-0.963	-5.043	-3.210	-16.718	-10.384	-10.857	-14.200	-5.041	-2.863	1.628	7.903	-1.179	7.382	9.677	5.727	-1.325	3.721	8.710	9.047	2.534	0.599	-4.924	1.282	-17.672	8	Cars
-2.902	-0.682	3.380	-1.796	-4.805	4.025	0.176	9.634	2.200	-2.410	1.778	-2.815	0.831	-1.209	-2.589	15.254	2.052	-0.908	-3.416	-5.579	-5.199	-4.122	-6.550	-1.013	3.923	9.225	-0.199	-10.147	8	ScrambledFaces
-2.470	0.236	0.652	-0.466	5.050	2.198	-5.913	11.141	10.581	1.571	2.115	-6.650	-19.618	-11.192	0.840	-1.887	0.660	0.029	-2.586	-2.961	-8.622	-4.870	-0.239	-0.928	3.798	2.500	-6.556	-0.208	8	ScrambledCars
7.172	8.880	12.552	4.690	-3.416	-1.192	-5.954	-11.157	-9.223	-2.423	-14.625	-24.845	-19.665	-6.597	11.852	7.527	9.862	11.435	6.889	2.371	-3.014	5.063	5.586	-5.218	9.013	0.242	-5.413	-19.906	8	ScrambledCars
14.296	6.732	19.816	3.902	1.432	5.250	-5.184	-5.839	-12.251	-10.077	-9.408	-17.794	-9.861	-4.364	3.609	-5.488	2.639	4.344	1.646	-5.863	-1.736	4.781	0.185	-4.267	-9.822	-15.335	-6.229	-5.414	8	Cars
-10.301	-4.424	-2.575	-3.988	-0.922	-1.636	9.712	4.752	5.746	10.166	5.146	7.003	5.242	4.747	-10.329	-6.622	-10.121	-11.416	-5.807	-3.279	2.664	-2.082	-8.291	4.277	-0.818	6.216	5.088	18.141	8	ScrambledFaces
9.085	5.794	8.295	7.225	3.625	10.659	5.573	-4.381	-10.294	-0.693	-8.360	-14.190	4.205	3.614	5.720	1.678	-0.145	3.628	8.419	0.565	4.137	7.965	11.240	4.245	1.091	-8.263	-0.274	-9.117	8	Faces
-9.818	-6.848	-5.279	-9.103	-13.492	-7.856	-2.376	-1.957	4.997	-4.254	4.162	7.713	6.754	-1.579	-1.431	-3.976	-1.034	0.060	1.194	-3.826	-1.517	5.305	3.170	6.029	9.817	5.192	6.092	9.408	8	ScrambledCars
1.021	3.654	-3.245	2.438	6.799	-3.279	4.227	-7.568	-0.204	8.764	-0.430	16.696	3.637	0.814	2.849	2.157	-0.197	1.228	1.214	4.907	3.317	-0.523	-1.453	1.475	0.945	-5.382	-1.356	-25.048	8	ScrambledCars
-5.377	-2.819	-6.479	0.236	2.514	-2.809	0.486	-4.799	-12.609	1.167	-9.671	-7.213	8.081	11.031	-1.595	-3.726	0.903	-1.320	3.594	5.273	8.743	13.991	5.525	10.260	-2.841	-3.279	12.553	36.695	8	Cars
-5.663	-2.810	0.402	-3.776	-6.996	-8.999	-4.415	6.298	1.238	-2.850	-0.459	23.835	-9.395	-7.062	-1.925	-4.551	-8.208	-0.583	-0.345	-7.771	-8.991	-2.174	0.037	6.188	6.721	13.403	5.588	-4.401	8	ScrambledFaces
14.585	13.204	10.288	13.609	9.557	2.854	1.543	1.229	-1.367	-6.553	-8.879	-16.276	-5.643	3.045	6.121	9.823	11.495	1.963	2.844	9.222	6.133	1.529	-2.886	-11.945	-10.067	-16.030	-14.428	-12.914	8	ScrambledCars
6.815	9.482	0.734	7.019	5.860	-1.276	-4.439	-13.267	-19.897	-6.304	-14.534	-9.473	16.321	14.478	5.340	10.611	5.925	2.600	11.735	11.283	12.453	8.540	5.024	6.589	-2.980	-2.423	6.014	-8.482	8	Cars
0.401	-1.923	4.509	1.592	4.847	5.625	-1.724	-1.530	0.385	3.915	-0.556	2.625	-2.665	2.326	-0.441	-5.664	-2.004	-0.570	1.841	-1.661	0.395	1.800	-0.688	-4.175	-2.381	-2.353	-4.842	-1.596	8	ScrambledCars
5.653	2.053	4.109	-3.656	-5.746	-5.245	-3.321	-3.036	-1.144	-9.560	-3.058	-15.184	14.270	-1.776	0.209	-4.162	7.113	-1.069	-3.738	-3.932	-2.238	-0.406	0.343	-1.859	-7.133	-8.957	-0.498	-7.862	8	Cars
-7.630	-5.015	1.093	-2.775	-1.446	-0.322	6.125	-0.477	5.963	11.283	7.560	10.054	1.386	-2.207	-7.981	-4.786	-11.464	-10.424	-9.330	-6.292	-0.561	-2.790	-8.085	4.436	1.377	1.454	6.733	-4.328	8	Cars
8.238	2.998	3.583	2.468	5.811	-0.193	0.267	-1.150	-3.696	-0.558	-7.470	-27.658	5.931	5.060	4.209	5.927	-6.391	5.358	6.606	5.551	6.870	0.561	-0.275	5.152	-10.494	-16.163	-1.235	0.303	8	Faces
-12.120	-13.218	-9.631	-9.797	-2.257	-1.639	-2.915	-0.073	2.698	6.086	12.154	2.525	-4.565	0.550	-15.196	-12.756	-10.098	-13.680	-9.902	-3.586	-0.024	-5.321	-1.902	2.768	19.051	24.193	8.832	34.523	8	ScrambledFaces
-9.726	-4.925	-6.244	-5.617	-8.447	-5.929	-0.358	1.157	5.107	1.945	9.210	24.311	-8.417	-2.902	-2.804	-7.612	-5.711	-3.290	-2.693	-6.090	-4.173	-1.502	-2.792	-0.365	14.127	15.170	6.406	-4.674	8	ScrambledFaces
11.597	5.693	8.927	2.970	-6.050	0.368	-11.016	-6.190	-4.261	-11.653	-4.574	-1.644	-16.597	-11.140	12.495	1.942	13.174	14.600	1.419	-6.491	-9.438	-7.523	1.549	-8.378	-4.357	-2.746	-7.346	-19.932	8	Faces
-10.845	-6.898	-4.046	-3.422	-0.772	0.925	2.216	8.872	7.433	4.734	13.698	7.249	5.931	2.260	-11.144	-7.706	-14.846	-7.688	-6.116	-5.571	-1.509	5.229	-1.385	6.064	12.244	12.629	7.632	-26.381	8	ScrambledCars
3.928	2.411	1.719	-0.359	-0.994	-4.059	-0.608	-3.277	2.346	5.819	-4.153	-8.696	-9.566	-0.252	6.339	18.023	4.357	4.885	8.641	5.148	2.323	5.971	1.685	-1.472	-6.919	-2.790	-5.009	-13.005	8	ScrambledCars
0.270	-0.607	6.203	1.528	-2.532	1.370	3.161	-7.904	3.089	3.262	-0.557	5.628	-5.820	-5.562	-0.978	-5.611	-0.653	1.142	-6.366	-5.115	-5.705	-6.884	-1.217	-2.541	4.688	6.594	0.249	-4.917	8	ScrambledCars
-3.290	-2.638	-2.340	-1.558	-0.041	-0.730	-5.402	-17.202	-10.096	1.743	-1.280	-0.842	3.161	-1.728	-1.507	-3.433	1.331	-4.568	-4.772	-4.474	-2.915	2.498	-1.946	1.481	0.383	-1.408	6.402	29.300	8	Cars
-5.472	-10.865	-8.900	-10.857	-9.752	-7.891	-4.343	6.045	2.949	6.368	10.637	-2.144	6.576	-2.958	-13.496	-10.624	-14.135	-7.843	-8.521	-10.456	-6.919	-0.475	0.809	8.717	19.550	16.491	10.946	12.403	8	ScrambledFaces
9.492	6.202	5.132	5.529	6.707	7.041	-8.040	-7.598	2.023	-14.321	-7.919	-18.552	0.673	1.359	2.462	7.615	11.478	0.437	2.886	11.484	4.828	3.096	-0.275	-4.468	-2.732	-5.259	-6.791	-12.966	8	ScrambledCars
-4.093	-1.404	-0.242	-4.492	-1.252	-8.531	4.675	9.828	1.780	-4.113	8.494	-4.818	0.597	-4.943	-2.761	-0.309	-10.346	-0.136	-1.439	-3.699	-4.376	-5.514	-2.930	-1.503	3.967	6.973	2.569	18.273	8	Faces
3.155	2.983	6.067	3.123	-1.354	3.365	-3.020	3.396	7.500	-5.002	7.910	5.223	-19.877	-7.362	3.226	-9.802	-1.172	2.319	-0.566	-0.430	-1.843	-1.780	-4.047	-8.240	-4.327	-6.627	-7.370	-6.875	8	ScrambledFaces
1.824	2.540	3.470	2.859	3.138	4.608	-2.296	6.377	3.921	-0.724	-4.512	1.545	-4.681	-1.642	3.218	0.273	-1.547	3.430	3.712	1.880	-0.280	4.800	2.147	-1.059	-3.937	-5.471	-8.729	9.118	8	ScrambledCars
1.693	0.025	-2.207	-2.513	7.618	2.867	-0.559	-9.822	-3.636	14.377	-0.523	-4.121	-8.591	1.594	2.531	-0.632	1.356	1.950	1.962	0.516	-0.132	-0.496	-1.067	-3.997	-4.307	-6.964	-4.868	2.717	8	ScrambledCars
-0.372	-2.999	-3.381	-2.022	-0.805	3.631	-3.129	4.338	15.367	-2.012	-1.901	1.689	-4.131	-5.207	-5.077	-4.105	3.992	-5.186	-0.626	-3.869	-3.795	-1.950	-2.380	-1.385	3.125	4.562	-1.486	22.922	8	ScrambledFaces
-8.577	-8.111	-2.937	-4.061	-6.354	-0.490	8.956	2.135	2.711	1.440	8.881	-2.442	9.455	-0.109	-7.128	-8.773	-8.713	-4.265	-5.287	-9.157	-5.375	-1.933	-0.239	6.547	3.266	8.653	11.896	7.032	8	Faces
-6.029	0.003	-0.235	-6.143	-4.309	-0.874	-8.323	-7.247	-3.415	-5.807	-2.778	7.467	5.585	-0.361	1.994	-1.123	-0.169	2.734	0.235	-2.264	-2.330	-0.787	-3.342	4.444	1.211	7.056	-0.717	4.511	8	ScrambledCars
0.194	0.636	7.269	0.135	12.389	10.012	6.502	2.773	-3.412	4.219	-1.106	-8.436	-8.073	2.682	-9.195	-4.426	-12.268	-11.624	-8.438	-5.499	-0.808	-5.694	-6.650	3.878	-5.640	-0.597	0.624	8.921	8	Cars
-5.513	-2.247	1.292	-4.039	0.162	-1.876	-1.352	2.200	9.795	-2.583	8.523	15.217	-5.491	-9.944	-3.513	-6.804	-11.089	-3.979	-10.361	-6.718	-8.809	-14.751	-8.629	-8.667	-2.670	-3.605	-5.726	27.578	8	Faces
-4.001	-6.916	-2.176	-5.657	-5.016	-4.806	-2.237	6.197	-2.473	-0.894	4.151	8.344	-6.663	-1.380	-2.345	-8.601	-2.820	1.892	-1.806	-7.430	-5.296	3.540	2.129	2.274	-0.046	4.188	2.699	18.261	8	Cars
4.948	7.357	12.902	3.774	-1.603	8.444	-13.020	6.827	0.877	-15.219	-3.309	-28.448	-31.862	-21.859	13.008	3.598	3.266	13.495	2.210	-12.419	-20.764	-13.649	-0.581	-9.680	3.866	-2.272	-9.725	12.373	8	ScrambledFaces
-3.771	-2.068	4.827	-3.810	-2.562	7.182	1.379	6.087	11.660	7.523	-0.442	9.386	3.436	-7.326	-4.365	-7.612	-1.267	-1.138	-5.512	-5.972	-3.501	-10.697	-3.576	-5.317	1.833	6.361	1.242	-20.960	8	ScrambledCars
5.730	7.610	5.879	1.939	-5.904	-1.428	-5.031	0.306	-4.519	-4.679	-3.433	11.619	-12.833	-4.073	6.983	7.793	-0.126	8.176	6.222	4.072	1.438	-6.203	-2.044	-4.147	-4.190	1.876	-3.492	-4.611	8	ScrambledFaces
-1.159	-2.246	-6.740	-1.243	1.662	0.192	1.756	-0.709	0.478	2.959	-0.532	-21.105	7.409	8.507	2.773	9.859	1.392	1.818	9.219	4.398	7.852	11.664	6.254	9.721	2.084	-0.823	7.146	-19.096	8	Faces
3.910	2.368	9.403	2.439	1.568	6.276	-7.681	-16.891	-3.149	4.310	-12.513	-2.259	-11.714	-8.575	1.146	-2.900	2.189	-0.103	-5.107	-4.642	-6.838	-0.676	-3.086	-6.039	-2.645	-6.134	-2.452	34.372	8	Faces
-3.707	-7.955	-2.500	-5.317	-9.520	-1.184	1.799	6.956	11.290	-2.935	9.872	6.753	2.377	-8.939	-5.544	-5.397	-1.359	-3.911	-2.201	-4.811	-8.446	-4.965	-3.285	-0.955	14.285	8.016	1.349	-7.409	8	ScrambledCars
-17.363	-14.753	-7.672	-16.154	-10.064	-5.574	2.824	15.155	21.124	11.046	15.933	13.549	7.884	-7.955	-15.100	-2.508	-9.225	-10.388	-13.697	-18.627	-13.524	-8.316	-4.040	4.469	13.671	19.681	10.670	18.117	8	Faces
-4.100	3.493	6.484	2.844	2.365	6.900	1.806	1.836	-2.120	14.842	-2.328	6.979	3.827	0.822	1.206	-1.209	-3.088	-0.671	-3.296	-0.690	-2.092	-3.117	-3.689	-5.247	-12.546	-8.575	-0.935	-4.609	8	Cars
1.392	0.333	1.612	-5.184	-5.099	4.647	-2.714	2.349	1.386	-0.299	2.813	-11.372	-11.680	-5.496	-1.725	0.722	2.203	2.759	-1.755	-7.010	-8.524	-0.182	0.921	-1.040	6.555	12.221	2.833	-23.986	8	ScrambledCars
-10.000	-5.634	-6.873	-5.153	-0.492	-0.396	2.595	-2.666	-3.164	5.656	0.251	17.363	1.990	3.044	-3.620	-1.721	-5.300	-2.963	-0.350	-1.317	1.998	9.344	2.121	8.977	10.456	7.202	9.358	6.507	8	ScrambledCars
-1.227	-7.868	-4.285	-6.322	-8.771	-1.238	14.506	11.102	11.593	15.246	12.420	18.719	-6.744	-2.662	-6.749	-7.942	-2.207	-2.823	-4.025	-8.262	-9.436	-0.897	-7.252	-3.768	-7.077	-0.624	1.402	-15.989	8	Faces
-6.638	-3.853	-1.654	-3.222	-3.233	-3.824	4.136	8.116	8.839	2.378	7.981	1.945	2.091	1.152	-10.645	-1.721	-16.596	-6.420	-3.155	-1.404	2.359	-5.535	-5.667	-0.619	6.518	11.569	4.692	14.321	8	ScrambledFaces
13.437	1.611	0.942	1.877	4.952	-4.888	-4.668	-10.505	-10.634	-5.220	-7.560	-8.841	0.611	2.181	13.912	5.256	4.927	10.317	4.573	4.904	4.917	-2.542	-0.557	2.133	-11.958	-14.833	-10.186	-23.447	8	Faces
-1.980	-4.696	-8.531	-6.435	-4.551	-9.253	-3.010	-6.392	-3.383	-4.529	6.344	19.712	2.453	2.164	3.088	-2.498	4.750	4.249	-2.833	-2.832	-0.682	3.356	-3.219	-1.829	-10.414	-1.113	1.383	-1.334	8	Faces
1.282	-5.067	-5.054	-5.039	-5.245	-1.484	1.265	2.893	-0.378	4.592	2.074	6.968	-0.573	-2.188	-8.043	-9.395	-0.306	-2.538	-0.815	-6.023	-1.804	-1.794	-1.311	2.040	6.708	6.042	5.268	24.272	8	Faces
15.612	20.952	15.468	16.644	14.104	6.750	-2.745	-15.162	-18.982	-5.808	-20.534	-25.691	-5.817	1.212	17.322	15.949	20.250	11.128	9.513	8.144	2.674	5.823	2.561	-4.605	-16.806	-22.003	-12.796	-2.547	8	Cars
17.209	10.353	2.875	5.532	5.317	-0.547	-6.583	-19.069	-20.687	-17.390	-20.087	-2.841	5.482	7.438	14.004	9.063	15.505	13.265	12.117	9.131	8.494	6.045	10.490	4.002	-7.510	-14.612	-1.788	-9.883	8	Cars
-7.483	-6.762	-5.702	-5.347	0.776	-2.252	-1.332	5.385	9.787	7.957	0.114	17.008	-0.277	-0.964	-4.246	-5.468	-4.924	0.144	-1.427	-5.157	-3.071	5.265	2.728	7.906	9.750	4.484	5.485	-3.145	8	ScrambledFaces
-0.798	-2.742	0.178	-2.616	-2.976	-0.497	2.536	1.088	4.921	0.416	13.478	12.840	-8.155	-8.062	-4.341	-10.608	-3.882	-3.697	-5.700	-10.865	-8.484	1.648	-1.371	-3.586	-0.709	7.288	-0.159	-14.392	8	Faces
9.698	6.726	6.868	9.882	9.573	7.836	-4.295	-2.792	-10.153	-12.113	-6.364	-6.677	-2.297	3.391	8.735	4.632	6.661	5.350	4.485	4.856	8.439	4.525	0.515	-5.782	-4.652	-2.535	-7.360	-35.121	8	ScrambledCars
-6.619	2.170	0.069	-2.189	-2.039	3.725	-6.286	2.625	2.420	-7.798	0.473	-0.791	-3.973	-7.567	1.649	-1.413	-5.035	0.356	-2.686	-3.448	-7.349	-4.159	-5.564	-3.682	3.666	9.745	0.741	4.976	8	ScrambledCars
-2.991	-2.651	1.798	-4.313	-1.054	1.072	1.756	-8.617	-7.340	0.167	-2.132	-11.105	12.135	7.733	1.696	-2.659	-3.485	-0.062	-1.342	-1.757	3.888	0.599	0.302	7.430	-11.246	-3.436	6.017	4.366	8	Cars
-11.278	-2.097	5.452	-0.039	0.329	5.896	4.226	11.409	15.710	14.990	14.911	2.400	-12.705	-12.262	-10.900	-8.302	-12.236	-7.631	-11.175	-6.780	-10.810	-11.953	-7.309	-2.050	15.236	15.305	2.104	-6.152	8	ScrambledFaces
-3.582	5.164	3.195	1.860	5.284	-0.941	3.944	0.750	3.350	3.155	-2.831	-19.228	1.793	8.262	2.758	4.119	4.082	0.274	1.791	4.403	4.721	0.158	-3.345	1.335	-11.324	-7.185	0.551	-12.161	8	Cars
-2.884	-5.814	-1.901	-5.405	3.761	0.564	0.266	-8.814	5.342	1.531	3.079	-1.503	2.468	-1.439	-5.145	-7.394	-10.188	-6.510	-5.022	-3.557	0.256	-8.303	-2.405	1.649	-4.122	-1.119	6.977	16.554	8	Faces
-6.087	-0.392	-4.038	-1.065	8.774	3.597	9.086	10.312	8.633	12.611	1.755	-7.867	9.051	3.750	-5.342	-3.372	4.360	-4.500	-0.466	-0.689	3.722	-7.357	-2.677	0.607	1.177	4.577	3.716	-16.316	8	ScrambledCars
-10.984	-9.195	-8.024	-4.835	-4.677	-4.632	10.930	-4.806	8.376	16.179	11.962	-1.174	14.704	6.614	-16.472	-9.035	-16.107	-14.556	-9.272	-7.775	-0.026	-2.408	-3.858	10.473	4.972	10.037	14.884	28.450	8	ScrambledCars
7.571	8.182	11.287	3.863	4.536	3.390	0.260	-0.739	-7.921	-11.106	-11.920	-18.853	-3.423	-0.661	11.077	5.880	9.034	5.220	4.160	4.752	0.933	-1.182	-1.481	-3.558	-8.834	-13.268	-11.437	-14.013	8	Cars
-5.588	-7.405	-3.898	-2.092	3.396	0.498	2.524	-10.595	-0.636	2.549	2.376	4.110	2.581	5.311	-8.029	13.488	-2.469	-7.057	-5.789	0.797	1.610	-8.246	0.387	4.224	6.114	17.324	11.642	3.095	8	ScrambledFaces
3.536	1.214	1.676	1.365	-1.852	0.808	1.337	-1.176	-2.911	-4.194	-1.424	-2.014	8.667	0.378	2.723	0.443	-4.369	3.544	3.390	0.378	0.134	0.235	2.991	1.266	5.178	1.658	-3.333	-9.537	8	ScrambledCars
2.719	3.677	-3.252	4.681	3.663	-1.546	-0.022	-1.960	1.754	6.661	-2.167	-22.553	10.044	-1.426	0.451	0.496	12.974	-0.050	4.207	5.768	1.628	-1.382	-2.927	-2.725	5.648	1.560	0.063	-10.219	8	ScrambledFaces
0.607	-6.288	0.702	-6.931	-4.684	-2.970	-2.397	-7.775	-0.224	1.743	0.342	14.479	7.563	2.058	-0.312	-8.978	5.945	2.743	-0.541	-8.264	-0.752	3.765	3.593	0.863	-8.129	-4.408	2.700	5.792	8	Cars
-3.026	0.655	-1.081	-2.505	-0.666	-4.692	-5.607	-4.940	-7.572	4.165	-4.396	1.566	-5.979	-3.403	3.443	0.655	11.134	3.426	0.520	-0.077	-1.319	-0.050	1.812	0.476	8.533	5.569	4.877	7.385	8	ScrambledFaces
9.379	12.144	12.820	12.571	6.673	5.974	1.324	-6.042	-20.759	-12.167	-15.859	-8.814	1.991	11.236	11.917	11.044	8.936	9.938	9.283	11.831	10.209	6.526	2.560	-1.837	-7.089	-14.755	-2.891	-34.278	8	Cars
8.678	3.033	6.138	2.155	1.161	-2.722	-3.672	-12.370	-19.651	-6.780	-12.525	0.735	8.102	2.867	3.945	-2.193	-2.859	6.082	4.089	1.777	2.830	12.307	6.666	1.756	-1.219	-6.566	-0.602	10.837	8	Cars
-4.621	-3.248	-6.276	-3.547	0.527	0.745	0.990	0.755	3.707	0.810	6.378	14.393	6.777	1.693	-2.438	-4.948	-1.797	-0.984	-3.009	0.214	2.024	-6.218	0.294	0.403	8.678	8.740	1.453	-6.612	8	ScrambledCars
-1.350	-2.455	-1.154	-3.147	-5.741	-5.333	-6.041	-3.923	-10.259	-2.515	-2.546	1.804	5.085	-3.437	1.923	-4.753	1.924	0.013	1.533	-7.658	-6.578	-1.086	3.628	4.063	0.181	3.885	2.391	3.539	8	Cars
-1.103	-1.516	-2.990	-0.098	7.165	-0.934	6.697	-12.581	-5.829	7.595	1.400	7.053	8.407	11.068	2.864	3.394	4.865	0.613	1.322	7.387	12.028	0.638	-7.600	-0.589	-16.396	-10.723	1.489	7.144	8	Faces
-5.167	1.953	5.071	-1.068	-2.183	-1.016	-7.016	8.787	-0.046	-4.736	-7.073	-13.359	-14.407	-8.590	5.827	3.176	12.954	7.129	1.685	-1.937	-7.747	-4.979	-2.769	-2.037	3.161	8.817	-5.833	4.103	8	ScrambledFaces
6.304	3.041	10.836	0.011	0.807	1.827	-10.305	-0.045	-7.094	-3.708	-3.783	-11.961	-3.070	-1.875	0.940	-7.697	0.538	3.581	2.065	-6.956	-5.455	3.418	6.368	-3.699	1.453	-1.985	-4.217	-5.603	8	Faces
-14.617	-8.013	-9.949	-9.071	-12.448	-5.230	11.342	6.808	19.887	8.223	13.792	29.607	12.993	-3.536	-12.614	-13.749	-16.550	-5.266	-8.054	-11.431	-8.503	-7.696	-5.400	3.971	14.979	18.237	7.142	9.563	8	ScrambledCars
-5.059	-4.389	-1.409	-7.367	-3.136	-2.951	-1.128	3.567	-2.565	0.920	1.429	-4.800	1.715	-7.043	-0.867	-17.096	0.224	2.040	-0.892	-9.166	-6.184	1.851	2.161	4.501	5.552	5.039	3.600	17.815	8	ScrambledFaces
4.677	3.592	4.841	2.554	6.931	5.598	-3.875	-1.671	2.015	0.740	-2.494	-2.021	-2.150	-5.805	3.845	10.919	2.764	1.384	-0.301	6.330	-0.572	-4.639	-3.249	-12.291	-6.527	-3.758	-9.732	-4.375	8	Faces
-1.597	5.387	12.742	5.674	7.758	9.843	3.616	-4.120	-2.254	3.646	-2.522	2.460	3.134	7.370	0.556	4.560	9.892	-4.617	-1.529	7.832	6.475	0.894	-6.093	-8.471	-20.700	-15.682	-6.245	-3.222	8	Cars
-5.219	-5.234	-4.972	-1.215	3.835	8.947	1.160	13.029	7.895	13.194	10.414	-1.171	2.183	-4.331	-12.767	-3.528	-10.903	-11.063	-7.317	-5.572	-5.295	-7.728	-7.428	3.350	-0.189	11.809	6.338	20.385	8	ScrambledFaces
-1.288	-3.110	-7.208	1.610	4.763	1.985	3.022	0.361	-2.628	7.406	4.468	-9.630	9.255	4.080	-2.612	-1.040	-5.878	0.687	1.606	6.429	7.319	-5.270	0.500	1.256	-0.116	2.682	1.308	16.931	8	ScrambledCars
0.711	-7.731	-1.649	-9.222	-8.744	-8.085	-1.394	3.110	1.631	3.714	6.236	-7.408	1.692	-7.071	-0.201	-16.611	1.116	9.844	-0.735	-11.377	-11.811	-6.908	3.454	-1.343	4.112	7.489	2.446	16.086	8	ScrambledFaces
-2.588	-4.273	-1.644	-5.601	-4.068	4.255	7.091	8.231	10.602	20.631	16.067	-8.692	-7.290	-7.291	-14.020	-9.172	-16.252	-10.630	-10.399	-10.472	-10.578	-14.729	-8.540	-0.416	3.313	3.687	0.397	30.735	8	ScrambledFaces
-10.122	-1.117	0.192	-2.531	-5.342	-1.451	3.944	9.935	9.623	16.130	11.546	26.323	3.232	-8.230	-10.116	-7.807	-7.390	-10.258	-13.990	-11.525	-11.630	-9.320	-7.668	-1.816	2.774	9.481	3.528	0.504	8	ScrambledCars
0.348	3.354	1.242	1.725	3.350	4.843	-1.300	-9.715	1.429	-6.368	-1.958	7.017	2.405	-1.788	-3.271	-0.467	-5.740	-3.135	-0.937	-1.192	-1.986	-1.845	-4.686	-5.269	0.305	1.074	1.104	33.640	8	ScrambledCars
-2.585	-11.688	1.306	-10.947	-12.244	-1.380	2.856	10.859	17.060	1.584	15.877	-5.491	0.460	-11.102	-15.438	-14.103	-11.497	-8.093	-11.278	-14.707	-12.794	-13.459	-4.933	-1.310	10.196	8.574	3.711	19.394	8	Faces
3.741	1.203	-0.707	1.853	3.846	-1.151	-8.491	-2.482	-9.481	-5.590	-9.822	-20.112	-7.122	6.611	10.720	9.144	15.265	9.131	9.643	7.481	9.661	11.404	6.077	0.830	-2.666	-7.191	-2.714	-10.941	8	Cars
1.814	-0.581	1.244	-2.243	-4.383	-1.525	4.026	3.135	4.269	7.662	3.462	0.340	3.980	-0.461	-3.001	-2.465	3.124	-0.881	-2.206	-1.539	-0.714	-4.408	-2.260	2.026	0.505	0.913	2.019	-20.017	8	Faces
3.585	5.296	6.934	8.422	9.539	9.452	7.099	-3.009	-4.399	2.281	2.166	8.018	4.793	3.243	-1.328	0.315	-6.970	-7.387	-2.025	2.604	2.167	-6.471	-6.917	0.303	-12.175	-15.741	-5.689	12.436	8	Cars
-4.536	-5.546	-7.282	-3.698	-2.950	-5.611	-2.823	7.311	3.971	0.135	5.814	-14.543	0.347	-2.232	3.161	4.211	1.774	3.023	0.096	-2.634	-1.569	5.732	3.109	1.622	2.932	5.309	2.098	-3.823	8	ScrambledFaces
-12.696	-9.406	-4.699	-7.748	-7.522	3.410	2.917	13.353	17.784	14.189	10.629	-2.168	-3.854	-5.786	-11.054	-12.309	-10.406	-7.093	-10.206	-10.528	-9.572	-9.012	-6.518	-4.117	8.880	12.775	5.767	20.135	8	ScrambledCars
-10.092	-2.950	-1.548	-3.654	-3.049	3.401	10.138	10.989	11.305	9.289	11.461	-7.205	-2.786	-0.578	-8.167	-4.702	-15.682	-5.452	-6.856	-5.269	-4.915	-8.936	-2.815	2.836	0.815	6.465	8.069	6.196	8	ScrambledCars
2.430	4.242	-2.747	0.317	1.040	-1.981	-0.660	-8.338	-4.004	-18.881	-8.370	5.947	1.355	4.956	4.052	7.253	17.334	-1.448	6.751	9.740	6.205	4.271	-0.180	4.144	-3.081	2.536	-6.841	14.951	8	ScrambledCars
-6.246	-3.336	-0.486	-2.634	-2.656	-0.331	4.796	8.748	4.156	5.620	2.694	-16.239	5.785	-4.031	1.114	-5.812	0.571	-1.537	-3.364	-4.638	-2.045	1.633	0.165	2.584	-0.770	1.125	0.504	5.397	8	ScrambledFaces
-6.173	-8.538	-1.638	-4.249	-0.498	-0.451	2.713	8.998	15.511	-0.613	10.591	-7.690	4.722	-6.156	-6.119	-12.351	-11.448	-1.239	-4.444	-10.186	-8.856	-3.832	-0.580	-0.595	8.541	6.434	4.858	-5.953	8	ScrambledFaces
10.736	4.866	-3.324	6.017	7.544	-1.663	5.535	-12.896	-12.004	1.129	-8.819	-8.602	26.125	15.242	8.898	9.554	13.163	1.202	6.494	10.918	14.843	11.551	5.446	5.765	-13.110	-16.699	-2.695	-33.118	8	Cars
16.081	14.938	8.885	12.662	10.247	7.114	0.954	-13.126	-10.072	-5.255	-6.703	-19.049	7.256	4.435	9.013	14.579	8.594	5.355	9.654	13.568	5.975	5.240	-0.344	-6.844	-12.090	-10.221	-7.428	-26.234	8	Cars
2.139	3.378	5.205	-1.360	0.277	-0.985	5.457	-0.207	5.214	-3.366	-4.850	-17.017	10.377	1.037	4.963	0.796	3.789	4.010	3.669	-0.516	1.257	3.943	2.658	0.809	-6.891	-7.909	0.569	-22.139	8	Cars
-12.566	-6.296	-8.838	-1.325	7.432	-1.200	8.251	0.138	13.811	7.986	2.346	12.348	-4.181	4.052	-11.348	-18.896	-2.323	-10.735	-5.471	-2.862	-0.354	-0.607	-3.335	4.982	3.612	4.238	5.781	45.717	8	Faces
-6.474	2.472	-0.578	5.140	13.541	10.265	12.375	9.172	5.334	10.951	4.872	17.458	-2.686	2.857	-10.795	0.635	-5.709	-9.953	-5.220	-0.600	3.184	-5.311	-3.271	4.070	-0.452	3.408	5.984	22.954	8	ScrambledCars
-2.437	3.302	1.278	2.649	4.343	4.339	7.597	0.697	5.364	-1.719	6.407	-2.982	-2.629	-2.328	-0.118	-1.777	2.771	0.881	0.882	0.500	-3.059	-3.533	0.105	-1.029	3.367	2.374	3.013	-7.429	8	Faces
1.146	-2.162	3.120	-2.543	-2.231	-2.990	-3.894	-5.993	-4.206	-3.534	-5.585	4.851	2.878	3.547	0.845	-4.464	-11.083	4.405	-0.376	-3.568	-1.086	2.515	4.211	3.629	-0.427	4.792	2.966	-9.879	8	Cars
-9.436	-6.776	-4.740	-4.302	6.008	-0.316	10.748	-2.643	9.839	15.927	13.776	26.510	16.103	1.962	-14.419	-6.681	-17.691	-17.829	-5.317	-4.545	-1.997	-4.009	-6.569	8.846	-0.612	5.945	10.271	-3.967	8	Cars
-11.723	-5.612	-6.085	-6.985	-2.342	-4.724	7.409	5.442	8.369	13.353	13.781	14.448	2.991	4.584	-4.192	-2.680	-3.973	-7.679	-6.453	1.545	1.537	-5.639	-5.056	-5.306	-2.691	0.262	-1.888	-8.009	8	ScrambledCars
-6.196	-2.177	-1.539	2.690	2.095	10.667	7.237	16.960	18.439	-6.017	1.700	-9.305	-1.013	2.226	-6.297	-6.314	-6.890	-8.340	-1.534	0.649	0.231	3.427	-1.286	0.676	0.504	7.773	-1.504	1.360	8	ScrambledFaces
2.533	8.473	7.805	10.405	7.677	8.887	4.997	7.109	7.951	9.237	5.544	2.980	-3.781	-5.627	-2.158	1.193	-3.101	-3.744	-4.847	-0.575	-1.317	-19.012	-10.887	-8.707	0.066	-3.125	-6.699	-9.396	8	ScrambledFaces
-2.863	-3.866	13.493	-0.280	-5.138	11.550	-9.331	18.322	5.451	-2.783	3.982	-4.195	-1.297	-12.092	-9.897	-7.830	-15.232	-10.630	-12.002	-9.818	-10.349	-11.537	-10.847	-4.973	-1.199	-0.560	-5.954	15.956	8	ScrambledFaces
5.759	3.186	2.169	1.009	4.387	1.568	-1.761	0.574	-3.351	0.021	-5.319	-29.570	-2.356	3.838	1.319	4.231	2.574	0.485	-0.730	3.846	3.186	-2.847	-1.196	1.584	0.390	-5.452	-4.993	10.570	8	ScrambledCars
-9.890	-8.797	-8.841	-9.264	-9.746	-12.289	1.277	-3.470	0.968	6.303	3.970	29.449	0.909	-2.573	-8.344	-9.940	-5.736	-2.665	-6.571	-9.630	-9.114	3.182	0.383	7.730	15.736	16.361	13.558	1.794	8	ScrambledFaces
-9.767	-1.848	2.251	0.787	-0.395	4.989	1.127	9.474	1.650	3.350	6.210	3.591	-8.231	1.116	-10.702	-13.905	-6.213	-8.066	-4.301	-3.667	-1.590	-9.121	-3.082	1.370	9.719	16.706	7.102	27.785	8	ScrambledFaces
-13.547	-9.882	-5.554	-8.830	2.486	-0.670	6.553	4.020	7.187	5.110	13.226	8.905	-2.446	1.065	-10.501	-4.197	-11.674	-12.425	-9.267	-3.855	-2.052	-6.569	-2.202	9.228	10.006	6.838	7.819	16.238	8	Faces
-1.610	-1.763	1.651	1.953	9.445	1.578	-0.318	-6.281	-10.162	-4.418	-5.177	-0.204	1.175	-3.361	3.018	-4.285	0.139	-0.985	-5.327	-4.749	-4.599	-1.146	-1.094	3.640	-1.474	1.959	3.952	8.247	8	Cars
0.808	-7.170	-3.609	-1.072	3.006	-0.103	10.231	-2.967	8.963	14.976	13.447	14.755	15.654	1.077	-10.626	2.875	-14.750	-6.459	-9.395	-3.233	-3.315	-2.032	-1.991	1.537	2.820	5.692	4.361	-13.986	8	ScrambledCars
-2.075	-1.401	3.434	1.442	-5.789	0.542	-3.107	-7.242	-1.455	3.539	6.699	16.615	-4.070	-0.447	-1.158	4.757	-0.438	-4.393	-4.165	2.315	-0.260	0.335	-7.315	-3.887	-3.921	-5.160	-1.816	3.083	8	Faces
-1.755	1.243	-3.665	-0.560	-3.061	-8.774	-2.157	-8.147	-1.027	15.038	2.719	30.688	-1.435	-3.248	-0.388	5.757	-3.703	-2.061	1.307	1.495	-1.681	-4.517	-7.958	-0.713	-7.248	1.178	2.974	13.456	8	Faces
-3.985	-2.007	-4.648	-0.422	11.956	2.648	2.882	-3.033	2.686	8.451	-3.697	14.184	5.227	4.965	-1.769	2.965	-1.065	-5.821	1.584	-0.531	4.260	-4.937	-8.203	-0.607	-4.025	-2.296	-6.843	18.680	8	ScrambledCars
2.703	-8.593	-0.339	-5.617	-2.163	-2.500	3.737	-2.674	2.148	10.377	5.832	1.122	0.927	-3.978	-6.639	-9.862	-12.438	-1.439	-7.627	-6.323	-4.379	-5.883	-2.982	-0.142	2.303	0.708	1.916	15.824	8	Faces
-10.358	-7.613	-5.386	-9.853	-7.649	-6.970	-6.838	-3.967	5.779	7.973	7.551	15.121	-2.848	-6.038	-3.434	-8.155	-13.104	-1.280	-6.458	-9.871	-13.242	-5.619	3.592	0.113	4.375	5.551	7.391	13.725	8	ScrambledFaces
6.696	0.933	-6.424	1.575	1.695	-3.298	5.533	-6.630	-11.105	-1.815	-4.908	-5.258	-0.096	7.660	5.142	5.633	3.267	5.082	7.089	8.473	10.007	10.920	8.443	5.778	6.038	-6.081	0.999	-2.979	8	ScrambledCars
-4.947	-6.629	-7.717	-7.051	-5.718	-7.007	2.088	4.661	6.163	-0.801	5.510	-7.086	4.889	2.169	-9.008	-3.324	0.626	0.903	-4.777	-4.760	-2.854	-8.534	-1.642	2.198	9.274	16.199	5.212	46.129	8	ScrambledFaces
-1.609	-8.427	0.698	-10.373	-13.416	-1.212	-9.628	11.015	5.399	-2.883	11.944	10.277	-13.176	-18.460	-1.367	-12.273	-9.019	2.646	-5.339	-14.903	-14.482	-6.619	-3.313	-2.763	12.160	8.242	0.692	-12.464	8	ScrambledCars
6.272	4.868	-2.159	6.559	4.482	5.550	-0.161	0.114	5.418	-0.028	-2.192	-18.214	-4.797	4.910	2.024	3.295	4.502	3.295	7.529	7.651	11.744	-4.331	3.116	-0.529	5.913	1.456	-0.083	-13.699	8	Faces
10.835	5.979	11.511	-0.184	-2.212	-1.360	-3.461	-8.946	-7.135	2.320	-7.281	-9.971	-13.940	-4.784	2.958	1.859	6.541	6.255	2.408	-1.594	-3.109	-2.618	-2.880	-7.752	1.712	-4.452	-8.573	-10.541	8	ScrambledCars
-1.132	-2.955	-7.448	-1.550	10.691	-4.458	-0.651	-1.837	-1.250	-7.566	-17.193	-0.414	7.799	14.243	1.005	-0.109	7.460	0.407	10.519	7.784	13.926	17.153	6.179	11.391	3.290	2.877	7.371	-26.985	8	ScrambledFaces
10.399	7.097	-2.553	-0.390	-1.595	-6.112	-4.179	-1.790	-12.295	-14.596	-3.310	-20.435	-9.205	2.693	12.622	9.949	11.393	14.067	10.012	6.384	2.371	4.567	3.960	0.681	-4.434	-5.451	-6.081	-17.164	8	Faces
3.770	2.878	0.089	-0.004	3.034	-2.348	-2.120	-4.691	-5.572	-4.072	-0.068	11.689	-5.185	0.713	5.341	2.800	3.078	6.896	3.387	2.755	0.239	-1.351	-1.526	-6.459	0.394	-5.397	-3.884	-10.477	8	Faces
