FP1	F3	F7	FC3	C3	C5	P3	P7	PO7	PO3	O1	Oz	Pz	CPz	FP2	Fz	F4	F8	FC4	FCz	Cz	C4	C6	P4	P8	PO8	PO4	O2	ID	Condition
-2.946	-7.885	5.528	0.563	-5.100	4.261	-2.941	6.861	7.577	-3.237	22.568	15.913	-6.763	-13.806	-4.771	-11.196	-8.837	-10.237	-24.040	-11.930	-12.326	-7.939	-7.036	-5.555	7.764	11.995	-3.776	9.131	9	ScrambledFaces
-9.037	-5.315	-0.253	-5.841	-0.690	-0.991	1.800	6.180	8.057	9.604	10.691	11.245	5.225	-3.825	-7.730	-4.244	-2.582	-12.852	-8.480	-7.626	-6.657	-14.420	-0.212	2.057	-5.960	10.393	9.718	8.724	9	ScrambledCars
-13.334	7.795	-0.511	6.651	-1.101	1.590	-10.097	-3.177	-2.485	-1.028	-6.132	2.701	-5.844	-4.788	-3.814	4.341	5.810	3.992	-1.691	6.142	0.292	-6.775	5.022	1.678	-1.799	0.741	3.237	3.551	9	ScrambledFaces
-15.506	-2.132	-4.702	1.300	-2.359	2.311	-6.817	-5.285	2.791	8.335	7.027	12.181	-1.476	1.667	-10.481	-1.213	-3.989	-12.193	-1.101	-0.781	-0.145	-1.877	-3.236	4.982	10.113	10.477	7.094	8.453	9	ScrambledCars
-2.922	-3.906	1.902	-3.837	-8.324	-0.092	-5.105	6.429	4.283	-5.169	2.531	4.256	-8.363	-11.287	2.446	-10.501	-1.136	33.549	3.910	-14.646	-9.626	-4.893	0.549	-6.372	6.965	2.730	-1.114	3.725	9	Cars
7.037	-2.224	0.679	0.637	2.466	2.132	-2.737	0.846	-1.300	-8.442	2.463	2.328	0.431	-0.686	-1.846	-0.806	2.276	-4.191	-1.734	-0.147	0.058	-3.425	-0.177	-5.332	0.915	2.630	-1.807	0.734	9	Faces
-6.492	-5.559	-1.348	5.080	-0.477	0.743	-7.865	2.901	0.322	-2.767	-1.795	4.571	-7.922	-5.973	1.532	-3.554	2.697	3.855	3.354	-2.737	-1.008	-0.232	-2.591	-2.082	2.436	2.796	3.117	5.477	9	Faces
-5.095	-2.117	1.288	5.187	-3.126	-2.182	-6.528	4.889	4.827	-6.953	15.133	13.490	-8.150	-10.425	-3.816	-8.487	-16.175	-5.743	-3.659	-7.653	-10.764	-9.172	-7.886	2.151	6.068	9.392	6.625	8.605	9	ScrambledFaces
-6.593	-12.057	-3.691	-6.162	-4.116	-4.133	-1.167	0.938	2.494	12.086	10.975	10.351	7.502	5.787	-20.022	4.033	-0.525	-8.249	-10.011	4.584	1.570	-8.487	-4.335	4.298	-3.358	9.889	7.887	10.816	9	ScrambledCars
6.103	4.262	2.076	10.863	11.071	1.211	4.546	2.083	2.084	8.432	7.816	2.892	0.388	-3.702	-17.612	4.461	0.805	-10.347	-8.980	1.956	-2.309	-6.844	-7.806	-4.115	-5.150	-3.257	0.177	-0.342	9	Cars
-2.819	2.156	-1.844	7.990	3.092	1.803	2.442	-4.545	-1.189	-19.195	2.319	6.057	-0.107	1.936	-9.905	1.309	2.313	1.693	1.864	1.110	1.613	-7.466	-5.649	-0.823	-0.421	4.925	-2.658	2.735	9	Cars
-16.790	-5.198	-3.526	-7.996	-5.815	6.085	-0.467	2.472	7.376	5.832	11.470	14.613	-6.325	-4.026	-4.223	-15.005	-6.413	-6.317	-4.737	-12.224	-10.945	-7.683	-0.607	-4.184	7.861	14.149	5.323	15.555	9	ScrambledFaces
-5.597	-5.570	1.335	-19.712	-4.191	4.458	-2.494	4.630	11.507	-17.535	11.601	10.306	-5.617	-10.846	-13.327	-6.961	-0.847	1.053	-7.463	-7.915	-11.349	2.792	0.974	-0.105	6.811	12.468	-0.113	8.353	9	ScrambledCars
-18.651	0.396	1.525	1.104	-6.750	2.075	0.694	9.713	10.488	12.325	14.788	11.097	-19.168	-14.444	-8.644	-7.643	-2.442	3.971	-12.199	-8.166	-13.397	-11.086	-6.528	-9.551	6.849	7.961	-5.750	9.147	9	ScrambledCars
-0.345	2.118	-0.511	3.897	2.841	0.183	0.232	-1.268	-1.484	7.786	1.965	-1.095	-5.698	-3.189	0.407	0.379	-3.431	-6.367	-3.149	3.443	-0.549	0.853	-2.913	-5.626	4.204	6.341	-0.201	0.452	9	Cars
-18.706	-5.024	-7.538	-0.934	-0.963	-2.801	6.027	0.267	5.439	2.005	10.740	7.994	5.380	2.190	-10.584	-0.824	0.659	3.249	-5.402	-3.417	-1.673	-7.167	5.525	4.205	4.205	6.551	6.951	10.656	9	Cars
-8.677	-10.217	-6.812	0.613	-3.102	-2.583	1.228	5.847	5.189	-5.330	5.333	9.420	1.151	-5.358	-11.128	-5.441	-1.829	-3.578	-1.978	-5.429	-7.763	-0.921	1.142	0.509	8.827	5.968	2.646	9.742	9	ScrambledCars
11.949	1.738	4.727	1.547	-0.814	1.432	8.210	3.764	1.514	-3.418	-0.352	1.243	-3.467	2.919	3.793	-5.196	-5.320	-14.105	-11.601	-2.064	-1.610	-4.194	-6.299	-1.611	3.181	-1.499	-5.997	-0.726	9	Faces
-14.625	2.839	1.693	-5.895	-3.169	-3.666	3.822	3.215	3.374	2.783	12.109	5.361	-6.404	-6.549	-7.457	-5.392	-5.705	5.380	-9.024	-7.381	-7.829	-10.519	-8.141	1.136	11.305	5.377	-2.502	6.764	9	Faces
-7.869	3.840	0.552	-0.740	2.160	-2.093	1.998	2.815	4.151	3.389	9.943	14.323	-6.866	-8.216	-7.124	-6.078	-7.800	12.230	-8.943	-9.073	-9.647	-12.656	-4.205	-4.541	-2.241	9.345	2.181	5.858	9	ScrambledFaces
-2.929	-4.820	-3.291	-11.792	-7.149	-1.909	-1.008	-0.698	4.572	-7.812	11.102	8.903	-1.178	-5.144	-10.464	-9.924	-2.375	2.042	3.579	-6.995	-8.300	4.856	3.077	-4.057	12.953	9.260	3.157	8.907	9	ScrambledCars
-6.407	3.721	-0.303	-2.049	-3.905	-0.211	-10.305	-1.725	-0.723	4.458	3.850	-0.832	3.104	-3.391	1.285	4.966	4.686	4.698	0.064	8.933	0.864	-0.528	5.799	-2.002	-3.559	4.060	-0.357	-1.455	9	Faces
7.371	-5.004	4.485	-2.913	-4.381	-0.239	-2.504	9.579	11.065	21.053	4.948	6.117	-11.449	-14.222	-3.458	-5.796	-2.251	7.246	2.580	-7.094	-9.221	-1.133	1.647	-3.534	6.534	11.428	1.435	6.042	9	ScrambledCars
-13.455	-1.297	-7.987	-5.657	-3.793	0.320	-2.569	-1.575	4.165	4.739	10.333	10.668	-1.639	-1.127	-16.626	-6.476	-8.795	-4.272	10.977	-7.356	-7.045	-0.130	-1.971	2.418	4.867	11.208	6.066	13.843	9	ScrambledCars
4.104	3.435	1.135	1.512	-8.273	-5.814	0.639	2.135	-0.297	-6.451	-0.021	9.930	-8.668	-4.357	-12.390	-3.817	1.466	13.095	-4.535	-2.497	-5.070	-3.140	-1.900	-6.553	8.840	-2.746	-0.875	4.166	9	Cars
-11.296	-3.678	-1.287	-19.625	-2.669	-5.422	5.645	1.843	6.240	-10.103	5.709	3.878	-6.095	1.197	-5.146	0.477	4.683	4.485	2.655	5.018	2.499	5.602	0.873	2.782	1.666	-1.533	-2.523	4.508	9	Cars
-7.812	-0.730	-5.948	-0.463	3.619	5.577	-1.085	1.383	5.505	7.652	10.743	6.488	-0.616	-1.925	-10.109	-7.846	-8.463	-12.117	-6.079	-4.140	-4.473	-7.380	-6.938	-1.569	7.598	14.675	8.503	10.439	9	ScrambledFaces
-6.798	-8.499	-7.816	-4.326	-7.947	-6.554	-1.353	6.389	14.158	0.593	14.605	19.467	-3.276	-8.580	-25.947	-13.283	-10.345	-16.819	-8.428	-13.757	-12.652	-8.143	-1.754	8.155	12.943	23.763	11.240	19.382	9	ScrambledFaces
7.521	1.474	4.348	4.775	0.856	-0.476	-8.365	-1.216	-4.662	0.335	-5.489	0.610	1.674	7.349	-0.247	3.377	-2.285	2.564	-7.684	2.476	4.323	0.016	-8.833	-3.329	12.780	-7.215	-0.775	-0.914	9	Faces
-16.836	-11.372	-10.560	1.574	-4.372	-5.774	-3.884	5.016	9.814	8.572	9.391	11.773	2.018	0.246	-16.566	-2.163	-4.698	-9.662	10.052	0.787	-0.317	-4.914	-5.165	3.702	6.668	11.572	4.841	15.393	9	ScrambledCars
-20.159	-8.483	-1.708	-9.353	-7.260	-7.435	1.925	7.943	14.328	-4.755	7.172	17.196	-6.722	-8.790	-15.157	-13.025	-6.883	-8.488	-4.878	-9.524	-13.338	-8.529	-1.078	6.719	17.620	7.180	5.682	19.676	9	ScrambledFaces
10.877	-0.575	3.214	-9.762	4.628	2.606	5.663	5.910	9.250	7.178	7.818	4.980	-0.828	-4.451	-7.962	-7.162	-8.715	-0.267	-13.066	-8.403	-4.193	-4.563	-6.525	-0.633	3.223	3.307	-0.268	0.818	9	Cars
-13.674	-2.146	0.009	-4.834	-4.032	0.282	-3.340	-0.053	2.227	-10.847	4.121	8.313	-6.875	-13.170	3.162	-9.086	-3.014	-0.470	0.486	-9.193	-9.091	-6.586	8.215	-1.476	6.360	13.749	6.367	10.406	9	ScrambledCars
-3.939	-3.422	3.158	2.386	-2.952	-1.678	-6.836	11.210	8.290	-0.622	10.100	7.753	-13.523	-19.082	-5.073	-6.073	-4.769	-4.773	-6.654	-9.166	-17.164	-0.642	-3.155	-6.256	9.155	10.838	-3.718	5.975	9	ScrambledCars
15.933	14.606	10.109	11.080	2.899	7.512	-4.666	-4.657	-6.300	1.962	-6.973	-6.015	-4.568	3.197	6.881	11.052	8.637	5.684	9.905	9.121	5.987	7.431	-1.136	-11.459	-13.279	-14.823	-10.579	-11.242	9	Cars
8.904	2.458	2.849	-2.878	-1.986	2.668	-6.417	0.642	-2.166	6.392	-4.002	-1.843	-6.212	-5.619	1.951	-0.884	-0.147	3.528	7.248	-0.284	-3.762	5.394	0.225	-3.450	-2.562	0.399	-2.441	-4.134	9	Cars
-5.314	7.871	3.317	10.707	1.568	2.083	4.154	4.068	3.403	7.285	2.121	2.817	0.267	-2.869	-5.607	5.310	0.176	8.711	6.028	3.798	0.384	-6.204	-0.142	-4.052	-3.732	-22.372	-1.145	-0.524	9	ScrambledCars
-6.092	3.825	-1.271	-7.731	-1.158	5.952	4.013	2.234	2.009	-0.328	5.087	4.137	0.561	-2.558	2.370	-2.488	-2.417	-0.679	0.940	-4.694	-4.350	0.555	2.095	-4.169	3.960	6.719	-3.142	4.396	9	Faces
-9.591	-3.089	-5.451	5.196	-6.652	-7.032	4.030	-0.955	0.369	1.602	-2.706	2.723	1.920	1.955	-4.530	0.274	1.288	-2.671	6.274	2.602	2.044	-3.337	-4.250	10.582	-0.299	9.615	3.545	4.893	9	ScrambledCars
1.905	9.023	7.787	-3.596	-4.436	5.521	-6.471	-7.327	-9.246	-8.882	-5.977	-0.574	-2.266	-2.684	10.846	-0.829	1.170	2.993	4.204	-0.042	-2.986	8.787	5.672	-6.333	-3.126	-4.719	-5.387	0.248	9	Faces
-12.984	-1.804	-7.863	-10.693	-1.870	-0.275	-0.151	0.605	4.615	5.627	9.209	4.613	1.359	4.745	-10.482	1.446	-3.082	4.989	0.079	2.059	2.002	-0.357	-3.315	4.786	5.437	12.257	9.315	8.657	9	Faces
-4.935	-7.369	-1.156	1.930	-7.396	-2.976	3.538	2.974	10.041	7.382	20.484	12.214	-4.600	-7.374	-27.739	-4.919	-4.128	-0.744	-14.769	-7.916	-7.769	-1.757	-6.551	-1.193	2.313	7.877	6.837	12.992	9	Faces
-21.772	-12.322	-6.033	2.562	-9.663	-4.881	0.988	8.948	11.751	9.370	24.635	16.702	-3.578	-11.846	-8.099	-13.269	-8.582	-16.139	-2.782	-12.506	-10.953	-12.776	-1.602	1.228	9.754	14.157	7.084	16.525	9	ScrambledFaces
-7.781	-3.753	-4.498	-6.044	-2.952	-0.160	0.929	4.929	6.831	10.842	11.819	10.249	5.125	-4.610	-12.647	-5.012	-7.624	-6.244	-5.776	-9.675	-5.827	-5.064	-1.441	-0.076	4.356	9.866	7.257	10.481	9	Faces
-3.073	0.447	2.010	-7.008	-3.652	4.279	5.540	5.766	7.594	-0.415	12.615	12.605	-10.361	-5.428	-4.518	-8.262	-9.057	-8.147	-0.559	-8.961	-7.941	-10.751	-2.392	-13.760	5.309	5.746	-5.290	8.262	9	Faces
-19.795	-1.676	-9.332	0.760	-4.282	-6.369	3.390	0.773	6.426	7.870	-1.322	9.512	4.453	-0.918	-4.600	0.212	-6.313	-3.365	11.683	2.199	-0.005	-3.605	-0.974	0.254	6.999	10.696	5.497	7.002	9	ScrambledCars
-0.744	-0.143	-2.148	2.274	0.562	-2.687	-4.193	-4.653	-6.173	9.077	0.371	9.868	1.839	8.756	-1.438	4.718	-1.732	0.587	14.683	4.940	3.346	0.589	-2.320	-2.847	-6.015	-4.045	-0.127	-0.549	9	Cars
5.934	-0.887	1.590	-2.931	-4.621	3.244	0.277	1.633	-2.664	-9.652	-2.130	10.526	-1.112	-2.717	-8.185	-4.672	-0.199	-0.148	-5.939	-4.385	-5.424	-8.105	0.113	0.981	-0.682	2.844	-0.366	5.601	9	Faces
-14.217	-3.820	-10.400	-9.012	-4.824	-8.611	3.070	9.241	10.823	15.734	14.382	13.283	-1.178	-3.980	-17.927	-3.978	-5.760	-14.846	-2.507	-3.145	-1.479	1.826	-3.424	0.195	8.847	6.044	6.045	13.168	9	Faces
-12.992	-10.994	-1.900	-6.487	-3.368	-1.535	-2.114	2.819	8.381	1.903	9.200	7.333	-2.606	-9.150	-2.383	-12.491	-3.811	17.403	-4.253	-12.573	-11.092	2.234	7.091	1.578	8.914	2.576	3.965	9.964	9	Cars
-0.024	-0.023	-0.166	-8.173	-6.451	-5.708	-3.432	9.059	6.530	-12.591	11.534	12.476	-13.723	-13.450	-12.681	-8.805	2.734	-1.520	-11.779	-8.010	-13.483	-8.665	4.457	-0.431	8.102	12.472	0.594	8.020	9	Faces
-6.567	-1.898	-7.180	-1.918	-0.070	0.576	0.020	0.374	2.206	2.049	4.247	7.123	3.269	-5.467	-11.069	-1.337	1.023	-2.014	6.337	4.125	-1.350	-4.092	2.328	-0.752	11.265	12.554	3.738	8.264	9	ScrambledFaces
-13.459	-15.002	-7.891	-9.503	-4.760	-4.645	1.200	2.242	5.797	12.655	18.649	8.771	-4.203	-4.050	-10.713	-13.214	-3.185	-7.790	-1.045	-10.534	-7.900	-4.202	0.125	-0.869	7.232	15.722	5.447	13.158	9	ScrambledCars
10.463	13.960	5.091	-1.025	-2.077	-2.765	5.194	2.727	-3.459	-6.183	-2.940	-3.470	1.084	5.262	-1.288	8.403	2.400	6.648	5.156	7.085	5.080	-0.655	-4.146	1.672	-12.259	-11.015	-4.477	-2.551	9	Cars
3.807	-4.460	1.090	1.429	-0.942	0.246	-0.439	1.167	1.905	-2.365	0.174	1.139	-9.997	-5.709	-11.797	3.023	4.070	10.197	3.682	-2.750	-3.708	2.269	7.801	-2.833	1.410	-2.710	1.731	3.092	9	Cars
-10.587	-1.432	-4.684	-5.754	-0.641	-6.592	2.812	9.320	12.160	21.272	10.176	6.152	-0.091	-6.454	-13.334	-3.413	-3.503	-9.458	-13.893	-5.825	-6.913	2.797	-5.712	3.380	9.025	13.455	6.143	9.984	9	ScrambledFaces
-7.389	-6.544	-0.381	2.901	-1.435	-0.112	2.628	2.382	5.487	3.148	3.849	5.261	-3.637	-5.455	-3.464	-4.190	-0.705	-6.368	-6.241	1.654	-1.961	-2.392	-3.426	0.111	3.901	1.052	5.485	3.769	9	Cars
-14.448	-2.218	-2.845	3.691	-5.978	-1.052	-3.738	8.199	8.947	-2.012	8.294	7.662	-14.177	-13.569	-12.016	-3.929	-3.255	-5.095	3.178	-0.781	-11.973	-0.921	-5.583	-2.013	10.259	12.758	0.533	12.270	9	ScrambledFaces
-8.138	-5.589	-3.330	-6.241	-2.522	-0.287	4.512	12.080	12.486	-0.772	17.323	14.361	-1.952	-13.746	-9.640	-7.423	-10.661	-6.892	-13.227	-11.663	-11.812	-10.355	0.770	-6.005	9.296	13.379	1.912	9.428	9	ScrambledCars
-12.625	-0.907	-1.245	-2.942	-2.536	1.621	2.167	2.341	6.906	9.266	3.938	7.224	-9.747	-2.609	-2.565	-3.758	0.301	-11.932	7.468	-2.330	-0.443	-3.070	-1.524	-2.655	1.889	4.042	-2.417	7.956	9	Faces
-10.410	-8.118	1.910	-7.182	-4.764	-3.645	-9.020	1.980	4.526	-7.168	0.248	2.191	-7.112	-2.079	-4.554	-0.203	1.604	-8.988	2.029	-1.516	-4.774	2.061	-0.215	-0.680	4.439	10.478	3.010	11.576	9	Faces
-7.869	-1.573	-7.028	-4.366	-2.765	2.413	1.556	2.203	6.688	-7.514	10.818	9.439	2.032	0.085	-20.087	-0.171	-0.019	-7.564	-4.662	0.568	0.063	-0.052	-1.737	-0.069	0.648	6.264	9.715	11.251	9	Faces
3.220	5.614	7.622	2.377	0.086	0.329	2.815	1.015	-0.479	4.879	-6.894	-4.315	-2.321	-1.983	6.936	2.811	4.662	-1.900	-7.038	1.500	-2.011	-4.469	3.020	-6.247	-3.507	-2.059	-12.040	-3.614	9	Cars
7.011	-2.340	6.350	-3.849	-0.437	1.211	-0.534	0.050	-3.265	6.330	2.526	1.146	2.350	1.657	10.225	-5.337	-5.619	-9.488	-2.635	-6.182	-0.415	2.973	-0.078	-3.297	-8.866	-3.806	-3.181	4.835	9	ScrambledCars
-6.639	-2.923	-1.258	0.760	-10.608	-1.690	8.528	10.148	6.965	-13.528	13.369	12.639	-9.101	-10.662	-6.347	-9.648	-3.732	3.276	-7.034	-11.232	-13.195	-2.659	-6.622	4.938	2.265	10.577	-1.872	8.859	9	ScrambledCars
-14.266	-4.768	-4.930	2.108	-2.934	-2.622	2.596	6.160	9.971	0.131	11.620	13.457	-12.232	-14.507	-19.337	-11.383	-5.875	12.694	-9.396	-7.525	-11.507	-12.794	-4.914	0.861	5.756	15.285	8.377	16.133	9	ScrambledCars
-3.947	-1.567	-1.105	-6.887	-1.286	0.504	7.319	-1.436	1.268	14.927	7.172	9.105	1.742	1.854	-6.968	-4.372	-3.214	-0.479	-0.473	-4.918	-1.516	-4.836	-3.796	-1.082	-5.382	2.382	6.686	3.465	9	Faces
2.047	-0.585	3.257	1.439	-1.489	-0.090	-4.947	-6.046	-8.203	-5.623	-3.027	1.784	-0.149	-3.809	-12.615	0.660	8.073	-0.804	0.286	2.243	-1.514	4.473	0.023	-0.136	9.903	-2.200	-1.235	7.185	9	Cars
-3.387	-5.722	1.241	-4.406	-3.530	-2.468	-2.594	3.747	6.651	2.600	5.326	3.080	-3.015	-7.896	-14.436	-3.504	-1.249	9.278	-7.858	-6.708	-9.266	-5.313	-3.366	-3.530	5.270	13.651	1.226	8.789	9	ScrambledFaces
-1.874	-7.683	-3.204	-3.658	-5.838	-2.514	5.936	5.741	7.590	19.094	17.089	12.806	0.691	-5.780	-18.538	-12.376	-12.974	-16.372	-16.570	-17.359	-12.146	-12.109	-4.693	3.700	6.804	20.523	9.731	16.017	9	ScrambledFaces
-3.320	1.643	-0.982	7.933	-0.945	-2.527	-4.562	-0.174	1.082	-8.324	-3.201	12.199	-0.272	-2.852	-6.435	2.226	-2.807	-10.855	-6.141	-0.906	0.885	-2.643	2.275	-5.029	-5.373	4.971	3.820	8.935	9	ScrambledCars
8.532	5.678	10.508	3.614	-0.676	-1.491	1.586	0.379	-1.752	-2.181	4.030	2.683	-2.267	-4.439	2.043	1.866	-8.808	-6.745	3.430	-1.561	-3.298	-8.758	-2.283	-5.669	-8.359	-2.869	-2.841	1.629	9	Faces
-5.760	-11.057	-3.139	-5.747	-2.335	5.013	4.380	6.678	7.069	6.423	12.582	11.562	-0.832	-5.327	-10.293	-9.437	-13.864	9.755	-7.125	-11.633	-8.764	-5.898	-7.936	2.598	5.305	7.439	4.863	10.024	9	ScrambledCars
-4.178	-3.929	-6.531	-2.933	3.280	3.862	0.279	0.740	5.492	0.686	8.368	10.957	3.987	0.373	-20.426	-1.035	-5.000	-0.362	0.416	-0.221	-0.272	-5.239	-3.106	-0.325	1.144	5.964	8.527	10.738	9	ScrambledCars
-12.380	0.846	-0.332	2.453	-4.104	-5.263	-1.795	4.189	12.351	-3.615	3.214	7.562	-4.768	-8.094	-3.855	-8.205	-5.577	-0.505	-1.997	-8.118	-8.341	-10.660	-3.893	-6.691	18.484	9.113	3.287	4.251	9	Cars
-17.433	-6.992	-4.536	-10.214	-10.408	-5.392	-5.167	4.796	7.436	11.757	12.995	18.922	0.359	-6.032	-9.842	-10.197	-7.598	-2.064	-10.195	-11.718	-10.744	-5.728	-2.983	-0.664	15.620	14.939	6.666	12.081	9	ScrambledFaces
10.549	0.317	-1.318	-4.763	0.645	-2.983	4.105	3.076	-1.958	-4.309	3.496	3.080	6.164	7.016	-2.091	1.566	-7.623	2.317	-11.746	4.364	4.144	2.606	-5.258	8.542	-4.542	-8.730	-0.648	-3.554	9	Cars
-11.649	-4.691	-0.968	-13.214	-6.561	-0.488	0.089	10.823	11.812	3.577	14.245	16.119	-10.126	-13.947	-12.278	-14.838	-12.250	-7.709	-6.959	-18.816	-15.430	-9.401	-4.568	-9.946	13.255	16.313	9.082	18.498	9	ScrambledCars
-10.775	-2.238	3.212	1.364	-2.540	0.497	0.108	2.291	3.765	-0.313	3.445	4.750	-3.138	-5.238	3.476	-7.154	-1.736	-0.595	3.951	-4.279	-6.538	-6.419	-2.251	-8.029	-1.493	1.671	-0.096	8.481	9	Faces
-12.861	-17.869	-1.801	-10.856	-5.423	2.056	0.623	12.489	12.876	8.811	15.909	19.132	-4.915	-15.264	-9.924	-12.345	-9.229	-0.022	-17.673	-16.092	-16.396	-9.642	0.899	-2.370	9.194	17.579	9.385	15.659	9	ScrambledCars
-14.961	-8.985	-9.239	-11.257	-2.905	-2.565	2.517	3.925	8.047	1.398	16.832	13.684	-5.227	-3.235	-21.380	-4.520	-0.713	-7.355	-9.862	-3.762	-3.895	-1.696	-1.434	1.905	10.283	11.582	7.849	12.003	9	Faces
3.974	2.670	5.374	1.130	-8.870	-0.895	-8.811	-2.692	-2.506	-7.760	-1.290	0.986	-3.398	-6.315	3.958	-4.073	3.232	22.028	-3.432	-1.219	-5.423	1.183	5.734	-5.621	-4.558	-0.388	-5.066	-0.757	9	Faces
-13.184	-10.783	-9.913	-4.982	-5.431	-5.736	4.744	5.484	11.516	-3.902	13.003	11.252	-3.808	-2.843	-19.167	-6.571	0.359	-13.659	-8.055	-8.180	-6.043	0.951	0.511	4.983	17.894	18.063	12.760	15.461	9	ScrambledCars
-24.326	-1.125	1.900	-13.082	-7.509	-7.439	-4.570	5.007	7.454	16.076	8.345	17.339	-1.515	-7.338	-2.263	-7.797	-9.540	-3.156	-9.945	-10.761	-10.079	-11.784	-0.176	-3.386	12.362	13.433	2.351	17.849	9	ScrambledCars
9.209	-0.450	0.064	4.059	3.314	1.406	-2.372	-1.719	-9.190	-2.704	-2.996	-2.971	-1.095	-0.097	2.338	5.461	3.979	7.407	-4.948	3.718	2.461	4.732	2.108	-1.711	-8.256	2.476	-2.489	-2.220	9	Cars
-7.065	-5.853	-8.637	6.034	-2.912	-10.399	0.688	2.965	9.682	5.026	12.333	8.186	2.177	1.203	-17.647	-5.918	-2.845	-5.455	0.871	-4.846	1.606	-10.368	-6.275	0.759	5.270	11.353	5.449	11.303	9	Faces
-4.757	0.934	8.830	-16.374	-5.721	-1.785	-0.311	10.277	11.131	-1.307	14.793	7.063	-16.576	-14.337	-14.902	-10.015	1.648	-0.795	-4.439	-13.615	-12.668	-13.241	-6.856	-9.683	6.745	6.150	-5.416	11.773	9	Faces
4.262	4.452	3.954	6.007	-0.879	2.153	0.847	-6.411	-6.428	-0.029	-10.043	-6.333	-0.639	-0.212	1.584	5.219	3.793	4.342	6.990	5.036	1.440	2.263	1.659	-4.448	-3.582	-0.922	-4.223	-2.692	9	Faces
-24.019	-9.219	-7.988	-7.495	-1.133	-3.615	1.986	4.374	10.956	17.484	13.743	18.563	-3.946	-7.291	-12.268	-10.428	-3.147	-3.247	-7.277	-10.446	-8.720	0.450	-3.270	-0.070	7.575	17.020	3.354	16.527	9	ScrambledCars
-1.481	2.492	7.029	-5.708	3.039	10.142	1.137	-3.446	-0.851	-3.979	-5.359	1.721	-0.745	0.870	2.424	0.744	3.460	3.012	2.884	-0.650	-0.390	0.678	-4.284	-2.937	-9.636	-3.932	2.265	-0.701	9	Cars
9.619	12.817	7.084	13.435	4.768	6.433	-4.126	-6.580	-7.979	-14.361	-3.375	0.998	-4.156	-3.915	-0.782	-1.111	-3.041	11.892	-12.430	-0.612	-1.282	-1.043	-4.600	-4.556	-6.528	-6.989	-4.894	-1.399	9	Cars
-4.539	-0.280	-3.269	0.314	2.048	1.339	0.432	2.463	1.483	-10.878	-0.732	4.375	1.700	-4.693	1.625	1.701	-1.187	-8.201	2.815	-1.915	-0.228	-0.086	4.518	0.447	-0.520	6.187	8.109	3.174	9	ScrambledFaces
-22.115	-12.214	-7.085	-4.986	-6.363	-3.789	-3.545	4.851	8.135	-3.050	20.826	15.537	-4.926	-13.534	-12.854	-13.017	-7.915	-0.218	-2.488	-18.431	-16.049	-4.415	2.446	1.344	15.893	21.247	11.317	19.915	9	ScrambledCars
-0.978	4.330	-1.845	13.017	10.803	3.804	4.695	-0.467	3.043	26.074	-2.009	1.444	-2.695	1.876	-4.415	2.264	-6.901	-8.534	-1.188	-0.163	5.175	-2.563	-9.808	1.629	-11.212	-2.818	-4.121	-1.202	9	Faces
3.115	6.519	2.726	7.927	7.002	6.635	2.185	4.375	1.804	0.936	-0.077	1.428	0.439	1.726	3.321	5.425	-5.218	-14.293	-1.284	3.811	0.826	-6.657	-4.229	-8.229	-8.061	-3.745	-4.290	-1.434	9	ScrambledCars
10.511	6.353	8.025	9.392	3.417	0.780	-2.947	-0.745	-5.206	-7.649	-3.334	-3.877	-5.246	-5.553	5.477	3.521	4.585	8.417	4.419	-1.864	-3.407	-0.482	6.081	-9.298	-5.248	-8.484	-12.911	-4.685	9	Faces
-7.910	-5.634	-7.994	-11.941	-6.832	-2.618	-3.779	-0.671	2.021	-5.399	7.595	11.727	-4.294	-9.190	-19.284	-8.748	0.481	15.067	-7.174	-9.341	-7.349	-2.413	5.694	6.340	15.765	20.263	14.102	14.039	9	ScrambledFaces
9.628	2.729	3.948	7.453	2.905	4.073	-1.498	-0.285	0.324	-5.906	6.063	4.102	1.485	-3.552	-2.641	-3.736	-9.288	-2.754	-1.377	-2.414	-1.844	-1.554	-5.266	-4.951	-5.416	-5.124	-3.998	1.801	9	Cars
-9.573	-0.698	-0.408	1.038	11.079	4.254	6.598	2.558	7.251	11.035	4.592	6.862	-2.083	0.157	-7.524	-0.541	-1.829	15.091	-10.735	2.337	-2.006	-8.472	-9.231	-5.853	-5.335	-3.842	-5.008	-0.520	9	Cars
-1.380	2.762	-1.716	11.185	4.726	0.688	-2.047	-5.782	-3.778	-9.501	-4.853	3.214	4.727	7.049	-2.810	3.799	-0.345	-4.463	3.680	3.844	4.860	-1.261	-7.527	-4.313	-5.354	1.376	3.106	1.311	9	ScrambledCars
-5.021	2.459	0.413	-11.856	-1.456	-1.431	1.978	3.495	2.550	-11.139	12.432	1.521	-4.862	-4.296	-4.784	-1.387	4.738	-9.484	4.263	-1.986	-4.843	-0.591	0.545	-6.954	0.370	1.997	1.691	1.920	9	Cars
2.327	-1.094	-0.805	8.784	3.902	0.087	0.336	0.968	-4.977	11.489	-6.771	3.519	-4.261	4.326	-3.412	9.833	2.285	15.408	-2.093	5.514	3.211	0.845	-4.676	-1.587	-18.574	-2.558	-4.181	-2.323	9	Cars
-23.413	-4.095	-5.094	-2.492	-7.719	-4.667	0.703	1.678	2.956	2.265	13.301	20.761	0.355	-7.869	-22.424	-10.409	-5.997	6.927	-21.987	-14.580	-11.809	-6.199	-6.795	-0.260	10.961	16.895	12.459	24.838	9	Faces
-8.881	-3.673	-2.010	-3.552	-4.784	1.945	1.646	6.409	13.395	-1.140	17.923	5.976	-9.308	-10.463	-9.924	-9.535	-7.220	-0.272	-6.479	-8.518	-11.113	-8.464	-1.773	-4.608	7.710	16.575	-0.662	9.428	9	ScrambledFaces
1.688	3.451	9.172	-2.164	-0.113	1.964	-1.868	1.700	-1.469	-9.982	5.273	6.912	-4.242	-4.188	0.853	-4.551	0.293	-2.885	-4.067	-2.296	-4.451	-8.121	-11.160	-1.139	-4.065	-2.119	1.925	1.512	9	Cars
5.249	2.371	-5.052	0.786	5.675	2.019	7.988	-3.180	-2.414	8.183	-3.191	1.183	7.132	5.076	-2.016	-1.300	-2.947	2.105	2.167	5.612	5.244	-5.413	0.194	-3.363	-3.568	0.454	2.013	-0.317	9	Faces
-2.640	-3.960	-4.111	-6.242	-4.925	-1.083	2.219	5.401	9.087	-1.269	6.749	10.621	-2.135	-4.810	-8.898	-7.854	-8.626	-11.522	-17.227	-8.138	-5.130	-3.368	0.669	0.524	11.753	15.157	8.779	10.550	9	ScrambledCars
-6.901	-9.428	-4.753	-11.816	-5.038	-2.614	1.612	6.907	8.948	6.628	6.942	18.657	4.156	1.404	-16.430	-9.684	-7.882	-21.262	-4.058	-8.085	-3.707	-12.859	-8.637	5.863	5.288	11.621	9.658	15.130	9	ScrambledCars
1.831	5.288	2.406	2.225	0.247	1.068	-0.565	0.690	-0.218	-17.638	-2.420	0.586	3.673	-0.942	-1.868	1.104	-2.602	-2.950	-1.166	0.042	-0.274	-1.642	-3.863	0.707	-1.585	-0.376	2.543	3.121	9	ScrambledCars
-12.200	-2.627	-3.294	4.085	-0.180	2.026	2.412	2.940	4.726	-1.782	14.427	4.521	-1.120	3.776	-6.323	2.116	-1.608	-14.869	-11.733	2.311	3.774	-2.859	-7.110	0.186	-0.878	0.240	0.233	5.795	9	Faces
0.902	5.152	2.507	12.490	4.636	2.699	1.786	-8.279	-7.397	2.666	-5.805	3.992	-1.083	3.194	-9.268	9.485	8.903	8.630	-4.514	6.226	3.579	-3.996	-2.027	-0.731	-9.403	0.063	-0.668	-1.864	9	Cars
-22.568	-9.773	-15.193	-4.669	-10.620	-6.713	-4.546	12.741	13.360	8.195	20.040	20.784	1.351	-7.758	-17.651	-11.866	-10.296	0.174	-18.902	-9.015	-11.510	-8.979	-4.449	4.007	11.275	24.290	7.725	18.274	9	Faces
-10.538	-3.604	1.741	2.855	-2.548	0.456	2.736	5.910	6.298	9.333	3.042	9.871	-11.986	-13.049	-8.166	1.465	-2.779	5.921	-6.382	-2.791	-7.292	0.290	1.047	0.527	0.542	-2.976	0.624	3.501	9	Cars
1.482	0.115	7.747	4.464	-3.493	-1.903	-3.000	-1.236	-0.779	2.538	3.644	11.745	-13.271	-10.591	-0.323	-1.895	-0.706	-0.837	-5.005	-0.572	-5.635	-9.625	-1.686	-0.150	3.160	5.142	1.012	-2.093	9	ScrambledFaces
4.797	-3.764	3.711	6.872	-4.192	3.829	0.071	4.865	5.858	2.967	3.693	3.677	-0.843	-6.359	-1.344	-6.238	-5.891	-11.888	3.410	-13.387	-4.840	-7.160	-3.620	-3.101	0.538	5.265	-1.076	5.322	9	Cars
-13.670	-14.608	-7.453	-16.583	-5.030	-6.372	-1.030	11.169	13.042	13.259	15.973	19.084	-1.622	-8.317	-18.509	-13.138	-15.933	6.734	-23.495	-11.490	-8.962	-9.212	-7.637	6.360	15.406	18.236	3.026	18.269	9	ScrambledFaces
-9.979	-11.813	-5.698	-9.260	-4.700	-5.526	3.322	4.910	7.644	26.642	10.632	16.311	0.594	-6.110	-12.007	-14.391	-16.574	-13.719	-15.978	-17.314	-12.033	-4.906	-2.543	5.911	10.670	15.365	7.067	13.532	9	ScrambledCars
-4.639	-9.686	-4.736	-7.516	-6.526	-8.241	3.918	11.587	13.126	4.235	15.103	10.058	1.678	-7.613	-19.945	-9.716	-9.910	-7.740	6.430	-9.041	-8.496	-12.058	-8.495	-3.678	5.958	11.838	7.521	15.410	9	ScrambledCars
-5.873	-7.370	1.901	-10.863	-4.807	0.381	-0.170	12.325	13.894	2.495	15.303	7.247	-6.299	-13.040	0.809	-14.471	-11.328	-3.140	-0.421	-14.775	-13.180	-10.008	-3.363	0.615	4.709	10.960	-3.707	8.538	9	ScrambledFaces
2.011	4.803	3.972	1.422	0.094	-3.398	-1.253	4.107	8.699	-4.826	10.083	12.336	-3.094	-6.595	-10.068	0.427	-6.376	-4.359	-4.084	-3.828	-2.734	-4.886	-3.671	-10.793	0.069	2.407	0.828	5.219	9	ScrambledCars
-6.147	-3.524	-6.915	-5.273	-4.523	-1.624	3.677	-1.889	-0.414	4.921	-2.890	5.566	-2.677	1.995	-7.365	-4.358	0.274	-9.554	8.825	-5.978	-5.294	8.732	5.106	1.988	7.736	7.990	0.684	8.830	9	ScrambledCars
-0.081	-7.094	1.264	0.643	-4.358	-4.743	0.357	2.597	6.643	-2.674	4.172	3.678	-4.811	-0.789	-3.862	-0.852	-1.944	-1.719	-9.814	-2.676	-1.137	0.119	0.360	-2.059	-0.287	2.082	1.423	2.181	9	Faces
-13.087	-10.643	-8.085	-1.688	-2.115	-4.692	6.611	2.837	7.447	10.839	11.380	2.045	-0.831	1.374	-5.658	-3.329	-3.263	4.573	-0.305	-2.261	0.005	-1.731	1.822	6.866	6.909	5.445	4.411	6.760	9	ScrambledCars
12.601	3.954	10.128	1.050	0.834	-2.888	-9.582	-7.038	-10.090	-2.012	-0.699	-0.928	-4.266	0.540	-0.453	6.224	3.505	15.481	-0.749	4.050	2.231	0.813	-2.344	-1.792	-6.875	-6.509	-4.296	-5.714	9	Faces
0.512	-1.062	4.086	1.136	-3.875	-1.506	0.780	2.505	4.696	1.683	6.127	5.798	-3.882	-5.714	-4.809	-8.219	-1.057	-13.142	-3.694	-9.742	-8.724	-11.436	-2.034	3.907	-2.172	8.339	-1.233	4.569	9	Cars
-16.947	-1.942	-4.322	2.167	-0.863	2.715	7.746	9.839	13.902	9.903	6.343	15.692	-4.268	-9.308	-14.540	-10.619	-8.202	3.100	-3.552	-9.537	-11.705	-10.306	-14.615	-9.368	5.795	9.550	4.218	12.323	9	ScrambledCars
-3.452	-12.844	-2.865	-3.241	-3.197	-0.426	-1.751	3.815	5.094	3.959	12.399	9.551	-3.054	-9.037	-10.520	-7.720	1.219	-8.173	3.106	-13.123	-11.135	4.308	3.565	-4.087	10.989	10.019	3.120	8.913	9	ScrambledCars
-6.375	2.047	-2.496	-11.384	-4.686	-5.205	-2.526	-1.593	4.966	19.628	11.754	5.565	5.348	-0.047	-21.263	-0.429	-5.491	-9.271	2.930	4.131	-2.779	-14.213	-5.329	9.267	0.215	12.825	3.795	5.749	9	ScrambledFaces
-10.043	9.570	-3.545	-8.220	2.717	1.430	-0.219	-2.241	0.566	6.058	0.377	3.519	0.639	3.337	-7.825	4.791	5.617	5.866	3.618	7.846	5.473	-2.565	0.288	2.247	-3.204	-6.654	-3.926	-2.223	9	Cars
4.679	10.743	6.833	0.058	-1.155	1.880	-9.611	-6.305	-9.549	-6.736	-1.076	-2.205	-2.358	5.349	9.250	7.364	4.215	-3.604	6.391	10.643	5.050	6.486	-3.504	-6.500	-6.311	-6.259	-2.913	-5.680	9	Cars
-1.288	-2.981	-3.307	-9.475	-1.581	-9.205	-2.654	3.613	3.089	-3.113	3.097	10.474	-5.546	-7.029	-14.894	-4.951	0.216	-14.482	-3.385	-0.995	-5.997	-7.729	1.421	4.861	6.234	17.937	5.312	11.733	9	ScrambledFaces
-16.257	-6.307	1.854	-10.705	-7.945	6.053	4.114	8.895	14.286	8.261	21.389	15.840	-7.106	-20.845	-12.498	-13.275	-7.062	-3.488	2.328	-16.328	-17.898	-4.689	-7.309	-8.200	7.308	15.042	5.067	13.188	9	ScrambledFaces
-5.356	-6.671	3.277	-8.180	-7.416	-3.351	-2.188	2.205	0.979	2.945	7.536	8.872	-1.875	-1.879	5.738	-8.556	-3.342	5.176	-4.916	-7.027	-6.876	-6.040	-0.106	-7.853	3.329	5.077	-0.052	5.732	9	Faces
5.470	5.221	3.075	0.266	0.992	-5.146	-1.172	-5.516	-5.913	-9.085	2.117	-0.868	2.994	-2.548	-2.309	1.205	7.180	6.027	1.986	-1.707	-0.053	9.212	0.357	0.891	-0.890	-3.102	1.416	-3.178	9	Cars
-0.403	0.799	0.529	6.014	-1.303	4.230	1.720	-0.040	1.689	9.916	3.190	1.489	-4.745	-2.535	-0.088	-4.788	-2.956	-0.382	-6.493	-2.539	-2.470	-6.901	-2.480	-0.744	-0.263	4.850	-0.250	1.129	9	ScrambledFaces
-6.104	0.753	0.472	4.476	-2.784	6.082	4.290	2.007	-0.827	6.838	8.805	1.073	-5.567	-6.864	-2.830	0.305	-4.658	0.298	3.012	1.472	-5.079	-0.846	-1.107	-2.847	-0.818	-3.552	-7.578	2.682	9	Cars
-21.701	-4.324	-4.017	4.502	-2.944	-5.526	3.366	2.273	6.200	-0.097	16.373	12.017	1.735	-3.984	-8.355	-0.472	-3.999	-5.849	-6.597	-2.036	-3.892	-7.667	0.805	-3.040	11.083	3.623	2.406	10.056	9	ScrambledFaces
-1.371	3.397	0.797	-2.070	0.806	-2.083	-5.064	1.048	1.416	2.585	2.988	3.940	2.516	-1.240	-9.292	5.288	1.906	0.377	-0.776	4.025	1.423	-2.114	-6.492	0.142	-2.608	2.185	-3.129	-0.413	9	ScrambledCars
1.287	7.585	1.013	10.445	1.062	7.138	9.882	-1.934	-0.755	6.431	-0.279	0.751	-4.882	-2.003	-5.666	5.355	1.346	10.279	0.232	2.263	0.996	-0.737	-5.645	-5.424	4.442	-2.906	-9.599	-5.791	9	Faces
-14.730	0.867	-5.105	-8.676	-7.154	-8.660	1.971	3.854	9.536	20.784	17.046	9.357	-2.333	-12.529	-23.413	-15.315	-5.136	10.377	-8.794	-15.000	-12.653	-11.767	0.283	6.026	12.021	9.893	1.989	14.943	9	ScrambledFaces
7.882	-6.163	1.064	2.102	3.432	5.543	2.597	-4.065	-5.318	8.224	-5.526	-5.833	3.106	5.938	4.574	1.031	-0.321	-2.613	-4.695	4.440	6.192	0.189	-4.239	-0.704	-3.666	0.787	0.453	-2.988	9	ScrambledCars
0.042	-3.549	2.800	-2.977	-0.903	1.810	-5.326	4.552	2.349	8.868	8.219	5.615	-8.870	-10.354	-2.702	-9.510	-3.679	-10.011	-5.091	-6.350	-8.352	-6.826	0.933	0.625	0.269	4.415	-0.592	7.632	9	Cars
-2.651	2.576	6.438	-3.381	-3.228	-0.989	0.669	7.335	4.638	9.068	-0.444	7.295	-6.165	-5.565	5.264	-3.603	0.533	4.019	-6.720	-4.617	-4.324	-8.749	-4.424	-4.812	-4.737	-4.435	-2.753	-2.155	9	Cars
-14.775	2.337	-3.303	2.454	0.228	-0.761	1.207	8.178	9.850	12.992	12.481	16.542	2.803	-2.937	-11.230	-7.514	-10.295	-10.135	-7.379	-6.567	-6.143	-11.951	-14.965	-5.768	0.045	8.091	-0.777	13.596	9	ScrambledFaces
-5.018	-1.794	-2.619	-0.693	-1.029	5.600	3.399	3.569	2.375	0.606	2.032	5.917	1.428	-1.767	-10.487	3.120	2.491	-5.495	-8.522	1.511	0.559	-0.337	1.657	0.053	-2.790	1.348	5.987	8.263	9	Cars
-2.204	-1.426	-0.381	10.622	-0.695	1.962	-1.458	0.328	-1.215	6.284	-0.845	1.545	-0.267	-5.923	-2.067	-0.632	-4.367	8.989	0.696	1.197	-3.773	-0.379	-1.429	-4.976	-1.734	-0.754	-2.244	3.234	9	Cars
2.015	5.597	1.839	5.274	4.400	0.323	-0.114	-0.801	-2.373	-4.703	-0.220	-3.866	-2.280	0.651	-3.971	3.851	-3.905	31.502	-2.898	3.696	2.233	-8.838	-7.224	-2.581	-8.884	-4.831	-3.724	-2.636	9	Cars
-1.232	-12.560	-1.396	-4.906	-2.421	-3.560	2.653	6.581	4.273	-21.899	7.036	4.395	1.219	-0.924	-0.098	-5.764	0.276	-1.285	-0.930	-2.169	-4.288	2.457	-2.059	-1.860	1.061	3.156	6.759	8.004	9	Cars
-8.876	-4.388	3.064	-0.588	-6.271	-6.108	-3.902	3.669	1.973	3.290	2.981	3.451	-1.542	-6.444	1.352	-3.349	-1.065	-2.438	5.909	-5.834	-7.484	-6.580	1.124	-2.529	1.280	6.701	-4.174	8.547	9	Faces
4.084	-4.526	8.175	-2.088	-0.018	1.409	-3.137	1.732	5.307	7.002	5.079	7.586	-11.306	-13.222	-9.855	-7.273	-2.501	-4.875	-8.068	-7.336	-11.505	-6.576	-2.417	-8.401	5.480	10.800	-1.754	7.646	9	ScrambledFaces
-13.525	8.187	-1.441	-2.014	-3.189	-0.547	12.029	7.471	8.132	21.987	7.292	14.419	-0.910	-4.959	-8.563	-6.582	-10.417	-2.060	-17.094	-6.731	-8.242	-17.760	-12.615	-5.264	1.916	14.271	2.585	8.614	9	ScrambledFaces
-12.929	-0.368	-1.261	-2.325	-3.835	-0.433	-2.006	5.489	13.670	13.385	14.935	15.235	-5.084	-10.309	-12.916	-10.524	-8.448	-3.454	-14.391	-11.481	-10.010	-13.492	-4.830	-3.239	6.800	15.167	0.815	10.303	9	ScrambledCars
6.096	8.723	7.196	10.613	-0.203	2.164	-2.750	-2.207	-8.103	9.452	-6.492	-8.945	-8.151	0.878	9.417	7.131	5.908	-5.115	8.055	5.684	3.312	1.898	3.212	-5.739	0.166	-16.161	-7.669	-7.648	9	Cars
-5.813	-12.590	-4.639	4.059	7.742	1.596	8.334	0.725	0.816	2.831	6.237	7.474	8.898	6.658	-0.857	-0.566	-5.463	-7.206	3.754	0.637	1.422	-5.057	-6.411	-0.424	-6.077	2.271	2.940	4.884	9	Cars
-17.651	0.969	-5.416	0.131	-2.696	-0.877	0.372	10.274	11.725	11.791	12.728	15.508	-8.619	-10.996	-1.637	-8.518	-10.108	-7.453	4.451	-5.942	-5.917	-8.445	-8.608	-6.348	6.687	8.869	3.761	7.792	9	ScrambledCars
-4.246	2.581	-2.264	0.389	-0.338	-3.565	-4.939	-1.453	-1.959	-9.023	4.031	5.042	-4.498	-0.805	-12.819	-0.723	-3.666	1.487	7.235	3.647	0.023	-11.303	-6.039	3.101	-1.475	8.476	0.564	10.481	9	ScrambledCars
10.038	1.080	5.538	1.392	-1.183	2.755	-5.176	-0.772	-0.081	11.322	2.359	5.453	-11.834	-4.224	-15.629	-0.184	-5.184	-3.814	-9.075	-4.050	-3.629	-6.828	-3.154	-8.200	6.986	6.830	-5.584	7.496	9	ScrambledFaces
2.569	3.183	9.418	-0.066	3.409	1.156	4.563	1.686	-1.739	-14.832	-6.158	0.270	1.884	-1.010	7.079	4.202	4.244	3.898	-14.252	-1.290	0.022	-1.539	-1.244	-4.953	-11.452	-8.597	-2.933	-3.399	9	Faces
3.983	6.191	2.385	0.148	4.969	-2.595	0.206	-5.096	-5.542	-6.103	-0.671	-6.740	1.596	6.547	4.298	9.596	10.521	7.644	12.891	8.229	8.378	9.892	-4.092	-2.410	-9.293	-7.283	-5.482	-9.320	9	Cars
-3.450	-11.156	-4.531	3.899	-10.169	-10.203	-5.409	-1.020	3.373	13.981	3.576	14.006	-1.626	-3.978	-7.935	-12.638	-8.027	-8.838	-2.566	-9.611	-8.446	3.003	-4.166	5.162	7.415	19.190	9.459	12.597	9	ScrambledCars
-5.914	1.763	2.299	8.521	2.821	6.106	-2.868	0.127	-1.532	-8.645	-3.776	-5.429	-9.549	-8.361	5.423	6.488	4.756	7.412	-0.401	4.685	0.743	8.475	-2.298	1.289	-3.551	-1.619	-6.898	-4.553	9	Cars
-10.194	-8.441	-7.066	3.699	-2.985	-4.136	3.182	-3.154	-2.078	1.606	1.467	2.811	13.142	7.796	8.471	-0.193	-5.647	-10.880	2.609	2.474	4.073	-2.728	0.554	4.824	4.267	10.139	10.764	3.322	9	Faces
9.126	5.503	3.616	2.307	2.428	2.713	-13.499	-1.298	-6.131	8.586	-1.737	-0.683	-0.710	-0.549	0.264	6.101	3.368	2.113	10.740	6.398	1.455	-2.156	0.612	-10.712	-6.200	-3.304	-2.416	-3.702	9	Cars
-0.584	-3.650	-3.140	6.204	0.027	-1.992	1.835	1.810	3.318	8.061	-0.813	2.265	2.586	-1.832	-3.492	-3.548	-7.207	-3.346	0.175	-8.071	-3.035	-3.250	0.119	-3.144	5.818	7.769	3.255	6.451	9	Faces
-9.304	0.469	5.437	1.519	1.468	7.311	9.482	4.882	6.418	12.908	7.466	6.183	-1.988	-0.895	-10.338	-1.216	-3.263	-11.740	-11.280	-4.354	-4.751	-11.365	-9.123	-15.309	-2.875	-1.119	-6.647	12.065	9	Cars
4.036	-1.982	2.969	8.096	1.439	1.391	-5.391	-8.151	-0.653	-7.470	-6.697	-0.221	1.274	4.097	-3.594	3.658	-3.293	6.242	7.856	2.019	4.828	2.349	-2.756	3.765	-1.603	-3.603	0.615	-1.120	9	Faces
-5.910	-7.763	-4.515	-0.724	-7.637	-4.886	0.099	2.046	6.578	12.374	14.641	13.837	-3.557	-8.344	-21.125	-9.629	-9.688	-16.352	-9.333	-7.793	-8.645	-6.970	-4.127	7.686	12.680	17.728	11.559	15.020	9	ScrambledFaces
-5.112	-3.243	10.422	0.075	-5.452	-1.009	-7.752	4.830	6.328	-9.910	6.347	4.748	-11.848	-13.342	2.475	-8.558	-4.643	3.705	-5.295	-8.217	-11.056	-7.635	-5.078	1.275	-1.231	2.689	3.974	6.284	9	Faces
-8.789	6.119	0.080	4.907	-4.453	-3.365	-3.103	7.481	9.651	4.663	4.430	1.657	-12.310	-10.695	-3.690	-5.106	0.808	9.870	-10.237	-7.565	-11.506	-0.295	3.328	-5.346	1.209	5.967	-4.592	5.868	9	Faces
-1.318	-0.213	1.130	5.355	-4.767	-6.128	-2.876	1.652	-0.507	9.698	-3.269	4.460	-2.966	-4.090	-3.354	-3.771	0.284	10.885	8.536	-5.563	-4.818	-5.383	-2.239	2.129	2.223	-0.009	2.499	3.420	9	Cars
-1.261	-5.852	1.100	0.773	1.131	6.058	6.541	8.976	7.207	5.488	10.131	4.283	-7.032	-3.879	-7.933	-4.126	2.562	11.115	-5.579	-2.626	-4.238	-17.680	-8.059	-10.235	1.146	1.094	-7.352	1.578	9	ScrambledFaces
2.580	-2.498	1.746	6.451	-2.522	-0.041	-5.401	-0.907	2.182	-2.659	-0.191	7.075	-0.442	-6.814	-8.330	-0.497	-5.410	0.824	5.567	-3.089	-4.086	6.293	1.353	-0.207	-2.899	-1.731	3.372	6.049	9	Cars
-15.125	1.394	-6.331	-3.720	-2.782	0.401	-0.300	5.467	10.549	10.645	15.442	9.631	-4.769	-8.029	-7.589	-6.618	-6.054	-3.648	5.712	-4.308	-6.367	-9.230	-3.809	-5.338	3.703	13.641	2.309	6.433	9	ScrambledFaces
-12.306	-4.805	-3.631	-5.803	-1.005	-6.970	-2.504	-0.355	0.581	-2.958	7.275	9.926	-2.731	-0.185	-9.965	-2.113	-2.582	-4.498	-0.069	1.457	-2.104	-3.118	-6.569	-1.604	6.867	10.796	7.032	11.052	9	ScrambledCars
7.209	2.117	3.276	-3.729	2.248	4.313	1.357	-1.042	-4.734	1.014	-3.487	-0.025	1.452	1.296	0.890	-1.757	2.958	0.232	-10.035	-4.154	-0.689	3.049	-2.134	-10.628	-3.808	1.199	-2.018	1.740	9	Cars
2.363	-3.103	-1.307	-4.768	-4.533	-4.303	-2.427	4.072	4.204	-10.594	1.800	2.931	-2.633	-5.467	-10.241	-3.533	-1.280	-2.164	0.084	-3.668	-4.570	-0.655	0.413	1.962	2.584	6.880	3.564	6.819	9	ScrambledFaces
-4.127	3.366	4.723	-4.773	0.408	-2.134	-6.950	-2.574	-7.179	-14.187	-1.534	2.715	-3.535	2.753	11.092	2.028	1.136	8.376	0.428	3.114	0.003	-0.433	-2.165	-7.502	-6.145	2.996	-3.221	2.292	9	Cars
-9.121	-1.386	0.007	6.222	-4.614	-3.987	-2.937	0.344	-0.455	-1.117	5.796	1.607	-6.680	-8.429	5.044	-4.362	0.525	4.009	14.758	-1.838	-2.621	-1.057	-2.355	0.210	1.358	1.024	-1.214	1.705	9	Cars
-8.795	-12.340	-8.437	-16.719	-9.455	-4.835	1.514	2.853	5.391	9.883	9.556	13.592	-1.828	-9.680	-18.356	-11.805	-8.935	9.608	2.297	-11.990	-9.739	-2.148	3.826	-2.137	7.595	18.209	9.931	17.160	9	ScrambledFaces
-5.176	-6.851	0.628	10.811	4.848	1.446	1.672	-0.454	-2.599	-3.986	-4.877	1.217	-6.210	-1.142	1.858	0.165	-1.571	8.475	-8.433	-0.698	-1.599	-3.416	-4.439	0.480	2.094	1.582	8.798	2.864	9	Faces
-2.435	-6.848	1.655	-3.295	-4.326	2.550	1.147	9.674	9.195	6.644	15.485	9.260	-12.632	-11.000	-13.970	-8.815	-10.097	-4.013	-5.470	-11.007	-14.083	-12.688	-3.348	-0.006	7.316	9.271	-5.640	11.524	9	Faces
-1.164	0.348	4.599	-6.403	-0.468	3.468	0.159	4.310	7.110	4.951	1.919	2.471	-10.107	-9.282	-6.833	-2.135	-2.005	4.161	-2.835	-1.183	-5.638	-8.144	-2.211	3.880	1.086	4.661	1.391	2.109	9	Faces
-9.207	-0.891	-6.628	4.733	3.566	-0.770	5.697	5.524	10.156	19.444	4.092	11.617	0.558	-5.727	-17.863	-4.885	-8.663	-1.042	-15.204	-3.540	-3.066	-9.472	-6.840	-1.780	-0.704	9.149	3.511	11.048	9	ScrambledFaces
2.489	0.259	1.793	-5.875	-1.712	-4.202	-0.380	-6.626	-8.732	-3.056	0.347	-2.905	4.454	2.209	-3.945	5.886	2.876	6.950	8.079	1.733	5.701	4.567	1.867	-2.028	0.006	-2.323	0.859	1.870	9	ScrambledCars
-11.827	3.898	-1.166	11.625	3.490	6.724	0.839	-1.055	2.349	-4.365	4.654	6.524	-0.012	-1.201	-2.701	-1.708	0.089	-5.361	-2.206	-0.557	-0.201	-12.067	0.450	-1.259	-2.482	-3.085	-2.672	4.949	9	Faces
-15.920	-2.596	-17.796	-2.030	3.353	-2.565	7.619	5.134	12.525	16.346	16.148	19.702	10.705	6.199	-18.840	-7.894	-14.654	-23.824	3.273	-2.852	-2.708	-7.865	-9.043	-1.502	8.930	19.769	16.123	16.341	9	ScrambledFaces
-7.415	1.292	-5.975	8.896	-0.919	-0.423	1.299	-0.107	4.602	-2.274	6.860	6.043	0.632	-2.922	-3.308	-0.909	-3.563	5.779	6.302	1.421	-1.763	-0.459	1.347	-6.466	-1.081	4.571	2.019	2.757	9	ScrambledCars
-21.906	-7.557	-4.008	-4.137	-1.019	-3.776	5.324	3.729	8.500	20.131	9.311	7.194	-2.871	1.207	-10.199	2.047	-3.577	12.301	-5.059	-0.682	-6.478	2.363	-6.548	2.647	-2.290	1.617	0.612	4.203	9	Faces
4.175	11.411	2.751	4.202	4.126	2.094	-0.562	-3.899	-2.165	-9.971	-4.733	-3.866	-1.144	1.063	-1.664	10.536	12.368	-7.242	11.267	5.783	5.897	2.408	2.749	-3.228	-2.312	-3.482	-0.938	-7.113	9	Cars
5.191	2.329	3.258	-3.498	2.504	-2.611	-1.601	-1.374	-6.332	12.728	-3.938	-2.770	1.995	4.214	7.094	2.030	-0.915	-4.065	-2.297	6.142	2.396	4.856	-2.694	-9.115	-6.652	-4.601	-0.858	-1.546	9	Faces
-27.257	-14.949	-7.714	-7.970	-5.288	-3.562	5.047	14.095	16.530	11.732	25.471	20.570	3.087	-4.528	-12.369	-10.529	-15.916	-13.545	-12.861	-10.118	-9.225	-10.682	-16.041	7.067	4.881	11.730	10.960	16.072	9	ScrambledFaces
-15.242	-8.027	-6.235	-1.639	-5.737	-3.528	1.719	-1.116	2.937	17.402	8.816	13.542	6.359	-2.745	-10.530	-10.544	-6.149	8.197	1.993	-9.738	-5.684	-4.999	-5.677	1.023	6.291	9.205	9.344	11.685	9	Faces
-8.397	0.278	-3.543	-5.448	-2.662	-4.119	0.813	0.791	1.129	0.065	4.201	9.697	-2.141	2.384	-3.796	-8.159	-9.189	-4.090	-7.189	-6.095	-6.288	-3.690	-3.097	1.397	8.425	8.902	1.443	10.746	9	ScrambledCars
2.880	2.529	1.949	3.794	-0.702	-3.205	1.070	0.400	6.007	4.865	9.558	-0.070	-5.419	-1.705	-5.309	-1.218	-0.146	7.992	-2.904	-5.761	-1.554	0.228	-0.351	-1.328	-2.180	-0.966	-5.185	-1.766	9	Faces
-19.881	-17.495	-10.990	-1.352	-0.494	-7.086	5.108	0.268	6.175	10.580	5.032	12.630	2.209	-0.860	-10.425	-6.048	-5.002	3.525	0.932	-3.974	-4.997	-3.183	-0.123	2.469	9.664	13.573	8.764	10.892	9	ScrambledFaces
-8.955	-1.496	-7.277	-10.116	-5.345	-6.683	0.161	11.910	9.395	11.328	15.093	15.856	-3.743	1.827	-17.437	-6.047	-0.317	-11.830	-10.365	-2.513	-5.774	-5.059	-8.732	2.229	1.193	5.835	-1.327	10.210	9	ScrambledCars
4.901	9.742	7.031	7.903	6.135	6.266	-2.898	-4.403	-8.275	-2.027	-2.735	-3.650	-14.557	0.515	9.828	8.150	0.572	2.376	1.774	8.574	4.063	-1.806	-2.849	-4.645	-7.703	-3.681	-5.060	-6.842	9	ScrambledCars
0.262	7.881	0.959	4.310	1.897	5.084	1.902	-3.982	-4.692	-9.497	-5.910	-0.272	-4.247	-1.052	3.093	4.137	-1.073	-2.517	0.927	1.556	0.951	6.201	1.062	-1.314	0.592	4.367	-0.158	1.958	9	ScrambledCars
4.998	-2.416	6.564	-2.089	-3.951	-1.220	-9.753	-3.461	-7.818	-7.832	-7.529	-1.941	-3.896	-4.362	-0.074	2.039	7.477	9.057	2.148	7.355	1.782	-0.958	-0.479	2.674	-0.488	1.847	-6.110	2.836	9	Faces
-8.140	4.815	-3.526	1.355	4.872	-1.642	2.308	-0.306	5.860	9.846	6.777	0.178	-4.121	-2.869	-15.946	1.591	-5.476	-7.444	-0.260	1.089	-2.153	-5.692	-1.611	2.301	7.797	7.537	4.375	7.531	9	ScrambledCars
-5.524	4.472	-2.841	6.602	4.078	0.659	4.470	-8.257	-1.442	0.258	-11.015	0.930	-2.043	4.490	4.317	5.022	0.989	13.654	0.404	1.756	4.736	7.244	4.918	0.222	1.385	-1.235	-3.594	-5.711	9	ScrambledFaces
-6.246	-16.874	-0.438	-4.981	-4.023	-1.593	-0.695	7.354	9.793	3.485	13.786	18.669	-8.263	-14.768	-16.748	-15.398	-10.367	2.459	-0.532	-16.806	-18.433	-7.170	-3.710	-5.368	12.613	12.053	1.548	15.869	9	ScrambledFaces
-2.319	4.876	0.773	5.903	1.195	2.449	1.330	5.011	1.321	-6.864	0.976	3.047	-12.051	-8.998	4.266	1.312	0.152	-14.132	-1.814	1.601	-3.888	-3.666	1.273	-3.567	3.391	6.768	0.087	0.280	9	Cars
15.871	9.124	1.474	5.110	8.909	5.166	-1.193	-1.895	-5.761	-3.241	-3.754	-0.583	-3.637	-1.533	-13.836	10.198	3.301	0.764	34.195	8.740	3.800	-4.220	-6.455	-7.634	-10.372	-8.104	-5.651	-6.383	9	Faces
-10.700	-4.815	-6.195	-2.193	-4.170	-2.202	0.380	-1.862	2.237	5.501	7.854	9.915	2.064	-3.412	-19.902	1.110	-0.892	1.963	-0.738	1.956	-1.185	-3.489	-2.775	4.249	5.441	12.120	11.042	9.379	9	ScrambledCars
-21.582	-14.833	-3.480	-8.562	-11.488	-8.438	3.263	9.360	14.678	8.388	15.949	24.821	-5.717	-10.588	-12.880	-15.609	-15.189	0.576	-9.238	-14.286	-12.737	-8.786	-9.246	-2.020	10.545	15.223	9.468	20.486	9	ScrambledCars
-3.069	-0.504	-1.839	-10.934	-3.180	-3.760	-0.510	-0.023	-0.322	6.419	2.224	1.987	7.550	5.179	-7.341	5.067	3.535	9.761	-7.436	-0.011	1.989	3.653	2.595	1.366	-2.484	-0.445	6.980	1.260	9	ScrambledCars
-4.916	-12.311	-4.906	1.759	2.176	0.145	-1.661	0.198	2.554	6.196	0.317	6.573	-2.309	-0.628	-7.445	-0.755	-7.369	-6.271	-3.860	-1.628	2.193	-6.029	1.693	0.901	10.027	11.759	9.436	11.763	9	ScrambledFaces
-1.453	18.194	-1.962	8.892	4.925	4.399	5.138	-3.122	-1.066	-1.361	-2.145	2.301	5.757	0.689	-1.053	1.374	-3.715	-9.680	16.348	1.362	2.198	-4.258	-4.728	-1.417	0.064	-3.287	-8.574	-2.058	9	Faces
-18.406	-15.105	-11.065	-0.345	-1.657	-0.062	7.524	6.478	12.517	17.171	13.775	12.548	7.210	1.539	-15.948	-1.751	-6.432	-15.478	-12.013	0.574	0.705	-2.779	-4.171	3.651	6.273	6.089	5.660	11.207	9	Faces
-6.521	8.078	0.657	4.134	2.551	0.300	-3.713	1.105	3.534	11.164	2.311	8.708	3.625	-5.425	-11.660	1.687	-6.250	-6.783	-1.627	2.158	-4.535	-6.840	-8.071	2.546	-0.954	3.400	-1.089	3.413	9	ScrambledFaces
-3.540	4.619	-0.769	3.249	-4.258	-4.056	1.211	-5.759	-6.005	-0.716	-5.685	3.704	6.482	3.206	-7.847	7.062	7.050	4.300	13.503	5.397	5.008	3.744	-1.788	1.393	-3.531	-5.026	-0.392	0.853	9	ScrambledCars
-15.782	-7.581	-11.201	-11.924	-4.201	-3.955	4.163	3.164	9.552	16.200	16.904	19.035	-0.904	-5.179	-34.009	-5.620	-9.293	-1.460	-5.470	-10.521	-8.886	2.603	-8.326	13.487	13.230	17.184	10.776	16.680	9	ScrambledFaces
5.558	-1.871	-6.334	1.274	14.755	3.098	8.311	1.368	5.301	4.832	7.796	6.800	7.094	5.163	-9.197	-2.803	-6.732	-13.638	5.343	1.339	8.966	-10.786	-8.547	-7.493	-6.875	1.767	-6.443	3.978	9	Cars
-12.725	-3.275	0.784	-9.312	-2.743	-1.027	-1.306	5.437	6.754	8.858	10.097	8.527	-1.379	-9.132	3.110	-12.535	-5.161	8.405	-6.730	-7.915	-9.662	-9.662	0.517	-5.945	2.451	5.453	5.014	8.033	9	Faces
-7.417	-6.537	1.678	0.948	-6.261	0.962	-0.665	-0.771	1.686	11.687	3.902	5.220	-4.370	-5.527	-5.514	-9.208	0.063	13.464	-0.711	-6.261	-9.525	-3.335	-1.897	-6.998	1.856	3.353	2.361	7.883	9	ScrambledCars
5.446	1.875	0.992	2.529	1.418	1.574	2.893	3.723	-3.998	-8.574	2.019	-4.069	-7.690	-5.649	-2.156	5.608	11.372	-1.716	32.779	3.565	-4.670	-0.200	3.179	-3.439	-4.607	-5.680	-5.928	-4.910	9	Faces
-2.299	4.597	5.457	6.427	-0.627	5.520	-1.970	0.372	2.897	-5.781	0.807	2.534	-10.065	-7.436	4.666	-6.258	-5.115	-0.744	-20.947	-9.971	-11.252	2.084	1.262	-3.198	4.157	6.641	0.400	3.339	9	Faces
8.614	-1.705	4.402	-0.050	-2.130	-2.752	1.079	3.798	2.649	11.156	4.813	2.445	-0.986	-0.187	-6.871	-2.269	-4.781	-5.167	-12.943	-3.755	-4.393	-4.136	-2.061	-1.170	-2.631	0.694	1.363	4.679	9	Cars
-0.248	6.265	1.163	0.850	-1.144	-0.056	-3.362	0.164	-0.165	5.365	-1.129	-2.157	-1.030	3.173	11.784	1.738	-1.609	-1.583	-3.684	1.231	2.661	-0.829	4.941	-4.683	-3.985	-2.219	-6.416	-4.222	9	ScrambledFaces
0.763	12.261	1.572	-2.187	-0.489	-3.242	-2.188	-1.474	0.821	-23.648	-1.846	-8.671	2.508	8.869	6.101	8.804	6.942	2.556	3.969	8.263	9.185	2.685	6.971	0.317	-9.517	-10.372	-0.779	-4.336	9	Cars
1.234	3.965	2.131	2.282	-0.078	0.228	-2.341	-1.567	-5.878	-10.571	-2.674	6.547	1.324	-2.643	5.136	-2.993	-4.519	2.510	-1.547	-5.484	-2.787	-2.619	1.147	2.774	4.568	1.190	7.370	3.587	9	ScrambledCars
-6.142	-3.784	-0.211	-2.656	-4.160	-3.035	0.099	2.873	2.455	31.026	3.988	7.020	-1.165	-8.858	-8.120	-6.413	-0.999	1.622	1.462	-5.826	-7.641	-7.819	0.088	-8.272	4.659	8.313	1.133	8.731	9	ScrambledCars
-6.792	-6.233	1.011	-7.285	-4.764	-3.449	-6.217	-4.602	-4.865	-8.471	-6.562	1.140	-9.386	-4.465	6.675	0.425	4.565	4.833	12.465	-0.757	-2.461	1.995	9.340	4.228	8.945	9.345	3.021	1.759	9	Faces
4.812	2.440	3.566	10.667	1.625	6.898	-2.791	-1.668	-3.870	-11.406	5.966	3.376	-10.942	-5.970	5.333	-1.624	-0.700	-8.861	-0.750	-0.055	-1.482	-1.914	0.944	-5.462	-0.448	0.276	-0.173	-0.412	9	Faces
-18.622	-2.833	-13.620	-2.969	-4.481	-8.092	2.479	2.056	7.998	5.957	9.698	8.973	2.378	-0.758	-10.947	-5.725	-6.437	19.104	-5.318	-8.152	-5.646	-2.744	4.740	4.235	8.349	16.668	7.376	10.473	9	ScrambledCars
3.648	2.274	8.995	-8.639	-2.392	-3.378	1.108	4.741	6.378	3.517	7.099	8.085	-12.498	-11.272	-4.303	-7.693	-8.301	-2.793	-19.966	-11.073	-10.138	-4.657	-5.537	-10.169	6.262	9.564	3.727	5.725	9	ScrambledFaces
-5.346	7.587	0.142	-1.771	0.036	3.638	1.382	-2.311	1.338	-1.231	3.451	7.674	-1.297	0.737	-5.722	-2.865	-0.622	-5.463	-10.288	-0.964	1.159	0.524	-4.639	0.776	-5.390	-0.818	3.347	4.325	9	Faces
-11.868	-3.066	-2.373	-8.210	-0.116	-0.055	7.560	6.132	7.486	13.477	12.926	4.701	-1.766	-6.901	0.181	-7.282	-5.049	-8.120	-13.791	-8.539	-5.418	-3.416	-4.716	1.102	3.867	13.209	6.582	5.300	9	Faces
-4.870	-8.726	-4.773	5.877	8.595	3.739	7.119	10.729	7.280	8.167	7.825	14.795	7.288	0.176	-1.531	-3.942	-14.398	-19.835	-12.077	1.350	2.377	-17.356	-11.759	-3.542	-0.921	3.399	5.652	8.810	9	ScrambledCars
-11.783	-7.680	-6.718	-5.880	-7.314	-7.497	-2.762	0.007	4.668	-15.212	12.100	19.037	-7.708	-6.618	-22.175	-6.226	-7.423	-2.513	-7.875	-3.871	-7.788	-2.841	-1.433	5.762	13.426	18.569	11.042	17.056	9	ScrambledCars
-13.967	0.019	-4.309	-2.854	1.008	3.768	4.228	6.454	7.450	0.782	2.646	2.423	-4.413	-4.623	-4.875	4.640	-1.686	-0.382	-5.390	-0.396	-4.667	4.954	-0.388	2.799	1.605	4.865	0.190	1.999	9	ScrambledFaces
-4.668	1.739	-8.900	-0.561	0.230	-4.267	-2.373	-4.408	0.296	8.451	3.037	3.275	2.916	1.089	-16.070	1.524	-2.008	1.711	4.415	3.384	1.119	2.957	-1.463	4.784	6.960	9.774	8.528	3.936	9	ScrambledCars
0.712	8.036	4.814	2.222	0.024	-0.301	-7.090	1.441	-2.476	-9.395	-0.373	0.888	-13.681	-6.776	4.456	0.383	4.321	1.945	0.666	-4.971	-6.942	-0.701	3.283	-5.889	-5.904	2.694	-1.655	-1.314	9	Cars
0.006	-0.935	-5.264	-0.532	7.010	-1.418	3.317	-5.667	-3.532	-7.892	-7.275	4.336	2.930	8.733	1.324	6.725	-1.610	-2.879	11.382	12.125	9.529	-1.308	3.397	5.489	1.315	-1.929	-2.891	-3.377	9	Cars
-13.361	-7.487	-1.702	-8.235	-9.109	-3.134	2.387	10.119	15.963	-0.462	6.978	15.367	-3.863	-10.472	-13.366	-11.935	-1.566	-1.774	-4.437	-10.075	-11.427	-4.813	-5.997	-6.351	6.861	12.403	1.969	14.561	9	ScrambledFaces
-24.334	-13.236	-7.819	-0.126	-2.842	-2.361	3.686	6.927	9.989	16.797	12.689	13.216	4.195	-4.932	2.420	-13.702	-13.892	1.482	-9.341	-12.805	-8.101	-9.451	-5.519	-1.167	10.284	14.237	8.496	13.650	9	ScrambledCars
-11.490	-3.409	-1.806	-5.635	0.828	1.242	-1.349	1.876	0.413	-11.848	-2.583	1.559	1.191	-1.237	-3.140	0.764	-2.354	8.137	-4.581	-1.475	-0.404	6.116	0.466	2.399	-0.366	-0.671	6.051	11.758	9	Cars
6.070	3.303	9.196	5.049	-2.465	2.599	-1.055	-2.197	-6.176	-3.001	-9.260	-6.304	-2.480	-7.680	14.671	-2.484	-1.536	15.718	-6.862	-3.481	-2.271	2.094	-1.447	-5.890	-3.200	0.749	-2.682	-1.918	9	Cars
-11.553	-6.261	0.990	-1.821	-9.587	-2.909	-3.317	6.432	9.769	-2.403	12.807	11.255	-12.531	-12.533	-6.173	-4.789	-4.309	-10.218	7.805	-8.684	-12.503	-7.197	4.521	-0.579	14.614	10.138	6.770	8.290	9	ScrambledFaces
-3.570	-1.546	-2.009	-7.127	2.100	1.527	-2.312	2.755	4.728	-11.418	11.180	9.468	-5.510	-2.875	-11.484	-2.524	-1.718	3.272	-11.729	-4.874	-5.616	0.249	-3.033	-4.549	5.999	9.577	-2.402	6.477	9	ScrambledFaces
-8.291	-6.525	1.583	4.709	-1.163	-3.008	-4.198	3.515	1.673	5.610	13.937	10.735	0.451	-0.489	-0.358	-7.684	-8.742	-8.554	7.573	-8.780	-6.868	-9.661	-7.966	-2.597	-2.410	-4.230	-6.898	6.837	9	ScrambledCars
-8.204	-5.583	4.318	-7.413	-4.306	0.513	-4.295	7.187	7.599	-2.375	16.517	13.825	-8.110	-14.694	-4.315	-12.824	-5.144	0.328	-23.576	-10.320	-14.130	-13.738	-1.949	-4.724	15.185	14.680	0.376	10.555	9	ScrambledFaces
-6.080	-0.082	1.205	2.034	-1.680	-1.097	-3.324	4.246	4.682	11.587	5.987	11.332	-10.027	-12.208	-10.159	-10.809	-12.771	-10.178	-2.945	-10.747	-9.575	-11.199	-8.895	-4.083	5.869	13.962	4.386	15.694	9	ScrambledFaces
-6.552	0.283	0.804	-7.280	-3.474	-0.895	6.821	7.676	11.492	4.671	9.576	20.070	-1.621	-8.523	-14.906	-11.800	-12.020	-2.644	-11.495	-17.454	-11.621	-7.231	-10.708	-8.420	1.356	11.564	8.215	15.139	9	ScrambledFaces
3.386	8.407	4.786	-1.921	3.434	2.247	-2.717	-3.220	-5.547	-10.311	-7.685	-2.071	-2.379	8.657	3.387	8.224	6.169	-1.918	11.082	10.375	5.038	0.666	0.138	-2.075	-8.870	-11.956	-4.246	-3.434	9	Cars
-6.981	-7.307	-0.917	-7.278	-7.027	-3.296	-1.840	1.470	1.111	6.905	15.811	10.123	-8.120	-12.783	-13.376	-7.994	-1.020	1.334	-8.841	-5.443	-8.875	-2.347	-1.272	-3.290	6.786	17.000	8.058	13.563	9	ScrambledFaces
-13.879	-11.010	-3.464	2.099	-1.318	-1.970	2.777	5.455	14.655	15.779	12.431	16.435	1.857	-1.972	-16.799	-5.607	-11.993	-16.066	-15.635	-9.606	-8.301	-10.797	-3.733	2.870	10.409	13.454	4.195	14.591	9	ScrambledCars
-20.157	1.751	-7.124	1.400	-3.113	-4.064	-4.497	0.299	5.524	11.275	9.060	9.457	-3.553	-9.102	-20.753	1.942	-1.575	0.755	-5.223	-2.209	-3.049	-2.233	-2.415	-0.790	9.947	15.474	3.025	12.288	9	ScrambledCars
-15.863	-6.038	-3.076	-20.408	-1.178	-1.559	4.564	7.249	8.332	4.872	11.242	14.363	2.854	-8.963	-10.793	-9.181	-7.427	-8.649	-10.536	-10.805	-8.787	-8.431	-4.954	1.621	16.483	17.601	6.022	14.479	9	ScrambledFaces
-7.185	5.499	-2.533	12.441	-2.865	1.357	-0.193	0.172	-3.325	5.541	-0.995	1.345	1.476	-0.347	-3.596	8.866	12.074	-2.675	0.352	4.238	2.648	4.312	2.293	-1.101	-5.380	-5.645	-6.905	-2.399	9	Faces
6.701	8.257	11.253	-1.605	1.785	4.719	-11.574	0.625	-2.248	-9.363	-3.460	4.898	-9.271	-6.505	3.954	6.280	0.425	1.506	5.738	-0.892	0.329	-6.255	-0.250	-11.201	-4.254	-4.564	-9.517	-3.285	9	Cars
-7.115	4.420	1.265	-0.002	4.002	2.009	-2.487	-3.003	-0.949	0.153	-3.037	-0.672	0.574	-1.687	-3.838	6.705	-0.893	-1.573	-5.336	3.228	0.258	1.386	-0.042	-1.012	0.572	2.221	0.092	1.205	9	Cars
-12.930	-5.399	-3.291	-5.221	-2.341	-0.356	-0.061	5.249	7.944	12.047	11.263	11.973	-3.768	-7.894	-15.233	-10.067	0.075	-9.417	-9.585	-9.335	-12.986	-7.360	1.040	-5.942	12.147	12.481	1.718	14.673	9	ScrambledFaces
-6.879	-10.226	-4.908	-10.698	-5.089	-3.599	-1.511	4.004	3.294	1.997	3.527	10.909	-4.124	-7.387	-11.734	-5.370	-1.172	1.169	4.960	-4.107	-8.511	1.849	2.735	0.168	7.509	11.227	3.300	11.143	9	ScrambledFaces
1.001	2.836	2.949	-4.686	-4.566	-4.499	-3.168	4.586	5.247	-5.979	7.235	1.161	-9.929	-10.432	-3.643	-9.424	-2.700	-0.390	2.515	-12.894	-11.391	-1.726	-0.796	-5.422	7.851	10.772	0.985	7.158	9	ScrambledFaces
-13.701	-5.981	-0.131	-7.698	-7.054	-2.169	-3.673	0.963	5.429	0.785	7.075	11.120	-3.663	-6.668	-10.618	-2.139	-3.045	-5.602	-7.052	-1.640	-5.393	-0.424	0.114	1.137	14.967	9.818	-1.096	11.236	9	ScrambledFaces
-10.675	-0.040	-3.943	-2.352	1.230	-3.718	-0.473	-1.686	4.190	8.991	10.983	9.990	0.936	2.809	1.619	-3.322	-6.976	-14.052	-0.486	0.963	2.770	-3.256	-3.545	4.750	0.945	5.558	4.669	2.111	9	ScrambledFaces
-9.768	-1.642	1.324	-0.245	0.220	2.434	3.172	5.918	8.965	9.716	5.833	11.206	-1.941	-4.134	-8.246	2.609	-2.705	-11.127	0.716	-0.315	-3.875	-2.817	-2.362	-3.502	-6.939	-0.429	-3.492	6.727	9	Cars
0.341	3.546	1.169	5.836	-0.993	-1.501	0.942	-8.679	-7.531	-2.551	1.466	1.535	2.109	6.782	4.437	5.522	2.120	-4.502	8.755	4.834	4.653	-1.692	6.292	-5.679	-2.826	-0.681	-0.208	-0.579	9	Faces
-14.649	-7.482	-8.791	-6.116	2.235	-0.958	5.627	-0.324	4.520	10.277	7.870	14.137	6.080	2.539	-9.696	-9.829	-6.980	-9.568	-5.844	-5.584	-3.192	-1.228	-5.940	2.174	4.716	9.712	13.824	12.374	9	ScrambledFaces
-0.085	-1.902	2.074	7.454	-0.329	-2.182	-1.959	0.038	3.420	16.070	0.487	5.308	-3.998	-3.619	-6.229	-1.777	-9.245	-3.795	-16.066	-1.574	-5.992	-1.708	-0.458	-2.578	-2.114	5.891	-3.301	6.153	9	Faces
-1.659	-2.199	-2.376	-2.631	-1.167	-0.599	7.167	8.143	9.562	17.776	3.766	8.280	3.287	-1.928	-12.981	-1.561	-8.086	-13.306	-14.461	-1.916	-2.194	-11.179	-6.673	-2.636	-0.728	8.645	5.743	6.810	9	ScrambledFaces
-4.131	-4.830	-0.941	2.942	-6.424	-4.645	-4.046	-5.015	-5.961	-11.324	-2.141	4.779	4.070	-1.152	-9.192	1.304	3.079	3.364	4.720	-0.288	-1.463	3.121	1.784	4.468	-0.170	0.996	3.852	6.843	9	Faces
-20.015	-6.358	-3.745	-7.127	-7.388	-3.913	-0.534	7.021	9.379	4.798	13.530	15.155	-5.713	-7.900	-9.608	-11.777	-9.748	-9.708	-12.406	-13.972	-10.111	-1.605	-6.902	4.117	10.331	12.941	6.385	17.515	9	ScrambledFaces
-0.157	-3.340	-2.067	2.855	-3.651	0.338	4.209	3.384	5.189	9.768	7.380	10.554	-2.307	-3.937	-20.366	-9.080	-2.248	-6.721	-7.858	-7.907	-9.046	-5.580	-2.469	-3.698	0.637	3.704	5.316	13.554	9	Faces
-2.702	7.661	1.881	16.181	8.068	4.882	0.586	-2.904	-3.979	-12.615	0.240	-3.686	7.677	6.271	12.958	2.416	-1.320	-5.043	-2.063	8.978	7.409	1.293	-5.825	1.307	-17.202	-15.394	-8.244	-3.086	9	Cars
-2.551	8.232	0.094	-7.308	-1.860	2.726	3.365	1.822	1.182	16.461	-3.777	1.919	-1.940	-2.766	-6.402	3.344	-2.488	6.324	-0.441	1.954	1.487	-1.081	-0.927	3.411	-0.625	-4.061	0.723	-0.345	9	ScrambledFaces
2.186	4.890	0.536	-1.445	3.470	-2.542	-1.645	-6.145	-5.687	8.856	-5.211	5.986	4.463	7.650	-8.208	6.008	3.760	-4.066	-6.525	5.313	6.012	6.435	-2.474	-2.986	-8.860	-3.710	5.237	2.369	9	Cars
-19.057	-13.380	-3.671	-7.420	-9.889	-1.256	-3.669	10.121	15.422	3.733	20.161	19.148	-8.665	-14.490	-14.349	-16.494	-11.427	-0.016	3.430	-18.302	-18.429	-11.615	-3.258	-0.138	12.106	14.808	7.699	16.987	9	ScrambledCars
-3.910	-5.041	-3.048	4.314	-1.642	-2.901	-5.409	-0.594	0.519	6.017	1.344	6.236	-1.319	-7.735	-7.971	-7.641	0.446	37.407	-9.076	-8.887	-5.468	-4.758	1.411	-9.423	2.819	6.197	1.879	6.210	9	Cars
7.076	-3.670	-2.159	-3.677	2.073	0.168	0.821	-1.037	0.131	2.194	9.163	4.683	2.606	6.119	-21.786	0.706	-2.968	0.847	-6.713	0.068	2.426	-8.122	-8.506	-2.258	0.980	4.606	3.716	6.751	9	ScrambledFaces
-2.130	0.903	-2.575	2.135	2.994	1.646	4.508	4.947	4.042	3.315	4.093	3.343	5.050	2.662	-5.983	0.334	2.305	-3.396	-10.564	0.962	1.779	-2.665	-7.572	-3.807	-4.007	-1.670	6.136	1.305	9	ScrambledCars
-5.401	-2.142	-5.955	5.313	4.374	0.944	4.345	-0.109	1.344	-3.813	3.740	2.816	-4.765	0.465	0.665	-3.536	-0.916	-7.521	3.946	-2.221	0.982	-1.364	-0.885	0.622	5.048	7.676	4.042	4.373	9	ScrambledFaces
4.190	5.002	1.434	6.915	5.023	3.165	0.573	-3.321	-4.105	-7.254	-6.003	-2.842	-5.401	1.753	2.165	5.365	-1.150	7.568	-5.704	2.283	3.651	3.773	0.303	0.547	-3.197	0.080	1.476	-0.392	9	Faces
-6.180	-0.326	-5.866	-8.986	-0.255	-3.663	-1.184	-4.627	-3.003	6.315	6.305	9.621	11.216	9.472	-5.142	-0.625	-2.192	-5.993	0.303	6.680	5.505	-0.686	-1.442	3.472	-3.993	-1.514	5.695	3.201	9	Cars
2.406	-3.499	3.090	-4.702	-2.786	1.284	0.427	8.165	4.934	11.722	7.555	10.047	3.593	-5.450	-4.614	-7.426	-5.261	-2.544	-14.198	-12.269	-7.725	-9.784	-5.210	-6.542	-1.873	6.071	4.618	6.525	9	Faces
-9.268	-3.741	-3.096	-2.535	-2.196	-0.389	5.048	3.294	10.061	6.062	11.462	8.840	-3.333	-1.689	-10.423	-8.737	-7.742	-10.921	-5.748	-9.088	-5.924	-3.066	-2.834	-1.112	3.153	7.025	1.266	11.883	9	ScrambledFaces
-4.539	-2.872	5.178	-8.642	-1.608	1.338	-4.820	0.202	1.451	10.501	3.293	7.846	-4.235	-11.904	-6.416	-5.594	2.924	1.581	-5.427	-5.028	-9.004	-1.506	4.526	-2.196	1.593	1.736	3.166	5.944	9	ScrambledCars
9.267	9.199	5.912	6.688	4.496	5.437	-2.706	-0.950	-7.738	-3.779	-5.188	-7.204	-4.302	-0.180	9.575	6.404	0.558	11.031	-2.044	6.157	5.745	-0.987	1.612	-1.485	-15.770	-12.353	-5.670	-5.749	9	Cars
-15.779	-6.988	-2.065	-7.267	0.904	-0.879	3.955	-1.521	3.232	5.005	6.395	8.678	-4.552	-3.480	-6.301	-0.787	-1.291	4.148	3.004	-0.840	-4.066	-0.760	0.330	1.872	3.607	8.984	7.637	8.091	9	ScrambledFaces
1.439	4.221	-3.091	-2.512	-0.821	0.909	9.347	3.417	8.322	9.955	5.898	1.121	5.762	2.086	-6.088	-5.734	-8.472	-2.255	-9.510	-2.659	-2.758	-3.160	-1.215	-5.951	-3.161	0.318	0.760	2.799	9	Faces
0.367	5.272	-0.163	7.406	5.893	0.432	-5.453	-7.414	-9.398	-8.274	-6.370	-6.046	2.170	5.713	6.697	13.151	6.371	-3.750	6.766	13.988	10.711	10.282	1.408	0.820	-9.067	-2.787	1.695	-4.180	9	ScrambledCars
0.274	-7.155	-2.352	-4.940	-4.286	-1.410	5.682	7.221	9.904	9.235	16.909	8.251	-6.007	-11.045	-9.346	-17.472	-7.492	-3.500	-5.414	-12.841	-15.465	-6.966	1.947	0.130	6.369	8.308	-1.720	8.032	9	ScrambledFaces
9.343	7.271	6.490	9.988	1.233	2.321	-0.957	-2.838	-4.558	1.088	-8.349	3.637	-6.234	-0.389	-3.691	5.799	3.318	-4.369	5.928	1.776	0.729	-4.790	0.592	-9.849	-13.348	-5.418	-7.590	-1.046	9	Faces
-6.064	-9.080	-3.804	-4.428	-2.267	-2.026	-2.124	1.136	1.334	-1.102	1.880	2.448	-2.017	0.239	0.725	2.205	-0.192	-2.453	5.189	2.215	0.887	8.813	2.693	5.634	1.342	5.431	0.925	4.119	9	ScrambledCars
10.365	-10.189	-3.788	5.856	3.734	1.964	-3.281	0.484	0.946	12.390	3.887	7.697	4.609	7.914	-6.108	-1.076	-6.952	-2.817	0.218	-2.198	5.158	0.449	-6.540	-1.170	-3.726	2.563	4.485	4.425	9	ScrambledCars
0.032	1.223	1.977	3.005	2.329	3.597	-1.027	3.204	4.514	3.969	5.397	4.249	-6.729	-2.872	1.526	2.519	-3.800	-24.277	-9.507	1.085	1.141	-7.206	6.707	10.583	-0.261	-2.205	2.622	-1.442	9	Cars
-17.990	-14.717	-8.469	-13.009	-5.893	-7.438	6.267	9.361	18.102	14.770	21.933	23.028	2.606	-8.551	-26.382	-12.027	-13.203	-9.831	-15.557	-16.287	-7.924	-11.622	-6.109	-3.302	13.753	22.688	12.334	23.034	9	ScrambledFaces
-5.734	-7.479	3.258	-6.064	-0.744	-2.058	1.882	0.305	1.692	16.084	-0.689	8.269	5.360	4.048	3.315	0.709	-0.042	0.469	-4.568	-0.611	0.904	0.962	-1.137	1.154	-5.858	-4.847	1.938	1.022	9	Cars
3.973	-2.946	7.806	0.798	1.510	7.184	7.952	5.184	4.259	-1.149	-3.358	3.125	-5.296	-5.526	5.464	-4.949	-7.512	2.299	-3.914	-4.909	-8.942	-11.908	-2.153	-3.721	-5.850	-0.501	2.158	0.568	9	Faces
-12.535	-4.034	-0.353	2.607	-0.691	-3.697	-2.533	-4.181	-2.741	-8.346	-6.725	2.495	-1.359	-1.000	0.983	5.782	1.634	9.455	2.485	7.137	1.522	2.233	3.163	3.988	5.110	-1.184	3.685	2.039	9	Faces
4.562	4.563	1.159	-1.924	5.851	0.561	-1.630	-7.284	-6.627	1.212	-1.934	0.042	1.709	4.774	3.417	7.196	0.706	-1.364	6.240	5.582	8.485	1.337	3.349	0.230	1.907	-2.973	2.238	-5.148	9	ScrambledCars
-5.518	-3.183	-0.854	0.246	-2.833	0.287	-0.269	2.479	5.328	3.782	8.150	9.354	-3.250	-4.559	-11.901	-5.311	1.310	0.594	-11.559	-2.746	-6.104	-3.387	-3.803	-4.039	-1.071	7.481	-7.963	7.862	9	ScrambledFaces
-7.351	-0.891	-5.036	-8.211	-0.101	-0.710	0.517	-0.259	3.141	16.153	1.348	1.395	0.544	-2.069	-7.659	-2.625	-1.062	-10.184	-4.983	-0.029	2.115	0.539	-0.576	7.268	3.548	9.294	9.301	6.017	9	ScrambledCars
0.494	6.299	5.962	5.820	5.633	0.430	-1.564	1.422	2.496	2.767	1.528	3.819	-2.812	-3.153	1.258	0.950	-1.581	-8.386	-1.858	1.871	-0.714	-9.784	-3.595	-14.056	-2.936	-3.408	-2.381	-0.087	9	Faces
4.333	0.581	-1.508	-2.675	0.916	1.325	0.107	-4.218	-3.646	1.275	0.404	1.592	7.051	9.293	0.054	5.267	-1.754	8.856	-0.652	5.951	7.969	0.531	-0.533	2.085	-9.820	-4.232	2.695	-4.023	9	Cars
-0.936	8.063	7.621	2.232	-2.439	2.872	-5.534	4.541	5.052	2.328	5.578	3.951	-13.353	-12.893	-4.499	-3.110	-2.273	2.788	-7.537	-2.022	-6.969	-6.012	-7.436	-8.396	-1.403	1.536	-6.950	1.969	9	Cars
-16.105	-18.492	-10.820	-13.920	-4.401	-6.227	4.096	7.802	11.349	0.940	11.415	7.501	1.193	-0.374	-12.269	-11.177	-6.492	-9.282	-7.127	-12.806	-6.812	-5.278	1.045	9.488	13.037	19.625	14.303	18.168	9	ScrambledFaces
-1.918	6.078	6.714	2.983	-0.542	-0.416	-5.981	2.006	1.396	-4.318	-2.868	2.714	-2.437	-1.462	-0.017	3.051	0.429	-2.036	-0.593	-0.320	-4.929	-5.900	-6.933	-9.557	-7.273	4.942	-5.756	2.151	9	ScrambledCars
7.157	4.473	6.065	10.281	2.741	3.914	-1.743	1.719	-0.315	-5.779	-2.354	-4.958	-0.953	-3.843	9.905	-2.133	-0.252	-1.296	5.545	0.161	-2.685	-1.332	-2.964	-7.208	-3.837	-7.670	-2.564	-4.722	9	Cars
15.262	11.012	7.443	15.476	2.374	2.270	-8.281	-8.791	-7.812	-6.381	-11.451	-5.755	-1.411	-2.390	0.538	6.024	6.008	-0.663	4.132	0.556	1.708	2.764	4.737	3.153	-1.384	-2.345	-0.185	-5.901	9	Faces
-12.806	-5.446	-8.721	-10.116	-0.158	-5.582	2.150	3.834	6.341	5.410	12.118	14.211	0.044	-2.527	-14.136	-4.892	-8.880	5.729	-5.846	-6.323	-1.872	-2.554	-5.199	3.930	3.756	13.488	8.695	12.560	9	ScrambledFaces
-2.008	2.239	-1.507	-2.323	2.978	0.796	-0.261	-2.964	-5.596	-1.414	-2.915	5.095	8.859	2.137	1.431	5.184	-4.671	-1.479	8.978	3.366	5.214	2.766	-1.813	5.313	-7.365	-1.630	-2.384	1.109	9	Cars
-19.047	-15.158	-10.929	-15.662	-7.043	-10.144	1.665	3.009	10.946	-0.318	18.858	18.119	-2.023	-4.891	-13.887	-20.421	-11.506	5.108	-13.124	-14.981	-11.807	-3.285	1.569	6.513	17.912	18.903	18.959	20.012	9	ScrambledCars
