FP1	F3	F7	FC3	C3	C5	P3	P7	PO7	PO3	O1	Oz	Pz	CPz	FP2	Fz	F4	F8	FC4	FCz	Cz	C4	C6	P4	P8	PO8	PO4	O2	ID	Condition
-8.950	1.672	-5.359	1.172	-0.160	-3.320	-2.645	-0.048	0.800	-3.226	1.934	-3.910	4.576	0.874	-4.168	2.415	1.712	5.864	1.984	2.626	-0.345	3.061	3.602	-0.304	3.779	2.552	0.293	4.830	10	Cars
2.288	5.891	7.382	-0.050	-2.730	-4.841	-3.669	-3.355	-0.906	-5.198	-2.330	-1.095	-3.149	-2.098	-3.601	-1.635	0.008	14.274	-0.378	-4.206	-3.057	7.221	-1.700	-3.970	-2.692	-6.836	-2.934	-0.622	10	Cars
-2.844	3.520	0.713	3.991	-4.037	-1.028	3.099	-9.185	-7.792	-7.017	-3.427	-5.544	-8.351	0.160	-1.390	7.359	6.247	25.650	5.774	7.963	5.174	11.765	0.204	0.918	-3.702	-1.981	-4.331	-2.423	10	Cars
4.069	2.304	5.297	3.988	-3.413	-6.705	-13.672	-6.017	-6.731	-5.308	-4.169	-6.530	-1.178	-0.339	0.268	2.792	3.622	23.479	7.776	4.437	-1.361	-1.666	-1.340	-0.928	-6.147	-2.621	-4.116	-2.460	10	ScrambledFaces
-5.560	2.203	-2.660	-2.019	-6.118	-3.274	3.107	0.346	0.360	0.028	-0.390	1.533	3.324	4.600	-5.223	-0.220	-0.855	-0.658	1.739	2.625	2.124	7.282	-1.091	1.040	3.179	5.102	3.939	5.200	10	ScrambledFaces
-4.690	3.378	-1.908	-4.417	-2.224	-2.070	-7.534	-1.946	0.749	-2.061	1.653	2.119	-2.963	-3.152	-5.119	2.999	-0.517	-11.344	2.447	1.760	1.825	-1.107	3.242	-0.095	5.872	5.794	3.794	3.534	10	ScrambledFaces
9.481	-5.071	12.570	2.002	-2.063	-2.250	-6.345	-7.985	-11.139	-7.106	-13.105	-11.155	-9.423	-5.549	0.569	-0.236	6.516	12.039	4.238	4.607	-2.445	-2.330	4.672	-4.354	1.795	-3.608	-5.596	-7.079	10	Cars
-0.945	6.026	4.775	4.414	-6.917	-3.941	2.001	3.013	-4.671	-5.884	-4.740	-8.677	-4.994	-4.162	2.093	7.283	4.083	8.010	0.579	10.889	1.425	-7.751	1.516	-1.157	-2.204	-0.808	-2.944	-3.407	10	Cars
-0.047	-2.465	-2.022	-4.252	-6.843	-7.316	2.502	-4.029	-1.498	1.279	10.538	6.399	2.672	-3.113	-5.653	-4.049	0.025	7.034	4.677	-2.000	-2.524	-6.925	0.934	0.738	-2.151	5.845	5.857	5.493	10	Cars
12.631	5.440	10.825	6.949	1.033	4.371	3.199	1.895	-2.097	-1.649	-2.061	-4.977	-0.002	-1.863	1.171	-2.391	-0.493	5.132	-0.682	-1.021	-3.477	-13.250	-2.607	-7.139	-8.214	-12.229	-9.098	-9.013	10	Cars
-3.250	4.884	3.881	12.803	8.128	1.045	6.694	-1.811	0.949	4.421	0.435	1.113	6.203	4.990	1.673	7.799	4.432	6.617	0.369	7.634	5.916	8.469	-7.582	-6.962	-17.424	-9.459	-1.825	-1.115	10	Faces
-9.366	-1.558	-8.272	6.691	8.705	2.215	11.279	3.190	8.273	5.586	9.458	5.309	9.278	8.236	-4.428	-1.265	-1.097	4.057	-0.200	-1.098	9.737	-1.649	-3.350	2.613	-12.376	0.638	5.759	5.804	10	Faces
0.753	-3.337	4.023	0.526	1.510	1.183	4.698	4.615	5.651	1.209	1.474	4.983	1.071	0.444	-0.777	-6.892	-2.139	-15.381	-2.373	-7.456	4.144	2.385	0.838	-0.029	-4.971	-0.301	0.493	2.195	10	Faces
-3.171	8.220	0.281	7.156	3.655	-4.535	2.293	-4.966	-1.900	0.012	0.908	-3.335	6.453	8.324	-1.394	15.088	7.563	-16.693	10.402	21.533	19.528	8.471	-5.338	-2.914	-6.552	-8.305	-4.932	-7.100	10	Cars
-1.479	6.059	-7.085	5.538	5.441	2.921	8.374	-2.328	-5.298	1.701	-3.165	-4.374	7.161	12.582	-1.490	9.593	7.390	-16.574	11.644	12.922	13.568	1.723	5.255	5.724	-10.729	-5.286	0.140	-5.229	10	ScrambledCars
0.644	-10.212	-0.459	-1.312	-2.872	-5.737	1.226	-1.589	0.305	0.397	-0.553	0.037	4.705	0.045	0.459	1.826	-1.739	3.458	0.140	4.817	2.084	6.477	0.940	3.638	-1.530	-3.384	1.223	-2.328	10	Cars
-10.632	1.059	-5.033	-3.567	-1.019	-4.141	-0.087	-3.382	11.798	4.595	15.806	12.524	1.144	3.505	-15.970	-9.479	-11.391	5.951	-8.005	-6.387	0.806	-6.645	-1.565	6.033	5.410	8.300	6.444	17.068	10	Faces
-0.703	-15.065	-4.907	-12.121	-10.872	-8.910	1.653	6.632	9.533	0.887	1.264	5.863	-7.940	-8.225	-4.770	-16.080	-9.978	11.455	-5.703	-19.666	-12.745	-6.407	6.498	1.966	13.337	12.599	4.945	7.393	10	ScrambledFaces
-6.900	-7.642	-13.288	-2.957	-5.579	-5.773	0.484	0.049	3.963	6.480	9.306	12.482	1.526	-2.254	-4.677	-6.844	-9.601	19.328	-10.249	-5.642	-0.801	-7.134	-0.515	1.662	1.057	7.736	8.614	13.335	10	Cars
-0.406	14.690	-5.589	11.355	3.538	3.309	2.946	4.091	1.377	4.569	1.941	1.030	3.550	0.479	-3.534	6.090	-1.932	-9.519	-2.307	5.342	5.037	-2.668	-1.819	-6.403	-7.173	-2.636	-2.304	-2.494	10	ScrambledFaces
-7.085	-2.681	-9.544	-2.182	0.378	-1.152	5.418	3.720	9.644	7.042	8.339	9.566	8.670	2.199	-6.114	0.658	-2.318	-4.873	1.745	-1.860	2.284	-13.404	-6.109	2.062	-1.536	3.111	5.887	5.380	10	ScrambledCars
-1.938	-1.489	2.734	-5.960	0.101	-1.347	9.960	2.682	9.530	7.261	5.086	7.487	-0.648	-2.518	0.904	-7.136	-5.141	-21.580	-4.800	-4.528	-8.264	-4.517	-1.418	-1.655	2.208	3.400	2.107	5.047	10	ScrambledFaces
-4.470	3.966	-9.041	3.340	4.125	-4.120	-3.365	-3.863	-0.439	-3.208	1.238	1.891	5.485	11.686	-1.675	9.043	6.053	-6.853	4.329	10.963	14.416	1.396	-1.398	0.194	-5.493	3.001	1.246	0.459	10	ScrambledFaces
-2.295	-8.687	-7.925	-9.050	-4.064	-4.698	10.131	10.667	11.157	9.647	16.249	18.792	2.802	-2.293	-7.280	-14.616	-16.201	-2.294	-16.228	-16.684	-4.631	-10.175	-6.815	8.095	4.763	11.456	13.279	14.305	10	Cars
0.160	-4.777	-4.173	-3.483	-0.937	1.371	12.093	2.661	7.692	8.502	10.298	11.110	3.269	1.176	-0.673	-9.626	-6.419	10.212	-8.904	-4.855	-2.899	-12.111	-4.084	0.602	1.754	2.690	0.846	6.436	10	Cars
0.113	-6.396	2.065	2.518	8.873	4.174	3.923	4.348	-1.086	3.760	-2.704	-3.286	5.252	2.190	-2.558	-2.029	-0.093	3.133	-2.615	0.173	3.405	-8.881	0.104	-0.413	-2.546	1.552	0.142	1.413	10	ScrambledFaces
-0.018	-0.934	0.871	1.790	1.592	-0.597	-2.889	-5.880	-5.810	-4.174	-6.506	-3.974	-0.775	6.291	-0.056	3.731	1.657	15.795	-0.164	4.390	3.700	5.115	3.689	0.871	-2.304	1.223	1.541	-0.061	10	ScrambledFaces
-5.942	-7.222	-8.819	-2.380	3.407	1.990	6.235	2.368	5.493	10.137	10.711	4.465	5.826	2.088	-5.842	-3.124	-2.250	-9.046	0.328	-2.712	-2.525	3.112	-0.489	5.980	-0.910	-0.211	4.055	4.047	10	ScrambledCars
1.667	1.323	4.872	1.799	-0.881	-3.683	1.926	-5.901	-7.859	-2.930	-6.512	1.439	-3.407	-0.790	-6.518	0.209	-2.076	3.225	-0.574	-0.820	0.217	1.615	2.246	1.076	4.288	5.411	3.420	6.121	10	Faces
-0.106	-3.136	0.284	-1.760	-8.722	-5.122	-11.762	-7.633	-14.915	-14.271	-14.880	-9.767	-9.073	-4.257	-0.153	3.225	16.214	24.476	17.336	0.719	-0.971	2.950	13.897	7.532	8.094	6.349	2.653	-0.202	10	Cars
0.958	-14.637	13.444	-11.808	-9.805	-4.243	-2.626	3.360	9.684	5.553	14.806	13.803	-0.540	-2.112	-1.915	-11.291	-5.095	-3.658	-12.726	-13.092	-7.516	-5.280	-2.676	0.869	8.636	9.776	1.738	10.544	10	Cars
-7.558	-7.095	-6.935	-3.365	-8.015	-7.691	2.840	-0.960	-0.322	2.974	3.185	1.203	1.503	2.644	-3.484	0.878	-1.009	-4.801	-0.826	0.985	1.654	-5.889	5.468	7.059	7.032	2.365	7.283	6.549	10	ScrambledCars
-9.600	-9.789	-13.099	-4.256	1.283	-5.224	8.281	7.653	14.382	9.047	13.894	14.566	8.230	-0.822	-15.564	-12.397	-12.267	-9.589	-8.013	-12.501	-7.062	-5.636	-6.649	8.408	7.934	10.372	14.551	15.986	10	Cars
-7.089	-4.299	1.926	-0.659	1.316	2.136	4.013	2.973	10.251	8.559	9.510	6.935	6.509	2.086	-9.266	-4.470	-8.172	-23.223	-3.700	-3.240	0.794	6.627	1.139	0.199	-6.154	-0.499	2.994	7.319	10	Faces
-3.395	-3.580	-5.677	-1.690	0.827	-2.362	8.895	7.416	10.013	6.331	2.549	-0.308	2.147	5.242	-9.747	-4.872	-5.538	-3.032	-3.122	-2.414	0.659	-2.157	-2.693	6.571	-0.844	3.280	5.286	-0.362	10	ScrambledFaces
0.778	3.331	1.950	0.089	-0.488	4.438	-16.910	-5.071	-3.103	-5.714	-3.385	-3.981	-6.442	-1.915	-1.034	-0.628	-1.729	-12.112	-1.327	2.792	-0.758	0.506	5.245	2.408	10.853	7.901	0.789	1.316	10	Cars
-0.480	2.767	-1.874	3.844	3.706	4.938	2.403	-1.783	-5.200	0.617	-6.129	-4.208	-0.196	3.161	1.706	5.680	-0.490	-9.821	-4.075	5.088	5.906	6.011	-1.246	1.389	-4.394	-1.826	-0.272	-3.237	10	ScrambledCars
-8.179	2.222	-8.885	8.969	11.646	0.646	4.068	-2.599	2.186	3.096	0.902	-3.262	10.880	12.576	-5.413	15.591	9.106	-14.616	12.063	16.039	15.613	6.004	-4.681	2.699	-12.530	-7.937	-3.081	-5.033	10	ScrambledFaces
-5.056	4.431	-0.177	2.507	1.799	3.878	4.765	3.867	9.538	6.432	9.581	5.388	5.953	3.122	4.043	0.133	-1.623	-25.690	2.998	6.078	2.258	5.723	-0.641	-2.283	-6.202	-4.894	-3.413	1.719	10	ScrambledCars
-0.976	3.255	-3.515	3.119	-3.286	-6.619	3.804	-3.443	0.029	7.677	0.600	3.570	1.531	0.342	-2.020	2.765	5.532	11.791	6.985	5.199	3.972	-9.493	-2.954	1.462	-6.267	-2.929	0.723	-0.521	10	Faces
9.091	6.091	8.673	9.497	4.730	-2.973	-5.009	-5.938	-13.325	-6.269	-14.108	-10.229	1.830	5.303	4.649	11.243	6.416	-11.628	12.953	8.079	8.444	4.230	-1.600	0.601	-11.383	-7.088	-2.250	-10.209	10	ScrambledFaces
-8.734	-4.922	-3.957	-7.053	-0.779	0.551	4.032	4.908	4.542	4.551	9.105	18.445	4.019	-0.198	-16.869	-5.189	-8.925	8.051	-5.489	-5.279	-5.236	-8.303	-4.472	6.258	2.168	8.660	13.379	21.516	10	Faces
0.261	0.256	-0.730	-0.299	0.438	0.449	7.670	0.238	2.347	3.537	4.058	3.193	2.091	1.544	-3.950	-6.013	-5.857	1.654	-5.397	-0.020	0.990	-6.574	-5.338	-0.110	-4.034	-1.764	3.789	2.729	10	ScrambledFaces
-1.616	5.641	-8.377	8.725	7.123	-5.450	6.171	-5.586	-7.013	0.297	-1.618	-6.114	3.564	7.289	3.286	15.974	12.009	9.804	16.040	15.152	10.615	10.435	-1.695	-0.450	-15.147	-9.984	-5.261	-9.378	10	Cars
1.635	0.776	2.884	-1.374	-6.697	-6.729	4.248	-0.396	3.289	6.295	7.623	15.534	9.659	-0.887	-1.151	-5.299	-5.578	2.926	-3.304	-9.550	-7.344	-1.790	-3.878	1.499	-1.461	3.587	1.678	10.781	10	Cars
1.311	8.644	2.769	14.455	11.112	10.293	-4.001	2.836	2.028	-7.181	-6.366	-7.509	-2.408	-0.759	1.656	2.884	-8.673	3.430	-12.618	3.814	3.658	-9.505	-8.531	-8.597	-2.915	-7.441	-5.702	-3.422	10	ScrambledCars
8.936	2.495	14.153	5.677	-1.333	5.358	-4.521	1.152	3.891	-10.385	-9.290	-5.490	-13.126	-6.966	4.499	-2.912	-0.728	17.945	-7.305	-1.587	-4.891	-6.591	-4.694	-10.693	-6.578	-6.847	-10.979	-8.719	10	ScrambledCars
5.491	3.893	8.270	-1.989	-0.346	3.662	-4.537	-3.706	-6.254	-6.299	-4.845	-6.625	-5.720	2.194	3.367	-4.143	1.111	-8.180	-4.218	-4.036	2.284	10.507	4.275	-0.792	-4.911	-1.495	-4.429	-4.037	10	ScrambledCars
1.361	-0.296	3.059	2.670	1.456	6.461	-0.567	-1.943	-6.238	-7.104	-8.113	-3.453	-1.036	2.204	-3.821	-3.406	-2.109	8.462	2.729	-3.034	0.960	-4.674	-0.008	0.673	-0.694	0.045	-3.907	4.611	10	ScrambledCars
0.473	2.106	-5.142	2.435	-0.360	-7.251	-3.654	1.895	-3.876	-1.352	-6.347	-0.836	-0.339	-1.302	0.943	6.656	3.501	3.647	2.670	7.612	0.361	8.747	-3.524	-1.405	-2.626	-2.050	-3.027	-1.837	10	ScrambledFaces
3.351	-1.129	3.277	5.621	5.647	-0.123	6.723	1.281	4.552	3.258	0.047	-4.899	4.686	8.145	1.722	1.291	-0.010	10.174	1.943	4.109	6.446	2.545	-2.219	-3.506	-12.990	-18.885	-6.684	-9.643	10	ScrambledCars
-0.282	2.350	0.310	-1.569	-4.203	-9.733	-7.938	-3.828	-5.157	-5.606	0.537	-7.246	-3.327	0.792	3.241	7.805	9.482	6.732	12.157	7.926	2.819	1.097	8.259	2.198	0.647	1.811	-3.916	-4.465	10	ScrambledCars
-3.030	-2.950	-1.837	2.485	1.345	-4.158	0.390	-0.266	1.954	8.562	3.425	2.594	11.874	9.646	-3.493	3.540	-2.429	-5.592	2.411	5.054	6.129	7.347	-8.089	2.815	-7.824	-2.983	4.372	1.160	10	Cars
4.118	-2.321	-1.058	1.839	5.887	6.912	4.244	6.695	5.636	3.727	-1.174	-1.766	-1.437	-0.824	3.868	-5.430	-2.432	-18.515	-4.738	0.161	0.089	-6.590	-0.254	-1.421	2.019	-4.388	-5.756	-4.967	10	ScrambledFaces
-0.198	3.687	0.942	3.917	0.062	-7.619	-0.129	-7.685	-6.697	1.080	-0.538	-0.167	5.752	7.066	1.572	8.806	5.707	5.603	5.278	6.807	7.660	8.776	-3.776	4.073	-4.376	-8.376	9.029	-3.020	10	Faces
-5.504	-2.351	-1.065	0.247	0.648	-1.010	7.439	-6.335	-5.016	3.103	-1.193	3.546	2.575	2.619	-2.381	5.284	5.662	-15.725	7.005	2.051	2.236	8.102	5.696	8.162	2.411	2.301	10.913	4.736	10	Faces
-6.172	2.769	-6.159	3.981	8.655	2.688	6.142	6.343	11.225	3.970	4.641	3.120	2.578	1.835	-9.041	0.779	-4.775	-4.855	0.098	4.346	3.154	-5.884	-2.346	-3.432	-10.069	-6.752	0.433	1.433	10	ScrambledFaces
0.743	-2.729	-0.275	-0.114	0.669	-1.787	-2.186	0.059	-1.039	-1.845	0.196	0.823	-3.320	-1.254	0.184	0.212	0.834	-0.563	6.511	-0.394	-0.912	0.228	4.893	-2.120	-2.649	1.815	0.160	1.105	10	Faces
-6.357	4.466	13.775	-0.842	-3.760	4.120	-9.628	-9.485	-4.661	-8.287	-12.249	-7.928	-9.554	-3.646	-5.081	11.005	4.028	-5.603	5.637	6.154	5.364	-5.578	2.817	0.498	7.340	-1.403	-3.445	0.471	10	ScrambledCars
-1.508	-3.838	5.219	0.973	-0.490	-1.736	0.675	6.121	-0.849	0.024	-0.551	0.691	1.313	1.962	-2.691	-2.339	-1.071	-47.337	1.653	1.540	0.097	-7.261	3.604	6.248	2.978	8.027	11.162	7.302	10	Cars
1.932	3.698	17.412	3.552	1.749	-0.342	-6.580	-9.008	-6.216	-7.138	-2.016	-8.791	-5.248	-2.477	6.903	8.868	8.198	-11.421	5.623	5.011	3.877	2.030	3.678	-2.285	-2.761	-7.327	-9.987	-5.654	10	Cars
-4.838	-15.140	-8.997	-7.791	-8.147	-5.021	-5.842	0.730	-0.995	-4.145	0.422	-0.348	-1.121	-3.228	-4.435	0.541	0.780	0.476	-3.704	0.409	-2.916	-7.540	7.761	3.769	13.719	6.547	8.321	3.898	10	Cars
2.110	9.045	6.488	10.116	6.538	1.494	-14.731	-7.814	-9.549	-8.216	-6.517	-9.497	-5.750	3.926	4.582	15.714	9.117	-24.220	9.699	21.839	14.901	10.860	3.261	-4.478	-9.047	-7.332	-8.032	-8.572	10	ScrambledCars
-5.785	-6.036	3.818	-2.819	0.328	0.742	0.044	-0.876	2.953	1.811	1.425	0.801	2.005	4.302	-5.191	-4.288	-2.918	3.118	-0.720	1.826	1.836	0.987	0.293	4.049	5.834	6.109	4.208	7.778	10	ScrambledCars
-0.519	5.863	-0.823	5.442	5.226	2.933	4.055	-1.275	-3.835	4.670	-0.126	-5.893	6.359	6.254	0.029	7.558	5.793	8.718	6.220	7.867	8.866	-3.101	-3.299	0.038	-10.048	-16.921	-3.342	-7.180	10	ScrambledFaces
-6.309	2.569	-6.934	8.449	4.291	-2.405	-3.819	-2.802	3.664	-7.986	-1.336	-2.832	9.247	3.351	-8.550	4.318	-4.818	16.354	-3.446	11.770	4.766	2.761	-5.057	2.050	-2.260	6.027	6.931	2.304	10	ScrambledFaces
-3.495	7.389	-1.755	6.628	6.285	-0.261	-6.792	-11.159	-4.990	-10.047	-7.635	-8.146	0.435	6.693	-2.377	11.611	9.214	8.118	8.657	12.156	11.897	4.683	1.959	-1.035	-1.532	-6.817	-0.605	-5.547	10	Faces
-8.876	-12.771	7.204	-6.145	-4.346	0.789	9.929	14.820	17.311	11.550	13.233	12.229	0.978	-0.521	-10.921	-15.797	-17.474	-2.057	-16.918	-14.258	-7.441	-12.801	-8.081	1.021	2.674	-23.531	9.055	15.069	10	Cars
1.660	7.233	7.066	2.668	2.922	-3.252	-4.865	-10.110	-5.230	-4.972	-10.826	-6.423	1.097	6.245	-4.743	5.389	7.978	-4.920	6.319	7.490	9.215	12.523	0.325	2.351	-1.859	-3.508	-0.149	-5.726	10	ScrambledCars
0.286	0.983	1.232	2.688	-4.424	-6.738	5.656	-2.727	1.552	5.292	6.600	8.926	9.039	1.979	-2.148	-5.858	-11.546	-11.745	-13.393	-6.872	-3.362	-2.636	-8.092	5.204	3.238	4.681	12.383	8.828	10	Faces
7.775	-2.736	1.048	-1.884	-2.196	-7.909	3.276	-3.146	-3.438	0.132	-3.911	-12.561	11.809	7.048	4.407	3.466	4.813	7.238	8.441	6.376	8.897	6.992	9.214	1.965	-7.616	-16.429	-8.832	-17.211	10	ScrambledFaces
1.928	8.779	12.960	3.392	0.923	-1.384	-3.869	-4.194	-1.000	-3.523	-1.862	-7.220	-8.348	-3.009	-4.320	7.186	0.733	5.836	0.618	8.233	-0.562	-6.439	-3.518	-4.526	-8.375	1.384	-3.325	-5.242	10	ScrambledCars
-4.638	-1.888	0.884	-3.723	1.470	0.157	3.902	-3.580	0.622	3.401	7.764	10.637	1.710	0.975	-1.031	-6.053	-4.588	-5.909	-8.660	-7.034	0.189	-4.455	-0.400	5.547	-3.424	-1.266	6.317	12.700	10	Faces
1.928	-1.656	1.184	0.069	-1.355	-3.921	-4.331	-7.949	-5.021	-0.269	1.868	7.545	-10.151	-0.169	3.436	-0.579	1.705	7.685	-0.848	-0.235	1.307	8.579	3.517	4.227	2.745	-3.968	6.924	3.946	10	Faces
-4.090	-0.846	5.878	-1.364	-4.372	-6.014	-7.718	-2.674	7.118	-4.848	-3.630	-1.636	-5.307	-4.206	-4.718	4.669	3.068	-9.173	2.585	-1.449	-1.191	3.674	4.584	-1.722	4.220	5.908	-4.819	-1.237	10	ScrambledFaces
3.204	-2.848	-4.064	3.649	5.231	-0.237	0.061	-3.745	-7.521	0.169	1.276	3.713	6.105	6.441	0.444	7.270	-4.446	0.097	-9.455	10.231	8.849	0.200	2.831	-0.758	-0.774	-5.680	0.118	1.643	10	Faces
-1.888	-0.487	0.607	-4.956	-4.503	-5.783	-3.085	1.464	-1.729	-2.742	5.409	4.951	-8.916	-7.854	-0.863	-0.921	1.170	-4.597	-0.897	-4.014	-5.439	0.280	0.390	-3.374	0.754	3.957	-1.486	6.589	10	Faces
-4.008	-0.092	-0.656	-0.776	3.782	3.655	9.161	8.006	12.198	6.556	9.546	7.332	2.279	3.044	-8.257	-3.562	-5.201	-22.402	-2.341	0.041	2.198	2.874	-4.043	4.042	-6.170	-5.241	3.769	2.219	10	Faces
5.583	-3.161	1.855	-0.840	4.695	-1.867	0.727	-3.965	-4.231	2.711	0.518	0.692	2.294	4.267	3.697	-1.893	0.609	-9.805	-0.331	0.183	3.978	-2.083	-0.824	1.079	-3.971	6.123	0.934	-0.979	10	Faces
-6.922	-0.309	-8.238	1.832	4.896	-0.100	7.197	-1.246	-1.009	6.438	2.471	5.266	10.482	14.909	-7.939	5.010	-0.683	-24.794	-1.300	12.536	15.094	-0.637	-12.767	5.654	-1.106	7.585	5.652	7.330	10	ScrambledFaces
1.111	14.690	0.976	12.254	1.854	0.882	0.636	-3.295	3.956	-2.943	-3.521	-3.776	1.608	-0.916	-4.095	1.278	-6.018	14.106	-6.441	0.989	2.119	2.703	-4.461	-3.446	-10.412	-0.818	-3.648	-4.700	10	Faces
-0.811	-5.205	-4.326	-7.927	-4.538	-0.131	-4.974	1.885	2.289	-8.295	-0.400	-7.642	-8.510	-6.809	1.643	-10.833	4.828	13.735	5.172	-13.195	-11.531	1.143	6.724	-3.261	6.174	3.509	-5.964	-1.831	10	ScrambledFaces
-1.442	-9.636	-0.933	-6.306	-10.930	-3.641	-8.986	4.380	5.413	-10.402	0.969	-1.049	-11.088	-9.425	-2.084	-3.255	1.971	25.850	-2.198	-3.166	-7.996	-9.427	-1.080	-11.443	6.805	-2.458	-9.000	0.265	10	ScrambledCars
-1.585	0.263	2.362	1.795	1.446	6.143	-2.289	6.756	5.605	1.879	1.977	3.960	-1.913	-4.858	-2.152	-4.978	-9.633	-19.614	-9.634	-9.599	-2.985	-0.465	-4.671	2.343	7.907	8.826	3.591	5.481	10	ScrambledCars
-1.572	8.847	-3.708	7.977	3.935	1.401	-1.260	-1.527	3.764	-3.556	-6.729	-5.942	-3.682	6.640	-3.690	6.135	-1.647	-1.960	0.508	10.774	6.473	6.679	-0.634	-1.209	-0.270	-5.359	-4.018	-5.992	10	ScrambledCars
3.097	7.478	8.245	10.341	-1.103	1.265	-6.209	-3.920	-6.459	-7.344	-12.052	-9.665	-9.660	-3.759	0.406	8.572	9.089	3.435	5.982	9.046	1.259	-6.207	1.356	-5.837	-1.928	-3.703	-11.427	-5.879	10	Faces
-0.378	-11.049	-1.848	-1.032	2.172	4.584	-0.435	4.606	3.609	-0.051	2.595	-0.638	0.917	2.908	0.159	-2.230	-0.014	-14.347	-4.770	1.321	5.572	2.094	1.065	3.020	-2.609	-8.912	-2.469	-2.371	10	Faces
-0.701	11.029	-3.160	4.785	1.618	2.297	-6.733	-0.516	-2.453	-11.499	-8.845	-10.307	-3.715	-4.035	-0.296	1.193	-3.214	-1.423	0.176	-0.357	-1.376	-2.876	0.366	-4.686	4.985	-7.580	-3.935	-3.376	10	ScrambledFaces
-1.200	-0.696	5.946	4.654	-3.115	-4.518	-11.647	-9.073	-7.507	-15.338	-20.048	-10.125	-5.214	-3.185	-7.458	1.963	-1.520	14.794	-1.055	0.773	-1.093	-3.524	6.805	0.697	4.247	6.530	-4.794	4.638	10	ScrambledFaces
-1.427	-2.142	-4.398	-5.712	-3.496	-10.010	-5.070	-6.606	-3.536	0.535	-2.997	4.004	2.792	9.580	-0.555	-1.101	1.130	9.903	-0.012	6.463	7.250	7.451	0.659	4.079	-0.221	8.655	3.568	5.710	10	ScrambledCars
-8.573	-0.072	-3.340	-13.572	-13.878	-16.473	-6.847	-6.995	2.269	-3.281	1.330	6.604	-3.861	-3.091	-2.779	-5.616	0.673	18.379	3.191	-6.356	-4.282	4.522	3.008	-2.643	7.286	8.110	4.221	11.081	10	ScrambledFaces
2.602	2.726	3.837	0.418	-5.851	-4.350	-0.851	0.589	-0.002	1.508	1.307	1.078	2.883	2.482	3.518	0.358	-6.772	-5.061	-3.387	-2.487	-3.026	1.039	-0.497	5.403	-1.569	0.557	4.663	0.241	10	ScrambledCars
7.746	-4.265	8.197	-4.729	-5.697	-1.403	1.796	1.446	-0.301	2.126	0.740	-1.187	-3.850	0.102	6.669	-12.833	-9.799	6.322	-3.709	-8.769	-2.128	-5.816	-1.118	-0.263	-5.485	2.055	0.126	-0.495	10	ScrambledCars
-6.562	0.429	-6.813	3.179	-0.184	-6.023	-4.502	-8.394	-3.803	-8.428	-4.670	-5.952	-2.579	3.317	-10.440	6.366	3.534	5.169	0.562	7.710	7.528	8.210	5.235	7.049	3.850	9.921	4.000	1.497	10	Faces
12.930	3.195	-0.158	11.954	7.389	2.539	1.403	-4.881	-11.615	-4.976	-6.967	-6.190	4.130	7.787	3.548	3.162	-1.811	-2.275	-3.578	12.549	10.335	-1.146	-2.839	-0.286	-4.347	-6.637	-3.648	-8.275	10	Faces
-9.050	-2.872	0.810	-4.443	-3.951	-3.623	-0.876	8.800	6.875	4.941	11.174	12.270	-1.710	-7.118	-8.646	-11.786	-11.952	-8.303	-15.011	-13.805	-10.677	-13.806	-6.596	0.571	15.880	-32.205	8.172	18.603	10	ScrambledFaces
-5.303	-8.989	-1.820	-9.052	0.187	-0.424	9.466	11.911	16.356	15.692	14.079	20.153	9.146	4.636	-9.313	-14.647	-17.333	-30.886	-12.481	-6.765	-0.511	-6.924	-8.097	4.117	1.423	15.582	15.661	16.707	10	ScrambledFaces
8.599	5.008	-1.526	4.540	-0.774	-5.251	-6.566	-7.822	-12.629	-7.114	-9.137	-7.416	2.457	5.997	16.946	5.975	6.011	8.674	5.886	10.789	10.295	5.201	3.333	11.470	-3.220	6.037	-0.009	-8.670	10	ScrambledCars
-4.382	13.117	-2.264	1.350	-1.935	-2.884	-4.948	-7.367	-8.239	-10.932	-10.168	-6.770	-3.649	0.778	-4.058	2.360	2.640	-6.597	2.356	-0.249	-0.201	9.208	6.648	0.389	11.005	8.814	3.851	4.060	10	ScrambledCars
6.004	-0.057	-0.560	6.249	4.691	3.123	9.971	6.148	-0.099	5.772	2.797	-1.596	6.757	9.796	5.628	5.783	-4.620	-10.480	-0.611	10.253	7.658	-2.632	-5.463	1.686	-0.294	-8.296	-2.970	-7.384	10	ScrambledCars
-3.531	-4.034	-5.298	1.228	0.051	-0.601	-1.413	-2.955	-3.089	-3.572	-1.470	2.023	-0.452	3.270	-9.459	1.655	-3.435	-6.753	-0.242	0.510	3.020	9.377	4.524	5.536	-0.138	-11.848	2.539	4.996	10	Cars
1.025	0.183	12.856	1.393	2.953	8.617	-2.586	9.492	4.333	0.146	7.915	2.652	-1.164	-5.231	-3.436	-2.337	-9.217	-6.682	-4.906	0.335	-2.582	-3.660	-7.875	-8.497	-10.977	-17.352	-4.294	2.568	10	ScrambledFaces
-3.068	4.784	6.057	5.126	3.311	0.584	5.216	1.574	2.250	-0.407	7.841	0.856	-1.616	1.866	-5.024	1.200	7.129	-2.290	-0.269	3.489	4.715	0.505	-0.402	-1.339	-8.428	-18.143	-1.026	0.272	10	Cars
5.112	1.235	5.363	0.638	-0.824	1.236	-11.791	2.656	-6.125	-9.244	-7.424	-10.603	-7.490	-1.504	5.483	2.126	0.587	-8.530	9.776	-0.587	1.370	-1.295	3.105	0.497	3.284	1.163	-7.912	-5.148	10	ScrambledCars
-0.344	2.600	-3.343	3.479	2.907	5.041	1.119	4.375	0.726	-2.106	0.774	-2.448	3.260	4.300	1.943	4.840	0.050	5.643	2.861	6.778	4.553	-1.399	-2.794	-5.911	-10.191	-10.804	-7.342	-3.868	10	Cars
1.609	8.733	7.265	6.108	2.755	-4.690	5.794	-9.170	-8.636	-4.992	-12.474	-9.794	4.534	8.181	1.546	9.423	5.021	-4.387	8.056	7.902	9.867	-1.154	2.871	1.478	-2.455	-3.757	3.438	-6.103	10	Cars
1.870	5.079	-2.700	5.348	4.099	5.824	6.569	-0.562	0.094	0.738	-1.900	-0.797	3.877	6.497	-2.832	9.070	2.801	-9.552	0.735	10.381	10.415	-6.022	-0.594	-0.048	-12.701	-2.609	-4.539	-7.003	10	Faces
-5.639	1.013	0.627	1.999	3.447	-4.184	-3.520	-8.386	-12.422	-3.232	-11.100	-6.212	3.945	5.406	1.435	11.374	13.958	-4.656	6.456	11.698	9.748	2.194	8.224	-0.696	0.446	-3.835	-1.400	2.303	10	Cars
-7.338	-1.077	-4.051	1.583	2.853	1.774	7.360	1.323	4.661	5.266	3.233	-0.939	10.191	11.542	-6.041	-3.003	-4.284	-22.921	-4.800	1.447	10.137	3.955	-1.310	4.015	1.134	8.060	5.098	4.477	10	Cars
-4.061	-1.943	7.007	-1.733	-6.264	-0.308	0.500	1.978	8.204	1.100	5.285	1.361	2.915	-4.385	-7.526	-2.266	-1.564	-2.597	-3.732	-0.779	-2.039	0.040	-0.552	-0.260	0.427	-1.825	0.852	1.038	10	Faces
-0.273	9.430	3.154	2.101	3.079	1.832	-5.319	-5.872	-8.587	-6.172	-6.346	-11.486	-0.782	0.046	-0.037	10.445	17.508	17.963	18.990	10.591	4.975	9.658	12.288	-5.017	-11.183	-10.781	-5.328	-10.532	10	Cars
-10.230	2.871	-3.102	2.028	2.378	-1.442	5.217	2.655	5.617	2.184	3.710	0.632	-5.243	-1.524	-2.871	5.902	9.361	8.181	7.713	8.314	5.242	-8.960	-9.582	-11.688	-10.723	-2.756	-9.477	2.062	10	ScrambledFaces
-0.538	19.524	7.105	14.795	6.719	3.620	-4.723	-8.125	-7.962	-7.544	-9.698	-12.624	-6.561	1.216	-0.635	16.568	13.150	2.915	12.333	18.781	8.310	10.010	-3.516	-10.229	-8.484	-16.506	-14.962	-10.275	10	Cars
-2.639	-1.999	0.543	2.096	8.740	4.382	5.369	5.123	1.621	6.931	-0.738	-6.737	15.413	11.946	-8.249	-2.166	-8.630	-14.123	-3.656	-0.855	7.846	5.541	-4.221	5.520	-4.785	0.308	2.341	0.187	10	Cars
3.923	-0.977	7.010	6.895	0.705	5.156	5.342	3.392	4.742	-0.213	-3.984	1.157	-2.271	-0.412	2.858	-1.100	-4.322	-4.993	-7.810	-1.875	2.061	0.377	-3.594	-3.687	-6.369	-8.963	-4.903	-3.839	10	Faces
-2.793	-5.971	-2.987	-8.607	-3.218	-2.003	1.821	8.855	9.157	5.845	11.195	10.129	-7.411	-8.978	-9.805	-12.116	-14.273	0.217	-9.952	-13.518	-13.231	-2.679	1.425	-6.177	9.306	9.622	3.556	11.551	10	ScrambledFaces
3.808	4.405	4.305	-2.189	-2.643	0.079	-0.987	9.708	6.852	1.085	9.030	10.989	-6.143	-7.118	5.185	-0.383	-5.949	12.567	-12.367	-4.536	-5.711	-17.415	-10.630	-7.141	-3.251	1.646	-5.540	3.190	10	ScrambledCars
3.432	-13.766	-4.886	-4.861	-2.134	-6.458	-2.702	-1.545	-3.182	-1.643	-6.537	-6.178	-0.264	2.481	1.211	-6.528	-2.019	25.247	-0.639	-4.853	2.598	-0.201	11.188	3.749	2.096	4.665	-0.583	-2.262	10	ScrambledFaces
-0.449	6.305	3.042	4.611	0.847	2.305	-7.595	-6.621	-8.361	-10.117	-6.956	-2.107	-5.843	-1.441	-3.229	6.120	0.634	0.689	-0.257	11.117	5.055	-4.797	-0.194	-4.671	-2.647	-0.190	-8.496	4.554	10	ScrambledFaces
-5.369	5.607	-5.297	8.965	8.045	2.603	9.030	-0.185	0.668	9.422	7.545	3.535	10.970	10.435	-10.285	3.727	-1.222	-20.506	3.640	8.164	12.215	5.887	-1.419	3.234	-12.275	0.019	5.094	3.759	10	ScrambledCars
7.788	-4.077	6.012	-3.899	-5.961	-12.749	-10.709	0.225	-6.133	-9.165	-9.575	-4.133	-9.134	-1.887	6.685	3.631	8.214	37.893	1.971	1.126	3.556	-4.093	-0.874	-8.013	-9.764	0.942	-9.395	-6.262	10	Cars
2.957	-1.832	3.213	-0.473	0.984	-1.660	-0.183	-1.952	-5.013	-4.476	-4.440	-0.837	5.417	1.775	2.129	1.845	0.519	1.351	2.712	2.785	3.919	-1.139	-4.572	-2.105	-5.574	-6.279	-4.203	-0.400	10	ScrambledCars
9.697	13.402	16.373	7.772	4.943	-2.322	-15.783	-19.514	-13.545	-18.937	-16.452	-17.953	-12.040	-5.845	7.971	11.348	15.042	16.560	8.630	9.754	2.787	3.071	6.813	-6.657	0.164	-5.697	-12.327	-15.429	10	ScrambledCars
-7.686	-3.612	-4.467	2.089	2.297	-1.864	0.042	-5.179	3.925	0.064	1.635	-6.315	6.250	8.611	-9.781	-0.365	0.867	18.715	6.376	3.268	7.609	16.462	3.034	1.976	-5.004	-3.897	0.311	-1.503	10	Cars
0.892	-2.182	2.516	-4.816	-0.298	-0.773	-0.121	1.223	-0.403	1.318	1.573	3.193	1.559	2.210	-5.251	-1.664	-5.534	9.193	-1.695	4.227	0.055	-2.782	-2.686	4.203	-1.119	-1.639	4.648	3.694	10	Cars
1.292	-6.543	-3.180	-3.444	-9.129	-6.877	-10.952	-5.463	-6.105	-8.641	-6.427	-0.870	-5.762	-0.083	3.665	-0.183	3.390	11.187	6.879	-3.204	-2.969	2.436	2.810	-0.571	11.768	-0.289	3.099	1.364	10	ScrambledFaces
-4.054	-2.738	-0.320	-3.133	0.165	-4.350	3.248	7.913	8.538	7.183	6.163	7.006	1.035	-2.164	-3.703	-3.695	-7.569	-4.461	-6.816	-6.630	1.989	-4.235	-8.340	1.792	0.125	4.915	-0.345	6.062	10	ScrambledFaces
-11.226	2.883	-21.082	4.038	5.324	4.665	1.837	-0.483	3.935	4.161	7.751	1.034	5.204	6.005	-9.438	3.447	6.166	-2.435	6.782	0.779	6.605	9.371	6.279	2.706	-4.777	-1.473	-2.912	1.711	10	ScrambledCars
-1.322	2.199	4.498	-4.752	-0.697	-3.543	0.437	-2.392	3.916	-2.528	4.181	7.188	1.506	1.236	-1.794	0.307	-3.117	-4.829	-5.598	1.192	2.107	-0.003	-5.798	3.550	-2.142	8.914	-4.263	5.975	10	Faces
-3.235	0.798	-1.155	1.289	-1.587	-3.784	8.178	11.950	8.564	9.968	13.747	7.244	5.118	0.349	-6.676	-6.869	-7.765	-7.346	-6.773	-6.639	1.272	-4.808	-7.488	-4.069	0.339	-13.024	1.654	5.524	10	Cars
8.339	10.301	2.982	2.763	2.736	4.801	-1.921	-8.475	-6.727	-2.993	-8.269	-8.120	-1.176	2.064	9.450	7.531	4.759	-1.237	2.068	6.310	2.628	-4.535	-3.187	-7.614	-11.305	35.081	-4.914	-10.744	10	Cars
1.754	6.298	3.148	3.342	-4.936	-5.745	-8.767	-10.406	-7.791	-15.099	-8.783	-7.678	-6.119	-7.806	1.704	9.019	7.098	14.435	0.341	2.402	-5.472	5.964	5.858	-9.397	-3.212	-16.787	-13.798	-5.555	10	ScrambledCars
-6.593	-11.027	-5.550	-6.692	-2.473	1.941	3.711	5.409	4.212	7.227	9.129	5.548	7.501	-0.615	-7.186	-5.164	-5.688	10.081	-3.791	-7.139	-3.836	-3.400	-2.153	1.811	-0.955	6.903	2.069	8.893	10	ScrambledCars
-2.388	-3.805	3.277	-6.805	-2.312	-0.605	-2.418	8.297	9.658	-0.100	8.251	5.260	-0.475	-2.405	-4.327	-10.095	-11.372	-12.081	-11.239	-7.121	-6.964	-9.557	-5.795	2.476	10.612	8.879	4.414	9.246	10	ScrambledFaces
-0.611	-4.067	-1.895	3.072	3.208	-4.050	5.951	-4.200	-1.577	7.415	7.555	7.823	3.360	6.259	1.986	3.388	1.880	-12.979	3.402	-0.009	4.135	1.001	-5.058	2.331	-5.337	3.503	4.341	3.886	10	ScrambledCars
-7.216	9.469	1.185	13.886	0.995	12.469	-1.318	22.695	13.828	-5.002	-4.383	-9.771	-13.391	-10.132	-11.517	6.876	0.685	-8.401	0.929	2.682	-7.184	2.735	-0.454	-8.928	2.833	-2.481	-9.175	-6.042	10	Faces
-0.296	3.969	2.071	8.103	-4.168	2.336	-3.766	-7.224	-5.751	-9.663	-7.459	-4.126	-1.183	-0.592	-2.879	7.707	5.735	-0.305	8.663	7.586	1.453	4.352	2.400	1.454	-1.157	-3.329	0.250	-2.378	10	Faces
-3.244	-0.128	-3.021	-3.600	-6.696	0.530	2.422	2.295	0.994	-5.058	3.497	-1.063	-0.195	1.683	-3.928	-3.029	2.558	14.276	-2.893	-3.318	-0.792	-8.414	3.165	0.634	-1.542	3.157	2.136	2.360	10	ScrambledCars
-2.362	-7.626	-0.382	-6.272	-3.154	-0.018	0.421	-1.305	-1.955	2.489	-0.617	0.847	-3.017	0.823	-2.181	-5.630	-4.152	-16.133	-2.077	-4.997	2.605	1.619	4.938	3.065	4.554	13.140	4.700	5.763	10	ScrambledFaces
-4.811	-8.093	-7.887	-1.933	6.231	7.322	11.889	3.138	6.969	11.190	7.204	9.384	3.906	4.842	-5.924	-1.088	-9.994	-12.013	-6.424	-2.888	1.788	-1.650	-8.424	-0.166	2.220	2.864	3.663	5.644	10	Faces
2.613	8.762	-0.213	7.162	-1.528	-2.803	-3.234	-5.217	-12.013	-0.578	-3.613	-2.396	-3.282	3.106	-4.263	7.832	4.377	-10.066	1.575	5.284	4.800	3.475	1.786	2.121	2.948	1.922	3.019	-0.213	10	Faces
-4.942	6.180	-11.761	7.098	7.767	5.341	8.965	0.121	-1.301	-4.245	-6.805	-7.499	6.454	7.485	-0.739	13.442	5.766	-9.069	5.952	14.538	8.816	3.735	1.010	-0.172	-5.213	19.753	-1.327	-5.711	10	Cars
1.075	-0.522	10.499	2.102	-3.204	-4.078	-6.134	-5.343	0.117	-1.550	3.815	1.161	-0.283	-2.428	-7.640	-9.569	-13.481	-5.273	-15.388	-8.829	-1.877	-9.369	-6.251	0.641	6.865	14.920	6.103	9.991	10	ScrambledFaces
-2.049	0.773	6.257	2.886	1.766	4.927	3.008	2.816	6.591	4.630	1.645	1.268	1.104	0.622	-1.811	-4.011	-2.450	-24.376	-10.781	-6.030	-0.347	-3.393	-0.064	-0.048	-1.018	-3.022	3.372	1.318	10	ScrambledFaces
-2.891	-11.000	-2.592	-9.670	-3.124	-1.239	7.145	7.388	10.937	4.754	3.993	2.132	4.210	2.072	-0.678	-9.641	-8.735	-20.919	-4.409	-6.487	-3.262	0.406	1.609	0.207	1.604	4.607	6.133	1.426	10	ScrambledCars
-4.950	-7.390	-7.693	-6.635	4.326	-1.024	3.895	6.882	11.257	11.967	12.806	11.931	5.561	4.585	-9.644	-7.253	-15.516	-0.142	-11.573	-8.318	0.026	-12.446	-2.640	-0.417	1.469	-1.996	5.120	10.549	10	ScrambledFaces
6.113	0.270	-11.462	-0.764	-1.888	-8.687	-2.972	-10.272	-15.842	-2.604	-2.393	-4.444	5.738	7.303	4.578	8.060	8.505	-0.712	19.772	12.169	11.032	9.649	8.113	9.283	-0.057	0.897	4.560	-7.662	10	Cars
-4.539	-1.358	-2.517	-0.317	-3.722	-4.825	6.190	-10.290	-2.017	2.092	-4.815	5.487	4.990	3.951	1.853	1.552	4.057	5.510	-0.392	0.200	1.186	-4.419	2.074	2.604	-3.130	-20.430	2.480	4.488	10	Faces
-3.312	-1.964	6.178	-2.227	0.663	0.815	5.247	2.839	7.418	1.153	7.921	5.746	-0.667	4.057	-0.594	3.029	-1.165	5.080	-6.451	3.619	4.152	-0.073	-4.502	-6.467	-8.986	-10.564	-7.630	1.751	10	Faces
12.826	1.931	3.936	-0.551	-0.502	-0.415	1.175	-3.919	0.144	0.474	5.082	5.388	-3.100	-1.310	7.308	-8.655	-12.286	9.589	-17.623	-7.434	-6.106	-16.725	-6.334	-0.719	-4.232	34.194	-2.590	1.801	10	Cars
-5.622	-4.185	-9.350	-5.392	-1.379	-0.496	-2.001	-5.112	-4.226	0.441	4.113	1.612	4.157	8.065	-9.943	3.643	2.855	-8.495	5.559	4.847	-13.667	9.459	7.792	8.746	2.893	0.093	9.151	7.524	10	Faces
0.657	10.081	-0.731	-0.750	0.779	1.881	-10.318	-4.668	-4.703	-11.513	-17.201	-13.878	0.421	1.232	2.211	4.557	6.842	-0.390	11.197	6.014	8.030	5.305	5.168	-2.599	-0.360	-1.686	-7.949	-9.961	10	Faces
-4.214	0.479	3.922	2.015	1.083	7.055	-6.078	-1.141	1.215	-0.622	-1.294	2.185	-3.789	-0.514	-4.149	-0.648	3.092	-7.041	4.596	-0.187	2.662	3.251	5.281	0.969	-5.125	-4.845	1.380	3.956	10	Cars
3.573	-6.833	-9.924	1.556	0.480	-1.162	1.706	-4.258	-3.398	2.542	3.235	5.112	6.455	8.812	2.523	2.051	1.698	-7.884	4.814	4.752	9.765	3.182	-0.094	2.241	-3.838	1.693	1.249	-1.915	10	Cars
11.247	2.775	5.710	0.313	-2.163	1.855	-5.406	-4.933	-16.320	-6.519	-13.718	-9.670	-0.139	4.132	12.381	1.164	3.884	-10.653	6.067	0.773	4.560	8.339	4.297	-3.553	-2.539	2.947	-7.335	-7.335	10	Faces
-2.156	2.244	-1.914	6.334	2.702	1.543	1.498	6.517	5.604	6.518	3.087	-0.292	6.761	6.277	-3.667	1.606	-2.751	-3.682	1.670	5.951	9.834	-0.949	-3.397	1.167	-11.291	2.697	-1.999	-1.236	10	ScrambledCars
3.461	-0.585	-4.636	-2.271	-2.737	-2.107	-3.525	-5.191	-6.283	-3.562	-0.138	-3.376	-2.496	3.537	3.522	3.380	2.754	-23.052	5.209	4.858	4.278	9.327	4.525	-1.892	-0.206	24.279	-0.514	-3.786	10	Faces
1.138	5.241	-1.717	5.493	3.973	0.367	-3.312	-3.012	-7.251	-5.478	-8.920	-6.789	-0.893	6.892	-0.876	8.242	5.708	-7.315	16.548	15.901	9.634	5.881	8.777	4.368	-5.537	-13.539	-1.014	-5.010	10	Faces
8.101	-2.740	-0.961	-4.884	-3.659	-5.584	-2.961	-5.771	-9.852	-6.366	-0.787	1.288	-0.824	-3.148	7.503	-3.299	1.561	5.154	-5.379	0.845	0.684	-2.064	-2.786	0.556	-1.920	36.148	-0.636	1.954	10	Cars
-3.146	-5.619	-8.249	-5.230	-5.529	-8.090	-0.689	-3.395	3.057	5.179	10.533	13.410	8.579	3.894	-6.078	-3.184	-6.258	-9.095	-4.987	-3.445	2.674	0.878	3.553	4.443	3.658	1.641	6.133	9.921	10	Faces
-0.093	11.600	3.655	5.377	2.947	-5.895	-2.136	-7.300	-6.116	-2.744	-2.295	-1.490	-5.666	1.606	-4.009	16.277	9.958	-3.252	9.122	18.992	7.377	3.925	-4.211	-2.649	-10.984	-7.885	-2.201	-5.208	10	Cars
-1.325	-13.293	-2.216	-15.788	-9.715	-5.544	1.314	4.962	8.108	9.641	12.140	9.523	0.995	-2.842	2.081	-16.460	-14.745	18.684	-11.009	-18.478	-8.664	-10.626	-4.185	4.827	3.461	6.808	7.026	9.248	10	Faces
-1.528	-1.944	-6.954	1.935	2.709	-0.573	0.291	-4.165	-7.126	-4.003	-1.916	-6.023	5.561	0.026	-1.783	2.694	3.574	-3.506	4.926	6.293	4.447	6.604	5.015	2.746	2.888	-0.050	-0.946	-1.319	10	Cars
-2.869	-9.469	-2.573	-2.112	-2.305	-1.881	2.052	3.931	11.938	0.158	5.687	1.435	-16.950	-8.637	-4.434	-10.534	-10.095	8.956	-14.690	-9.593	-7.017	-11.513	-3.829	-5.086	4.452	44.142	1.734	5.839	10	Faces
-7.657	-7.569	-7.775	-9.002	-2.371	-1.263	-5.044	-1.525	1.017	1.144	1.506	4.891	1.617	-1.050	-8.004	-6.885	-1.823	4.783	-0.834	-7.080	-1.566	7.054	-1.849	4.415	2.386	14.920	7.973	10.032	10	ScrambledFaces
-0.453	0.390	-0.768	-1.645	1.461	-2.079	-4.000	-0.779	-1.830	-5.786	-5.144	-3.500	-2.271	-0.091	1.948	2.284	0.020	-9.879	-4.423	3.857	1.435	4.927	5.546	4.723	6.248	-5.302	0.747	-1.263	10	ScrambledCars
-5.464	0.240	-7.809	1.290	-1.491	1.195	2.748	0.257	6.848	8.328	11.315	10.053	4.892	-0.345	-3.480	-4.472	-3.413	-13.865	-6.813	-5.083	-1.072	-10.255	-5.496	-0.355	-0.573	23.798	5.392	9.356	10	ScrambledCars
4.175	0.832	-6.320	2.168	-1.708	-2.616	-2.723	-1.675	-2.473	-1.872	-2.203	-3.731	5.473	2.674	0.838	4.618	5.950	25.034	3.649	4.857	3.497	0.627	0.688	-0.288	-1.918	-6.620	-4.904	-8.835	10	ScrambledFaces
3.692	2.923	8.397	-1.917	-7.932	-2.562	-8.768	-1.312	-2.197	-2.778	0.382	-2.866	-8.240	-4.248	-3.074	4.797	1.917	-7.148	-2.543	2.923	-3.798	2.913	1.419	-2.586	-2.808	1.069	-3.327	-4.662	10	ScrambledCars
-6.288	-2.320	-10.127	-2.605	-9.563	-5.026	-2.645	-0.561	2.873	0.899	9.829	6.956	4.145	0.569	-8.344	-2.617	-1.317	8.214	-3.038	-2.177	-1.539	5.980	-0.542	-1.115	-1.782	14.146	6.429	7.456	10	ScrambledFaces
0.442	11.820	10.511	7.721	3.083	-1.183	-1.460	-4.161	-6.063	3.002	-1.001	-2.012	-4.828	0.695	-7.191	7.445	8.537	-1.291	11.597	5.855	1.676	-7.066	-2.432	-6.635	-9.371	-12.748	-4.200	0.124	10	Faces
4.606	16.225	13.369	9.478	4.758	10.692	-2.083	0.914	-7.479	-7.816	-13.672	-15.125	-3.902	0.861	2.755	2.163	5.513	0.470	5.381	6.763	7.905	6.525	1.711	-10.605	-11.557	-16.864	-17.496	-9.206	10	Cars
1.473	0.463	-7.302	-7.909	1.409	2.504	6.362	8.738	2.821	0.352	-1.740	-2.083	5.325	5.527	-0.036	-2.108	-9.320	3.748	-9.348	2.079	2.397	0.553	-3.111	-3.606	5.167	4.098	-1.795	-2.966	10	ScrambledFaces
-0.375	-9.150	2.354	0.358	4.654	4.356	3.729	0.481	-0.383	1.243	5.106	1.428	1.712	3.842	-6.512	-5.798	-8.145	-2.493	-5.650	-5.905	-1.187	-7.271	-4.504	-3.609	-2.433	3.300	1.426	7.351	10	ScrambledFaces
-1.008	-5.769	-13.583	-2.086	0.419	-1.542	-1.819	-1.609	5.924	6.216	7.893	14.863	4.762	3.951	-3.764	-4.993	-12.037	-18.009	-9.692	1.315	-0.229	17.712	-1.469	8.150	6.196	15.549	7.666	8.566	10	ScrambledCars
2.973	-3.259	-2.999	-6.420	-10.004	-0.780	-2.097	1.488	-3.198	-1.620	3.122	6.665	-0.259	-6.232	7.940	-5.390	-2.516	-0.822	-5.156	-12.927	-10.999	-2.089	-3.254	1.994	5.183	7.940	7.182	4.052	10	ScrambledFaces
2.333	7.374	9.755	6.948	4.354	2.124	3.536	0.185	1.003	-0.507	2.391	-3.926	-4.249	-0.090	-4.486	1.520	-7.384	-1.579	-13.893	4.519	-1.145	5.137	-1.329	-1.742	-5.100	-5.826	-3.933	-1.873	10	ScrambledFaces
-5.525	-2.135	0.704	-4.017	-6.154	-1.583	-5.000	4.481	7.638	1.788	6.649	13.345	-4.379	-7.524	-7.866	-5.359	-8.706	12.459	-14.761	-9.723	-7.996	-6.343	-2.362	0.125	5.953	0.486	3.706	13.690	10	Faces
3.302	-7.177	1.552	-7.108	-6.250	-2.666	-2.956	5.201	-2.826	-2.254	-2.898	-0.820	-4.862	-6.013	5.963	-7.907	-1.166	13.796	-2.004	-10.682	-8.166	3.573	6.230	1.416	2.639	-10.042	-0.540	0.595	10	ScrambledFaces
1.211	-0.889	10.668	2.916	-2.205	-3.836	-13.582	-7.654	-7.032	-9.597	-7.072	-3.459	-1.889	-5.795	2.658	-0.792	1.141	20.622	2.252	0.289	-3.711	4.845	0.696	-2.911	-0.040	0.635	-3.832	4.678	10	Faces
4.063	7.024	7.898	6.263	5.212	2.306	8.609	12.576	16.229	9.272	12.834	16.974	4.330	2.388	-9.406	-12.358	-38.192	-30.074	-43.123	-7.357	-0.782	-18.749	-17.440	-10.607	-8.732	-2.919	5.515	13.267	10	Cars
8.471	-3.303	6.520	-2.247	2.685	3.111	-2.413	-5.590	-11.225	0.124	-5.618	-1.499	8.220	2.279	3.849	-3.278	-0.611	-9.446	-1.630	-3.791	0.709	0.297	4.374	10.809	6.533	2.183	4.247	0.268	10	Cars
-10.214	-8.672	-8.695	-6.223	-4.804	-3.541	4.933	0.530	6.265	4.518	13.042	16.881	5.978	-0.065	-8.528	-9.513	-4.750	-9.971	-4.540	-7.212	-3.127	-1.795	4.668	0.877	8.367	-5.493	9.491	18.545	10	Cars
2.959	3.580	-0.682	4.058	6.124	3.333	-4.064	-3.080	-8.962	-4.727	-6.402	-10.269	4.696	8.110	1.236	12.115	12.119	4.034	11.151	12.930	10.509	8.230	1.474	2.040	-9.285	4.740	-2.623	-10.710	10	ScrambledFaces
10.024	6.220	2.119	-2.007	0.007	-0.091	-1.213	-0.792	-4.476	-6.259	-4.151	-5.390	-9.260	-2.322	4.608	-2.504	2.228	-1.140	-4.722	-2.736	-0.852	-0.741	-2.102	-4.447	-6.705	23.255	-7.447	-7.355	10	Cars
1.866	4.940	-0.424	8.515	6.027	-1.434	8.480	-3.792	-3.235	1.795	-4.054	-2.801	6.722	10.683	-0.053	4.334	4.296	-13.329	5.468	5.419	11.724	3.118	-6.321	3.002	-12.170	-3.275	1.138	-4.857	10	Cars
-2.558	1.074	-7.000	4.941	1.400	0.988	-1.710	-7.457	-3.314	-1.474	-1.984	-1.851	-0.080	4.747	-3.826	2.770	7.950	17.292	6.677	1.095	5.308	7.113	0.826	-5.072	-7.890	-4.337	-4.174	-1.783	10	Cars
3.037	2.599	-5.300	8.827	8.608	4.036	4.020	-2.544	-3.280	-1.887	-5.698	-6.733	7.768	12.135	5.192	2.933	3.798	5.628	6.565	8.862	16.206	7.037	-4.276	1.239	-12.308	-0.890	-5.481	-8.386	10	Faces
3.412	-2.283	8.965	-0.347	3.061	-0.227	-15.213	-0.707	4.242	4.552	1.755	0.944	4.355	-3.619	-2.673	-3.417	-6.677	10.530	-6.360	-1.546	-0.716	-3.242	-6.346	-3.077	-2.859	18.723	2.782	0.575	10	Cars
5.381	4.282	1.528	8.373	-6.182	-0.044	-4.787	-0.335	0.332	-5.649	-4.074	-4.111	-14.370	-8.547	3.531	-1.737	0.375	17.007	-0.146	-1.762	-7.078	2.121	-0.045	-13.716	-6.699	-28.464	-14.908	-7.637	10	ScrambledCars
-1.561	13.841	14.575	10.132	9.078	10.097	-2.099	0.715	0.773	-0.494	0.367	-5.379	-6.853	-2.608	-7.830	7.540	-2.603	-0.450	-0.046	3.599	1.410	0.758	-6.028	-6.042	-5.736	-9.172	-4.997	-2.097	10	Faces
3.942	-0.098	-0.086	5.055	0.063	-9.801	-8.975	-9.050	-7.938	-10.846	-21.938	-9.580	-2.588	-1.359	3.440	3.546	10.237	35.012	6.074	0.672	0.627	10.644	8.097	3.869	3.253	-2.200	0.362	-7.007	10	Faces
2.468	2.062	4.385	-0.508	-3.876	-0.705	-5.153	-3.680	-0.948	-5.545	-2.403	-0.264	-6.211	1.713	-3.010	-0.617	1.755	-10.319	-5.025	0.323	1.273	0.913	1.029	-6.171	1.010	-3.540	-4.578	-0.619	10	Faces
-5.945	6.648	-2.839	9.351	3.091	3.076	-1.135	-4.168	0.483	-2.451	-2.616	-1.626	2.140	3.565	-4.828	4.563	-1.866	-2.614	-2.721	2.183	5.365	0.854	-1.824	0.895	-4.314	1.116	6.937	2.007	10	ScrambledFaces
-8.651	8.048	-1.048	1.321	4.935	2.029	-1.190	-3.316	2.230	-2.519	-4.862	-7.234	0.964	7.735	-9.432	8.563	-0.611	2.937	2.249	6.575	10.358	0.804	2.095	-0.174	-2.327	5.039	-0.788	-0.726	10	ScrambledFaces
-3.651	-7.173	-4.168	-8.315	0.138	-5.166	2.778	-1.240	2.440	3.385	3.301	-0.260	2.219	7.340	-6.353	-8.186	-2.739	3.322	-0.624	-1.921	0.374	2.573	2.112	10.014	-0.616	-3.508	10.085	3.612	10	ScrambledCars
-3.818	-4.281	-10.504	-0.311	2.588	4.787	5.989	1.997	6.876	5.616	11.724	11.834	8.274	7.454	-4.303	-8.407	-9.737	-22.555	-0.122	-3.077	3.348	4.093	3.661	6.495	-1.799	4.444	6.569	10.001	10	ScrambledFaces
0.105	-3.256	-7.145	4.526	11.245	7.582	5.956	2.044	7.482	1.412	7.214	0.475	5.539	6.377	-7.159	-2.189	-6.956	16.125	-9.461	4.001	5.898	-2.416	-5.418	3.072	-1.321	-5.936	0.768	-2.978	10	ScrambledCars
4.139	10.641	2.791	7.914	3.863	-2.195	-3.222	-8.846	-9.962	-5.739	-10.594	-5.266	0.078	8.260	1.498	4.931	2.253	2.747	2.386	9.585	11.977	5.603	-1.051	2.673	-7.104	-7.419	-1.388	-3.146	10	Faces
-7.278	-10.060	-0.521	-7.785	-6.803	-4.133	4.386	0.531	2.518	0.745	4.674	3.359	0.994	-7.018	-10.904	-8.328	-5.637	5.518	-0.090	-8.542	-8.179	-6.187	2.211	2.968	7.212	9.996	7.148	11.828	10	Faces
-6.754	-2.341	-5.887	-1.048	3.408	-4.264	2.409	3.127	7.824	5.282	7.248	2.756	7.566	5.434	-13.264	0.825	-1.351	-8.567	-0.160	3.952	4.052	1.639	-2.388	0.892	2.588	-3.826	1.123	3.284	10	Faces
-0.863	11.672	-4.637	12.095	6.947	6.741	3.274	-0.243	-1.766	3.144	0.613	-4.310	9.497	14.242	1.636	10.656	3.116	-32.209	1.834	11.218	13.834	3.098	-0.107	7.376	-11.498	11.909	-0.062	-4.914	10	ScrambledCars
-3.506	-2.810	-1.295	-7.963	-11.414	-4.873	-10.811	1.372	1.700	-6.530	-2.777	1.409	-8.685	-7.736	-5.547	-9.220	-3.006	13.233	-1.678	-8.454	-8.234	-3.879	6.013	1.038	5.377	17.171	4.493	8.979	10	ScrambledCars
0.884	-3.924	-7.490	1.521	-1.538	-5.306	1.703	-4.329	-4.451	-1.535	1.041	4.648	1.460	3.518	3.524	-1.091	2.806	4.547	7.919	-0.656	3.577	-2.018	0.814	-1.619	-2.305	-7.159	3.429	2.580	10	Faces
-6.889	6.762	1.093	5.455	3.142	-3.269	-5.537	-7.742	-9.833	-4.806	-11.664	-11.356	0.106	8.104	0.797	17.862	15.083	-0.416	15.390	21.009	12.809	11.702	5.586	1.922	-9.971	-19.772	-0.531	-6.349	10	Cars
-0.416	-10.319	4.141	-3.764	-4.647	4.681	8.047	0.859	-2.565	-3.286	2.540	3.459	-1.783	-7.446	-2.459	-9.339	-7.625	-7.876	-6.483	-12.779	-8.748	-7.697	0.938	0.362	7.744	15.199	5.024	10.432	10	ScrambledFaces
-2.592	2.228	4.144	5.864	0.771	-3.429	-3.665	1.247	1.755	-0.612	-2.529	-5.533	0.667	2.689	-9.226	3.243	2.539	6.516	5.276	6.842	4.972	1.349	1.524	0.155	-4.925	-14.728	0.601	-2.604	10	ScrambledCars
5.087	-5.126	4.441	-6.616	-7.334	-15.002	0.478	-1.657	2.843	4.194	5.793	13.821	2.826	3.360	-1.372	-10.465	-7.042	-7.611	-8.705	-6.975	-2.990	-14.401	-6.376	-1.838	0.016	3.789	4.818	10.838	10	Faces
1.131	9.030	4.327	14.085	8.181	8.376	14.229	4.944	7.941	9.682	8.239	0.088	8.787	4.261	-4.460	6.741	0.219	-14.954	-6.955	10.019	9.172	-8.586	-4.940	-8.437	-12.464	-13.276	-13.196	-7.266	10	Cars
3.636	-5.534	4.451	2.431	5.162	5.587	2.977	6.644	7.902	4.913	5.789	1.715	4.977	3.370	-3.331	-4.166	-2.260	4.452	-3.211	-4.678	-0.965	-0.228	-2.193	-5.070	-7.039	-12.560	-4.432	-3.884	10	Faces
8.053	1.007	2.383	3.791	2.356	2.151	0.015	-1.911	-7.367	-1.635	0.070	-2.127	3.254	1.475	6.083	2.527	5.707	-0.285	0.896	1.996	5.517	0.901	2.360	-1.419	-1.995	-5.734	-5.391	-6.640	10	Cars
3.194	-6.036	0.210	-2.856	-1.587	-2.009	13.068	5.496	2.401	10.971	4.751	6.472	12.834	6.204	0.238	-9.150	-6.942	-21.132	-7.280	-7.368	1.248	0.295	-4.553	9.755	-2.190	6.011	10.385	3.049	10	Faces
-4.143	1.445	0.858	3.817	5.650	1.297	4.917	-5.293	-2.750	0.681	-5.131	-5.211	4.346	11.141	-3.673	5.853	0.254	-1.118	4.018	6.379	14.659	6.004	-0.994	1.863	-5.596	0.696	1.613	-1.468	10	Faces
8.515	11.762	2.098	12.853	5.924	6.518	-0.330	-1.249	-2.800	-6.145	-9.811	-15.968	-0.056	-0.560	9.796	7.121	4.670	-17.334	4.949	7.547	4.259	-6.195	3.935	-6.429	0.702	-6.558	-13.066	-17.695	10	ScrambledFaces
3.855	11.913	2.251	2.902	5.174	-0.596	2.074	-8.214	-8.878	-7.566	-10.367	-12.612	3.617	5.812	3.067	8.094	2.787	6.087	6.970	10.210	7.832	10.161	2.286	1.619	-3.505	-7.846	-12.110	-9.547	10	ScrambledCars
-5.577	1.725	-6.657	-0.953	-3.341	0.038	-4.113	-2.648	4.409	-3.776	-3.879	-5.400	3.616	6.007	-7.628	0.503	6.257	1.106	12.104	0.708	5.831	14.954	8.921	8.867	0.091	1.979	0.624	-4.329	10	ScrambledFaces
-2.158	1.604	-5.074	1.369	-4.689	-3.781	3.589	4.954	-0.056	-2.324	0.088	0.419	-3.518	-4.918	-6.242	-1.425	-1.962	8.251	-1.110	3.254	-2.018	-6.168	2.836	-2.605	4.410	-7.365	-0.614	3.410	10	Cars
-3.026	-2.226	2.412	-0.723	-5.312	-6.723	-12.333	-7.070	-5.556	-7.733	-6.802	-10.037	-0.474	-1.193	1.131	7.924	7.947	5.062	8.450	7.192	5.961	11.019	5.300	-1.847	-3.335	-2.605	-1.005	-6.148	10	Cars
0.747	-7.570	-4.436	-3.613	-6.115	-5.563	-1.497	4.930	5.235	0.427	0.832	4.728	1.243	0.393	-0.084	-8.935	-4.214	-18.369	-1.917	-5.767	3.060	8.356	-0.604	3.333	2.933	-3.942	2.426	1.268	10	Cars
