FP1	F3	F7	FC3	C3	C5	P3	P7	PO7	PO3	O1	Oz	Pz	CPz	FP2	Fz	F4	F8	FC4	FCz	Cz	C4	C6	P4	P8	PO8	PO4	O2	ID	Condition
-5.125	-8.865	-10.385	-4.185	-7.464	-3.756	-0.498	7.088	14.881	1.971	9.290	9.502	-4.757	-2.530	-8.635	-9.383	-8.665	-1.527	-5.614	-4.222	-4.500	-4.405	-7.936	-3.355	5.289	9.211	0.859	13.413	11	ScrambledFaces
-6.637	-9.020	-17.431	-7.781	-1.755	-4.515	1.694	6.773	10.549	9.614	8.042	5.615	-2.972	-1.955	-1.395	-4.471	-3.416	-0.189	5.014	1.453	1.509	6.126	3.205	4.828	-0.064	5.764	6.230	7.627	11	ScrambledFaces
-9.322	-5.071	-12.460	0.216	1.414	-7.045	16.576	8.385	7.511	14.694	10.622	8.028	11.224	8.277	-6.644	-0.507	-4.680	-10.695	0.172	-1.329	0.791	2.899	-1.519	2.357	-1.181	3.415	6.533	4.943	11	ScrambledCars
-3.589	-3.886	-19.550	-1.146	2.595	-6.463	11.795	9.587	9.206	11.571	9.828	6.095	9.228	10.280	-7.103	1.135	1.504	-9.999	2.876	8.697	10.459	5.376	-0.720	11.738	0.218	5.943	10.400	9.121	11	ScrambledCars
-11.602	-7.281	-7.635	-4.632	-2.501	4.804	10.319	21.802	29.813	20.059	24.816	18.446	0.410	-2.788	-17.414	-11.975	-19.595	-19.325	-12.935	-7.008	-6.562	-10.720	-18.052	-2.285	2.859	9.014	4.561	14.324	11	ScrambledFaces
-7.788	-2.456	-5.668	3.093	-1.324	-4.105	4.311	8.753	13.287	9.746	12.670	8.317	1.299	2.018	1.873	0.596	-1.698	-0.645	5.027	4.428	3.016	5.248	2.945	0.655	1.526	6.636	4.293	7.384	11	ScrambledFaces
-3.567	-0.437	-5.122	-1.345	1.345	0.653	-3.679	9.248	16.203	3.277	15.946	13.723	-1.497	-6.528	-4.541	-6.118	-2.021	-5.428	-6.941	-7.105	-10.096	-6.062	-7.133	-0.938	1.470	7.035	5.816	13.293	11	ScrambledFaces
-5.168	2.204	1.374	1.509	-0.302	0.313	-2.927	4.471	6.438	-1.905	0.755	-2.581	-1.066	-2.193	-4.272	3.759	4.973	0.531	1.184	-0.811	-2.568	-0.987	-1.143	-2.252	-7.289	-5.413	1.823	1.155	11	Cars
-0.890	-1.186	4.323	-3.128	-0.398	-2.688	10.237	-0.731	-1.381	0.699	1.386	2.436	-2.432	-2.344	6.228	0.901	0.928	4.355	-0.570	-2.438	-1.496	-3.839	-1.009	-2.314	-0.606	1.182	-0.635	0.776	11	Cars
-3.786	3.106	-0.492	2.504	-0.208	-4.872	-3.446	0.063	0.646	8.645	5.922	-0.268	2.004	2.474	3.401	5.721	4.785	2.682	8.399	5.727	7.448	3.289	2.435	-4.415	-7.755	-0.163	-2.462	-0.807	11	Cars
-1.554	4.429	2.283	5.590	10.985	5.228	4.484	1.115	-2.541	-3.752	-2.644	-2.053	-1.938	2.497	3.136	4.974	2.831	4.931	5.625	5.652	6.025	4.533	0.881	-1.127	-6.927	-2.048	-0.919	2.435	11	Faces
0.387	1.820	-1.105	-2.830	-1.921	-10.979	-10.829	2.471	10.731	4.246	0.286	7.056	-1.977	-1.703	-0.774	-0.504	0.747	0.682	-1.145	-2.474	-4.948	-3.363	-1.625	-0.663	-1.642	3.430	2.848	7.410	11	ScrambledFaces
-6.078	-1.858	-5.056	-4.150	-1.149	0.176	2.023	7.322	12.028	5.914	9.334	7.938	-3.046	-6.924	-6.111	-4.885	-6.237	-6.040	-7.401	-11.153	-10.296	-10.691	-9.044	-2.553	4.317	8.178	3.912	9.970	11	Faces
-1.666	-2.292	-6.660	-1.219	1.734	-3.998	4.290	2.978	5.044	3.856	9.645	5.618	-3.189	-3.933	-3.965	-7.484	-3.843	-2.375	-2.738	-4.969	-6.931	-1.603	-2.901	0.386	-0.972	3.879	2.774	7.770	11	ScrambledFaces
-2.223	-4.746	5.424	-5.092	-4.433	0.026	3.994	10.261	17.400	10.796	14.220	12.752	2.504	-1.804	-10.605	-9.034	-17.670	-10.480	-12.383	-7.799	-7.734	-10.354	-4.587	-0.921	6.476	7.105	2.807	11.591	11	Faces
-3.087	-5.633	-14.830	-7.617	-4.319	0.801	3.630	7.948	10.928	8.963	11.404	13.942	-0.308	-4.172	-9.199	-4.993	-1.695	-8.604	-7.846	-6.781	-7.233	-3.336	-3.680	-0.228	4.923	8.004	6.759	17.364	11	ScrambledCars
-14.848	-7.275	-9.936	-8.000	1.512	-4.977	4.171	10.925	17.105	15.695	14.741	11.372	-3.067	-2.851	-8.912	-8.698	-14.986	-10.767	-6.491	-3.039	-2.216	-8.052	-6.423	-2.025	3.921	7.985	4.766	12.546	11	ScrambledFaces
-2.993	-0.801	1.989	-2.329	3.758	6.254	3.022	9.730	14.755	7.315	7.645	6.146	-0.875	-5.406	-0.698	-11.936	-5.369	-1.712	-7.778	-11.400	-8.437	-7.141	-1.088	-0.326	0.150	2.766	0.181	7.380	11	ScrambledFaces
-13.263	-11.864	-13.851	-5.758	6.156	-3.529	11.347	14.009	16.520	13.942	13.294	18.131	13.270	10.273	-4.911	-7.374	-10.632	-11.478	-2.174	1.536	6.407	0.562	-5.656	14.777	1.719	9.334	17.071	15.886	11	Cars
-6.677	-8.565	3.280	-7.606	-3.700	-4.065	1.964	11.420	19.225	5.665	15.086	8.125	1.565	-3.394	-7.350	-2.494	2.886	-4.667	-1.891	-3.244	-4.775	-5.808	-5.643	-0.350	-1.899	0.745	2.052	5.000	11	ScrambledFaces
-0.955	-9.854	5.137	-4.671	-7.521	1.942	2.363	4.653	7.867	4.730	5.373	8.727	1.353	-4.602	-6.561	-16.505	-16.951	-11.149	-13.247	-11.390	-6.163	-8.737	-5.122	-0.032	2.412	8.236	8.329	9.998	11	Cars
-1.119	3.496	5.831	4.055	4.511	2.541	4.019	2.820	2.419	-6.255	0.162	0.102	-5.899	-3.137	-3.216	1.450	-1.187	-6.532	-2.617	-2.819	-4.696	-1.395	3.292	-2.604	2.148	1.748	2.032	5.887	11	Cars
-8.981	0.509	-3.120	-1.592	-4.710	-8.919	4.221	0.746	1.136	5.310	7.163	3.720	-1.206	-0.034	-6.010	0.597	1.475	1.407	-1.957	-2.425	-0.854	-3.698	-6.733	2.046	-0.791	7.957	11.078	9.306	11	ScrambledFaces
-4.167	3.126	5.254	5.155	0.466	5.894	-2.241	2.436	0.989	7.976	2.753	0.715	-2.586	-1.261	-6.976	-1.682	-5.924	-1.088	-4.422	-3.169	-2.095	-6.393	-7.750	-2.989	-9.489	-2.473	2.359	4.059	11	Cars
-11.888	-5.264	-8.480	-6.704	-5.585	3.536	17.073	10.887	11.116	11.529	12.355	10.963	4.363	-0.780	-8.280	-12.364	-8.785	-5.086	-4.916	-8.064	-1.990	-3.920	-2.140	3.873	4.830	12.295	10.794	17.143	11	ScrambledFaces
-0.800	-1.462	7.427	-0.928	-2.172	-7.411	-6.246	-2.872	-0.068	-3.026	-5.261	1.834	-2.030	-1.896	-1.472	-4.054	2.892	3.552	1.429	-4.727	-3.265	1.407	2.420	1.565	2.255	7.759	6.087	7.882	11	ScrambledFaces
-12.973	-8.050	-6.931	-11.058	-7.736	1.009	3.705	12.458	17.470	15.864	17.505	12.193	-2.250	-7.023	-11.531	-4.240	-6.131	-14.115	-8.727	-5.095	-5.130	-8.361	-8.021	-1.567	9.725	13.681	10.740	13.315	11	ScrambledFaces
7.643	5.774	4.464	-0.701	-8.561	-1.823	-2.696	-3.336	-3.101	-6.155	-5.605	-5.143	-9.937	-5.415	4.059	4.044	3.217	1.055	4.568	5.155	4.176	4.274	0.616	-0.900	-0.052	-0.515	-4.006	0.031	11	Cars
-8.475	-1.619	1.090	3.375	-2.222	3.046	-3.908	5.169	6.887	4.985	6.248	-4.944	1.243	0.661	-8.859	-2.837	-5.125	-7.206	-5.666	-0.036	3.433	2.091	-1.103	-0.701	1.549	4.286	0.419	1.100	11	ScrambledCars
1.790	1.387	9.306	-1.656	-3.244	-2.544	-2.099	-1.743	1.098	-1.543	-2.895	-0.254	-4.597	-5.192	2.692	-4.131	-4.718	-1.859	-5.542	-7.035	-4.426	-9.517	-4.555	-6.669	-0.138	2.594	-2.970	0.001	11	Cars
-1.411	-4.259	0.590	-7.170	-3.128	-5.193	-1.187	-2.474	-1.221	10.090	6.912	5.061	-3.129	-5.436	0.454	-6.475	-7.549	-3.347	-5.076	-8.104	-7.487	-1.914	-3.237	-5.155	-1.306	1.512	2.162	2.845	11	Cars
-3.533	2.264	-0.701	3.256	3.782	4.828	4.527	1.067	-2.876	5.060	1.003	-0.859	-4.450	-2.984	1.078	4.845	0.170	-1.667	4.359	4.835	-1.756	2.351	1.355	-3.218	-4.811	-3.133	-2.692	-1.681	11	ScrambledCars
-0.297	-1.222	1.939	-3.382	-11.195	-0.550	-3.331	0.669	3.461	2.756	6.369	5.191	-0.240	-0.995	-6.628	-3.441	1.699	3.596	0.583	-4.823	-4.396	-0.482	2.519	-3.772	3.155	2.074	2.259	5.725	11	Faces
-2.241	2.085	0.867	0.996	8.229	7.703	7.532	7.827	5.055	9.462	6.605	6.526	1.053	1.179	-7.073	4.016	1.857	-7.775	-0.759	1.486	-3.042	-7.581	-8.438	-2.685	-4.589	4.991	3.535	8.518	11	ScrambledCars
14.503	0.460	1.799	-3.984	-3.579	0.603	-1.932	-3.197	-3.778	1.153	-2.835	-0.687	-0.276	0.210	7.473	5.636	4.645	3.598	0.464	2.059	-0.029	-4.340	-3.641	-4.731	-17.843	-13.157	-10.886	-5.827	11	Cars
0.651	7.114	3.720	6.376	0.984	-3.371	-0.873	0.133	0.484	-4.045	-4.696	-6.311	-6.802	-2.166	2.105	9.236	9.606	2.565	9.690	6.430	2.499	4.982	2.141	-2.097	-3.480	-1.600	-6.080	-0.944	11	Faces
7.507	6.085	8.954	5.677	-7.729	1.011	-5.258	-3.402	-4.362	1.301	0.456	-0.538	-4.639	-4.168	4.590	3.396	-1.614	-2.802	-2.287	2.504	-2.166	-2.533	-5.808	-0.042	-10.882	-11.950	-5.574	-3.923	11	Cars
-9.976	-3.824	-5.018	-3.138	-1.770	7.776	23.680	12.667	10.121	14.602	13.538	1.853	0.471	-2.624	-11.998	-6.379	-5.864	-4.585	-4.622	-2.519	-2.645	-6.715	-9.958	-3.860	-2.916	3.543	3.243	6.233	11	ScrambledCars
-19.212	-14.647	-8.974	-7.231	-0.501	0.880	16.590	13.783	14.838	18.543	14.939	12.535	9.349	-0.795	-17.380	-15.734	-16.665	-16.946	-11.796	-8.807	-1.344	-9.750	-10.619	7.095	11.996	17.773	16.912	16.077	11	ScrambledCars
-9.707	-7.890	-2.764	-3.316	-8.126	-2.964	-0.999	6.044	11.433	8.889	6.168	3.867	-2.564	-2.744	-1.552	-3.341	-3.755	0.395	0.445	-2.271	-2.781	-1.888	-3.145	-0.779	2.148	7.921	2.502	4.872	11	ScrambledCars
10.186	4.029	0.138	-0.042	2.354	2.617	7.782	-0.231	-4.574	1.504	-0.118	2.385	-0.307	0.577	1.507	8.611	1.973	0.076	2.291	7.208	1.553	-2.044	-11.038	-7.281	-16.131	-8.132	-4.652	-1.627	11	Cars
-3.861	-0.697	4.363	0.723	3.788	1.694	5.393	8.002	10.083	10.365	16.379	6.411	0.344	2.000	-6.426	-1.511	-8.548	-8.486	-3.879	0.373	0.234	-6.258	-5.708	-3.704	-1.996	0.897	-0.021	5.136	11	Faces
-14.708	-8.125	-1.388	-6.798	-0.110	-5.354	7.840	7.524	11.642	6.727	9.274	9.656	-6.030	-7.488	-7.515	-6.330	-11.250	-8.986	-8.663	-8.433	-10.147	-10.350	-5.369	-0.756	1.273	8.519	4.958	11.937	11	ScrambledFaces
0.858	-4.698	4.585	-3.567	-2.674	1.277	-4.225	-4.958	-4.942	-2.693	3.007	7.496	-2.322	-6.287	4.787	-3.187	1.300	4.990	-0.623	-1.395	-6.610	-6.139	-1.417	-1.681	1.898	-0.236	1.631	2.841	11	Faces
-8.465	2.551	71.571	2.018	-4.968	-8.745	-13.597	-2.422	5.036	2.133	-1.755	-7.513	-9.769	-6.231	-6.523	1.395	2.976	2.331	0.603	-2.672	-6.016	-2.645	-2.295	-7.653	-0.382	-0.612	-9.400	-1.824	11	ScrambledFaces
8.051	1.345	-0.191	-0.886	-1.694	6.828	-2.251	-2.533	-3.357	-8.076	0.954	5.147	-2.914	-1.400	-0.098	-4.131	-4.856	-0.669	-3.895	-4.524	-5.522	-3.630	0.399	-0.408	3.068	2.884	-0.125	3.664	11	Cars
-5.264	1.894	1.834	-1.121	-9.751	-4.832	3.901	4.942	9.981	2.690	8.568	2.134	-10.731	-10.392	-1.634	1.634	4.988	0.056	0.403	-4.961	-7.802	-3.459	-4.588	-11.927	-0.562	0.950	-3.448	4.776	11	ScrambledFaces
2.172	6.044	5.172	8.250	3.937	-1.711	7.512	-4.359	-8.821	-2.936	-6.062	-8.287	-10.300	-4.814	7.710	5.621	12.438	8.278	6.377	5.021	2.727	0.096	-2.081	-7.274	-12.638	-12.180	-8.510	-8.765	11	Cars
-7.111	-6.390	-15.028	-4.862	-2.709	3.022	7.088	10.864	14.353	8.255	13.167	7.678	-3.043	-5.252	-3.603	-3.737	-1.610	-3.595	-0.124	-5.718	-7.861	-2.670	-3.775	-5.973	-3.261	-1.899	2.079	6.254	11	ScrambledCars
3.465	8.019	6.877	6.431	6.719	0.075	2.058	-2.954	-8.181	-2.345	-3.208	-1.309	2.452	5.109	0.045	3.925	2.620	-1.297	5.008	2.947	6.636	6.842	0.714	-0.772	-12.001	-7.197	-1.487	-1.050	11	Cars
3.882	1.963	5.184	1.648	-5.548	0.333	1.928	-1.436	-2.462	-7.977	-1.062	-0.001	0.750	-0.133	0.189	0.855	-2.271	0.972	0.646	1.093	1.134	0.881	-3.357	-0.257	-5.692	-0.611	0.675	2.976	11	Cars
-5.316	-13.736	-6.816	-12.511	-0.348	-10.702	10.208	10.974	18.219	10.330	13.776	13.597	8.902	4.748	-13.645	-13.182	-18.710	-15.662	-9.851	-7.872	-5.692	-4.480	-4.092	9.852	12.703	13.723	13.072	13.543	11	Cars
-6.670	-3.575	5.146	-3.187	0.384	5.551	11.072	13.193	15.607	19.670	16.047	6.641	6.551	1.840	-10.914	-7.157	-16.449	-11.541	-7.692	-3.738	-3.015	-2.535	-3.039	0.080	3.887	5.225	4.495	8.838	11	ScrambledCars
-6.983	-2.405	-10.353	-3.829	0.480	0.688	6.268	6.805	6.356	9.780	0.160	2.997	1.502	1.264	-5.738	-0.634	0.884	-3.526	-1.429	-0.420	0.014	-2.103	0.400	4.093	0.934	1.275	9.150	3.593	11	Cars
-3.273	-4.471	-3.138	1.718	3.677	-3.119	5.967	-1.415	-3.745	3.570	-2.766	-2.626	0.252	2.513	3.193	-0.984	2.787	4.772	2.677	3.761	2.094	1.490	0.253	0.568	-6.103	-1.950	-1.685	-0.512	11	Faces
-19.023	-15.280	-14.011	-10.998	-7.238	1.162	15.904	22.320	29.210	26.474	28.008	17.608	9.506	3.030	-24.310	-21.801	-23.124	-19.836	-16.279	-11.641	-5.519	-11.408	-11.833	2.935	7.005	15.115	16.753	19.092	11	ScrambledFaces
-3.250	5.171	0.284	1.499	5.090	-0.557	0.228	6.093	10.680	9.823	7.129	1.809	-7.843	-9.428	-0.891	-0.262	6.719	6.790	0.659	-3.249	-6.964	-5.306	-3.462	-5.413	-4.085	-0.179	-5.525	3.453	11	ScrambledFaces
-13.199	-4.410	-3.305	3.735	9.769	7.037	19.299	15.452	13.479	18.134	12.881	5.344	7.604	4.382	-16.446	-3.897	-9.042	-10.677	-5.121	0.497	4.685	-4.097	-10.895	-0.561	1.377	5.458	7.554	11.247	11	ScrambledCars
-3.846	-0.337	6.234	0.704	-2.016	-5.705	6.573	-0.805	-2.782	2.191	2.337	2.719	3.202	4.641	-2.843	0.880	-4.471	-2.406	2.864	3.436	2.751	3.620	1.235	5.005	-2.428	0.164	1.334	6.399	11	Cars
-4.457	2.932	0.405	4.618	7.113	-0.615	-7.129	-0.397	0.334	0.501	3.736	-3.423	-1.192	1.253	-0.756	3.393	3.022	0.324	3.098	2.087	0.212	1.141	0.829	-5.347	-1.903	-2.521	-2.470	-1.745	11	ScrambledCars
-8.008	2.163	0.026	-1.145	-7.840	-3.502	-0.336	8.602	14.699	9.837	14.645	11.474	0.768	-5.589	-11.127	-6.959	-8.913	-5.844	-6.955	-7.991	-10.527	-8.180	-7.348	4.070	2.572	7.025	9.442	14.230	11	ScrambledCars
-5.110	2.603	4.281	3.191	4.978	14.181	10.967	11.152	9.716	13.168	3.059	-1.919	-0.374	-0.149	-1.578	-1.634	-2.662	-0.680	-4.339	0.278	-0.968	-5.532	-5.251	-4.778	-7.402	-7.124	-4.277	-3.084	11	ScrambledCars
8.618	13.425	8.410	4.472	-4.336	-4.457	0.200	-2.588	-1.648	1.292	-0.654	2.828	-10.015	-9.381	1.679	9.355	5.494	5.971	2.583	2.034	-4.605	-4.831	-6.511	-11.191	-6.799	-6.705	-4.435	-2.237	11	Cars
3.659	6.964	4.025	8.810	1.882	1.680	9.858	8.133	8.218	12.280	6.913	5.353	-1.185	-0.473	-2.150	6.929	1.742	-6.345	4.309	10.510	3.737	-1.258	-1.680	-3.975	2.582	5.830	0.046	5.406	11	ScrambledFaces
-3.346	-4.023	-6.922	-5.099	-2.780	-0.219	0.833	7.591	12.698	10.002	10.905	3.505	-6.902	-6.774	-6.465	-4.653	-2.424	-6.827	-8.071	-5.690	-5.055	-9.886	-8.089	-2.493	5.273	10.121	1.514	8.011	11	ScrambledCars
-11.273	-8.014	-9.200	-3.798	0.711	3.558	8.907	11.762	15.005	0.117	4.792	6.493	0.956	1.287	-7.680	-4.314	-6.731	-3.513	1.061	-1.766	1.270	-3.233	-4.115	-1.305	4.886	5.075	6.485	7.850	11	Faces
-4.890	1.127	-2.145	2.489	-4.022	-5.986	-7.100	1.600	5.815	3.733	-3.862	0.658	-9.171	-4.850	-0.223	6.637	4.057	-0.963	3.877	2.710	-2.049	-1.084	-3.127	-9.880	-4.656	-4.937	-7.640	0.369	11	ScrambledCars
-3.848	-7.987	-7.902	-7.131	-4.688	-4.497	-5.314	-4.010	-5.053	-1.376	-7.355	-2.292	-0.576	0.308	3.160	-1.807	13.434	5.203	6.425	0.095	2.718	6.076	4.522	3.172	-4.782	0.954	2.043	2.943	11	Cars
-0.236	8.754	-8.906	8.858	2.358	3.378	7.246	-0.529	-8.871	3.486	-6.379	-4.022	2.800	7.508	5.484	6.479	13.880	5.613	14.173	8.671	9.455	14.178	5.174	5.381	-14.225	-9.592	0.324	-5.535	11	Cars
-10.083	-5.459	-9.948	-2.551	9.510	-1.263	11.281	17.894	25.343	22.213	22.826	16.507	9.820	2.249	-8.364	-8.269	-15.150	-11.145	-14.031	-9.066	-8.757	-10.340	-4.969	8.996	11.753	15.727	16.409	17.780	11	ScrambledFaces
11.010	14.074	4.831	7.362	-3.032	-0.416	-6.370	-3.121	-3.492	-1.389	-5.258	-4.802	-3.763	-1.341	1.798	9.531	7.411	5.456	6.912	7.987	0.405	2.936	7.527	-0.727	-1.659	-2.693	-1.007	0.016	11	Cars
-10.103	-7.753	-3.621	-4.737	7.636	1.224	3.806	14.487	20.983	17.585	11.010	10.959	2.140	-1.568	-10.720	-5.960	-4.891	-5.160	-5.038	-8.220	-7.705	-5.287	-2.835	-3.381	1.701	5.994	4.725	8.964	11	ScrambledCars
-7.823	5.383	-3.798	7.801	6.760	0.339	6.204	2.036	-2.012	4.316	-1.018	-4.226	3.198	7.724	2.478	7.835	7.767	3.271	8.224	7.912	9.237	6.023	-0.839	-1.961	-10.630	-7.422	-5.569	-5.431	11	Cars
-14.125	-7.821	-7.871	-1.207	-5.906	-3.919	4.487	3.651	4.092	8.666	14.136	10.081	0.530	-0.728	-6.320	-2.601	-2.896	-3.999	0.788	-0.339	1.078	-1.141	-1.895	4.836	8.067	16.592	11.165	15.796	11	ScrambledCars
-3.662	-3.802	-5.060	-2.585	-1.605	-1.581	4.618	9.661	13.284	14.455	12.983	5.889	0.897	0.378	-11.129	-5.614	-3.247	-6.421	1.319	1.111	-0.236	1.169	0.527	-2.538	-0.505	4.222	0.319	5.858	11	ScrambledCars
8.749	8.775	9.450	5.594	2.721	5.732	2.070	2.292	2.405	-3.468	-0.163	-2.365	-5.158	-1.695	3.023	3.880	0.872	4.384	5.516	-2.922	-1.648	-1.250	0.254	-7.912	-12.418	-13.640	-7.368	-7.620	11	Faces
-8.365	-6.980	-5.822	-6.990	-7.103	0.575	3.286	7.440	10.525	6.324	8.995	8.115	-2.252	-1.544	-2.234	-6.104	-7.828	-6.734	-4.513	-3.416	-4.617	-3.729	2.254	6.114	5.658	11.676	12.952	11.018	11	ScrambledFaces
-5.932	-5.477	4.554	-7.317	4.198	1.411	13.092	14.387	19.859	18.938	19.148	14.508	2.430	-6.684	-10.505	-12.871	-13.059	-9.680	-16.300	-13.989	-12.271	-14.312	-7.559	-1.592	0.837	5.181	10.269	13.985	11	ScrambledCars
-3.260	-4.633	-4.478	-4.495	-1.233	-10.349	-4.550	0.938	3.367	12.058	4.583	5.477	5.784	5.597	0.262	-2.295	-4.556	-6.779	-2.068	1.918	5.643	0.721	-2.901	1.667	-8.426	-2.075	4.872	3.276	11	Cars
-16.530	-6.690	-5.777	-3.824	-6.659	-1.483	14.036	15.687	21.011	9.569	13.837	4.606	6.010	4.144	-12.701	-7.806	-9.765	-10.097	-6.957	-8.743	-3.230	-4.502	-8.126	-0.254	4.985	6.890	7.607	7.616	11	ScrambledFaces
-4.643	7.622	10.865	5.761	-3.378	2.307	-2.270	0.728	0.243	-4.894	-3.173	-5.847	-5.416	-0.869	0.276	6.771	-1.678	-4.096	3.888	3.887	0.661	4.072	4.573	-4.287	1.068	1.858	-1.261	-1.065	11	Faces
-4.040	-0.362	-0.740	-4.086	-7.937	-4.292	5.246	5.176	7.276	7.161	12.654	7.273	4.406	-0.134	-6.302	-4.585	-2.842	-4.748	-2.473	-2.044	-0.664	-4.604	-6.975	-0.335	-5.391	-3.604	4.560	4.249	11	Cars
-13.338	-2.284	-10.402	-1.309	-2.409	-1.689	3.593	14.416	19.533	12.328	10.604	8.694	1.260	0.375	-5.081	0.850	2.134	-6.289	5.086	2.164	1.539	3.635	-1.184	-0.892	-5.420	3.145	1.609	8.710	11	ScrambledCars
-4.572	-1.216	-10.496	2.234	1.962	3.894	1.056	-0.254	-2.819	-5.823	2.435	-1.608	-5.302	-0.951	-2.562	-1.836	-2.284	-1.140	-0.942	-3.809	-2.300	-0.712	-2.758	-3.984	-6.080	-2.654	1.000	0.194	11	Cars
8.829	-3.718	-0.626	-1.386	-0.853	-3.518	-0.116	-2.877	-1.097	-2.962	-4.050	1.512	0.645	3.628	6.412	-3.408	0.895	6.987	3.607	0.537	1.262	7.123	8.843	-0.972	-1.305	-1.042	-4.811	-4.767	11	Faces
-3.102	2.858	2.354	-0.160	4.002	0.588	7.787	7.478	8.713	5.020	3.561	1.361	-0.481	0.621	-4.174	1.963	-2.116	-5.954	-0.397	-0.511	-1.796	-6.552	-4.087	-8.215	-6.501	0.443	-2.598	2.625	11	ScrambledCars
1.992	0.509	2.495	3.803	3.380	7.833	8.164	7.153	6.415	2.531	-1.962	-5.283	2.797	3.531	-1.448	-0.287	-3.949	-5.542	-2.916	1.470	0.617	-0.740	-4.893	-2.669	-4.715	-1.288	-5.901	-3.951	11	Faces
-4.516	-3.884	-6.652	-6.009	-18.325	-10.757	-1.204	4.121	10.060	2.659	8.039	11.737	1.954	2.051	0.612	1.373	6.212	2.334	10.596	5.561	4.002	9.636	5.166	1.603	4.843	10.928	8.125	11.333	11	ScrambledCars
4.297	-3.160	-7.065	-0.773	-3.570	-6.591	3.254	0.816	1.505	1.183	1.739	9.063	5.184	2.133	-3.945	-4.479	0.954	-0.033	3.259	1.358	2.885	3.985	-2.705	-0.587	-6.242	1.895	3.990	6.529	11	Cars
0.420	-0.959	0.679	-0.912	-6.127	-0.471	-7.605	2.013	4.154	1.410	2.794	1.196	-0.495	0.656	-4.318	1.143	-1.569	-4.793	4.588	6.475	4.497	6.205	2.312	1.467	3.175	6.981	3.403	6.333	11	Cars
-5.204	6.005	1.689	5.904	0.111	7.507	6.061	5.056	1.117	3.013	-3.649	-2.375	-5.494	-3.610	0.028	4.655	4.023	-3.862	4.702	2.748	-0.789	1.291	-5.981	-0.636	-5.523	-1.930	2.497	3.697	11	ScrambledCars
-2.679	-8.250	-13.690	-6.375	1.206	-6.896	0.872	-4.143	-4.417	10.424	8.019	9.307	4.963	2.782	4.097	-14.192	-2.993	-0.109	-2.554	-10.198	-4.438	2.751	0.888	9.989	8.478	8.307	7.567	9.346	11	Faces
-13.011	-8.776	-6.036	-6.683	2.952	-4.020	8.763	18.294	27.140	20.388	16.298	11.657	-0.359	-4.051	-13.018	-6.919	-8.398	-14.817	-10.604	-8.275	-12.829	-11.518	-10.167	0.884	6.695	10.999	7.900	17.897	11	ScrambledFaces
-6.210	-9.262	4.446	-9.305	5.459	7.711	9.642	10.964	12.574	6.665	1.461	0.335	-2.974	-4.111	-10.157	-12.103	-8.264	-8.832	-8.958	-6.787	-6.183	-5.740	-3.292	-0.163	3.375	4.878	5.155	4.489	11	Cars
-7.682	-0.570	-3.333	1.943	-3.888	1.227	10.535	5.596	3.870	7.624	3.374	-2.520	2.646	1.850	-12.468	-2.162	-7.266	-3.161	-0.868	1.781	3.311	-0.006	-2.157	5.847	4.407	6.712	3.869	1.809	11	Faces
-4.881	-3.610	3.196	-10.024	-13.105	2.035	1.159	9.377	16.711	9.190	10.296	8.728	-6.462	-11.693	-7.831	-8.308	-5.940	-4.138	-7.650	-12.898	-13.353	-10.375	-5.647	0.228	10.248	12.547	6.144	13.705	11	ScrambledFaces
5.007	1.196	0.005	-0.288	-1.677	-3.018	-5.378	-5.399	-5.244	-9.475	0.918	-5.529	-1.153	1.012	-0.812	-1.993	-0.751	5.383	0.635	0.629	0.990	0.369	1.345	2.568	-0.499	2.097	3.634	-1.044	11	Cars
-6.576	-8.876	-11.735	-9.026	-1.710	-7.591	-2.395	2.105	5.666	8.363	11.808	10.913	-0.135	-0.770	-13.062	-13.549	-12.827	-8.146	-3.058	-8.149	-5.529	2.015	-0.167	7.870	10.174	13.675	9.144	12.243	11	ScrambledFaces
6.389	3.626	7.038	-0.256	4.890	1.482	-3.770	-1.172	0.145	-3.974	-0.489	-4.413	-1.299	-1.115	2.954	0.908	3.712	2.614	-0.231	-1.796	-1.975	-1.150	0.762	-5.488	-4.917	-7.115	-7.406	-4.663	11	Cars
6.597	2.469	6.621	0.857	-3.426	-1.927	-12.624	-10.494	-9.992	-16.447	-8.363	-6.774	-8.181	-2.500	9.757	3.645	9.378	14.955	7.368	2.768	1.769	3.533	8.992	-2.750	-4.821	-5.883	-6.473	-6.188	11	Cars
-4.262	-5.259	8.419	-6.152	-6.757	2.610	6.831	3.748	6.264	7.769	11.229	4.154	-7.641	-10.299	-3.110	-9.577	-6.115	3.264	-7.288	-11.052	-10.256	-6.970	-1.046	-2.146	-0.237	5.871	1.153	8.652	11	ScrambledFaces
-2.258	0.150	-6.951	2.941	5.505	2.923	6.368	5.895	3.987	3.439	4.052	2.900	1.089	1.007	-7.091	8.042	0.724	-3.412	2.000	7.710	0.807	0.287	-0.157	0.885	-3.691	2.994	2.032	6.827	11	ScrambledFaces
-8.583	-1.431	2.489	1.451	10.535	3.286	3.906	4.050	1.163	5.925	5.672	2.585	3.567	6.359	-7.436	-3.949	-3.291	-5.163	-0.057	1.105	3.361	-2.517	-6.363	5.986	-0.030	1.233	7.549	4.181	11	Cars
10.299	4.239	-0.887	3.781	-6.821	1.778	-10.730	-9.406	-11.059	-13.034	-11.585	-9.436	-9.825	-6.638	7.972	8.886	6.347	8.580	5.102	8.036	-0.347	0.413	0.548	-5.047	-6.118	-7.337	-8.180	-7.979	11	Cars
-2.469	1.500	-4.907	-0.278	-7.413	-7.351	6.121	-5.376	-10.370	1.566	5.118	-0.828	8.841	5.806	-2.261	1.829	0.012	-0.276	8.662	5.382	4.576	8.532	4.537	6.198	0.551	3.244	4.617	0.028	11	Cars
2.096	5.106	-2.355	5.438	-0.827	8.757	8.316	9.248	9.357	13.267	4.704	1.782	1.013	-2.363	-6.505	-4.628	-2.231	1.426	0.076	-4.316	-2.835	-2.978	-2.805	-2.505	-5.551	-4.303	-1.013	4.200	11	ScrambledCars
-4.260	-3.742	-2.582	-4.802	-1.630	2.774	2.718	1.042	1.658	3.598	6.010	1.750	-5.924	-9.946	4.871	-0.455	-2.490	-2.361	-5.939	-5.913	-14.279	-7.479	-2.034	-5.877	-0.235	0.220	-0.372	2.258	11	Faces
-5.975	-7.681	-4.758	-2.870	0.567	1.994	2.832	0.101	-0.274	-2.515	-0.263	-4.802	-4.066	-4.458	-2.119	-3.325	4.186	7.822	4.788	-4.778	-6.227	3.694	5.235	2.813	5.400	4.273	1.105	3.816	11	ScrambledFaces
8.348	4.797	11.737	0.845	7.507	-2.158	-5.088	-7.524	-8.123	-3.052	-6.477	-5.510	-8.064	-5.260	9.419	6.535	0.854	3.889	3.305	3.147	-2.505	-2.050	-2.970	-8.395	-5.102	-6.650	-12.137	-4.545	11	Faces
-11.345	1.667	-3.565	-3.303	-3.771	-1.170	6.998	10.690	14.827	4.785	4.014	-1.450	-0.101	-0.662	-3.966	3.066	1.171	-1.912	0.628	4.048	0.847	-5.270	-9.539	-3.788	0.166	6.234	-0.295	1.729	11	ScrambledCars
5.600	-9.366	3.259	-10.235	-3.004	2.680	-0.150	-0.277	0.188	4.007	2.154	1.397	0.839	-3.441	-1.467	-8.554	-4.972	1.089	-2.411	-3.911	-3.498	2.659	6.196	2.452	0.123	1.875	4.282	-2.190	11	Cars
-0.078	1.118	-15.056	1.431	-6.108	-2.803	6.494	-0.099	-4.301	2.053	-0.070	-2.069	9.708	9.685	0.826	7.971	6.214	4.132	9.358	10.567	9.032	8.936	2.445	5.087	-5.443	-2.092	6.060	0.686	11	Cars
-1.836	4.007	6.444	1.640	-2.911	-2.030	1.910	6.419	9.687	3.656	6.769	1.409	-0.076	1.084	1.212	1.509	2.556	-4.260	-0.817	-0.090	1.561	0.041	-2.736	-3.910	-7.739	-3.549	-1.034	0.601	11	Faces
-11.776	0.520	-9.804	-3.737	-9.587	-5.514	2.801	7.633	10.894	10.633	6.319	3.908	2.730	-1.096	-7.376	1.403	1.083	-2.889	0.901	1.847	0.921	-3.031	-3.451	3.436	4.916	10.259	10.688	11.401	11	ScrambledFaces
-9.103	1.620	-9.206	1.270	-0.284	-9.818	1.919	0.590	1.010	-9.958	2.498	-4.756	1.427	5.574	-2.133	6.577	3.312	4.694	7.617	9.708	8.561	7.876	4.980	3.583	-9.936	-6.195	1.237	-1.034	11	Cars
-0.822	-0.947	-1.004	0.468	-7.353	-1.942	2.421	7.265	10.215	8.247	8.735	0.781	0.433	0.202	-5.937	2.264	0.139	-4.243	5.301	4.239	4.168	9.463	4.522	0.736	-0.853	-0.600	-1.670	2.932	11	Faces
-11.533	-9.024	-10.517	-7.196	-11.780	-10.420	-7.008	7.260	15.631	-0.598	12.530	13.476	-1.146	-5.149	-16.418	-4.816	-9.243	-12.507	-3.370	-2.358	-3.726	0.932	-3.176	3.360	13.693	19.066	16.912	20.722	11	ScrambledFaces
-11.493	-8.287	-20.455	-4.657	6.508	-8.299	4.991	6.933	9.171	16.491	13.231	9.371	5.991	5.346	-6.937	-2.830	-0.861	-6.466	-4.113	0.771	3.873	1.695	-6.280	2.754	2.479	8.095	5.861	12.380	11	ScrambledCars
-11.890	-11.988	-8.407	-6.103	-0.696	-1.699	3.379	7.180	10.429	10.402	11.243	5.376	1.836	-0.395	-12.344	-4.523	-5.157	-2.367	-0.695	-1.168	-3.750	-0.436	-2.468	-2.273	3.379	1.204	0.923	2.665	11	Faces
-5.669	-4.572	5.640	0.128	-3.833	4.926	-3.505	6.322	10.531	0.983	-0.426	4.972	-1.607	-2.813	-1.555	-7.213	-1.945	0.438	-1.957	-5.640	-6.493	-2.129	-3.933	0.359	0.781	4.767	3.029	5.580	11	Cars
-5.915	-0.975	-2.811	-3.415	0.723	-4.400	-2.008	8.346	14.953	9.069	8.167	7.836	-4.233	-4.617	-5.863	0.721	-4.450	-5.896	0.048	-1.232	-3.386	-4.602	-5.224	-5.947	0.699	4.470	-0.634	8.206	11	ScrambledFaces
-8.583	-7.558	-9.324	-4.201	0.905	-0.373	10.117	8.784	10.090	11.260	8.529	7.981	0.386	3.607	-5.430	-0.398	-4.984	-3.178	1.909	1.485	3.665	1.662	1.258	-3.495	-1.148	2.758	1.225	6.182	11	Faces
-8.171	-3.568	7.776	-6.247	-0.205	-3.469	9.197	10.295	16.503	8.237	14.869	10.355	-2.623	-6.659	-7.312	-8.276	-9.667	-5.327	-8.365	-8.190	-12.153	-7.757	-8.276	-3.668	2.851	9.134	7.447	11.910	11	ScrambledFaces
3.928	6.430	2.906	2.873	4.821	-5.735	-3.511	2.529	5.570	3.279	0.925	-2.149	-6.947	-5.268	2.640	12.318	8.655	-3.493	2.643	4.891	0.191	-1.809	-3.616	-5.570	-7.592	-6.300	-6.971	-0.219	11	ScrambledFaces
-8.284	-1.827	-0.256	1.981	4.059	8.082	15.517	11.083	8.779	14.347	11.645	5.200	3.474	6.385	-2.662	-3.356	-5.287	-5.829	1.374	-2.712	3.603	-0.545	3.817	2.974	-2.925	-3.540	3.580	3.952	11	Faces
-8.231	-10.281	-13.976	-7.929	-1.290	-3.055	6.029	7.962	10.790	6.297	14.541	4.824	1.731	-1.819	-13.440	-6.758	-7.805	-6.478	-0.845	-3.885	-2.165	0.189	-5.624	4.537	4.941	11.742	8.125	12.305	11	ScrambledCars
-12.145	-8.685	-14.812	-3.307	-3.651	2.402	3.548	9.630	11.018	10.649	9.228	6.948	3.832	2.537	-16.504	-7.700	-8.577	-14.247	-6.071	-4.939	-1.193	-1.944	-4.841	2.647	9.768	11.689	9.410	11.936	11	ScrambledFaces
5.615	8.773	-0.005	7.570	0.888	0.940	2.887	-0.289	-2.975	-5.011	2.025	-1.757	2.314	2.678	2.715	6.967	1.857	-2.087	3.948	8.110	1.760	2.884	-1.363	-1.565	-8.168	-8.737	-1.934	-7.862	11	Cars
6.122	4.590	1.259	3.207	-0.182	-3.460	-1.349	-5.557	-7.353	-5.431	1.328	0.982	-1.935	-0.584	4.734	3.450	6.254	4.494	1.387	-0.628	-0.517	2.297	2.929	1.569	-5.424	-3.525	0.936	-0.152	11	Cars
4.605	2.243	0.240	-0.226	-9.141	1.621	-4.099	1.868	2.644	0.963	-2.054	4.889	-0.519	-0.453	2.170	9.849	9.097	5.857	8.295	6.008	1.111	7.320	2.185	4.318	-1.837	2.010	4.736	3.871	11	Cars
-10.824	-12.324	-17.224	-10.672	-8.354	-6.167	5.610	11.899	19.090	8.639	9.847	10.998	3.170	-3.004	-12.227	-8.089	-9.821	-9.665	-4.947	-5.565	-6.347	-0.210	-4.158	-0.303	5.150	9.704	6.576	11.098	11	ScrambledFaces
-1.906	-1.170	2.855	0.539	0.905	4.756	4.975	6.402	8.230	-0.647	6.372	2.734	-6.658	-3.371	-3.198	-0.905	-3.225	-2.322	-0.261	-2.321	-4.605	-1.332	-5.179	-7.797	-4.638	-5.474	-4.845	2.330	11	ScrambledCars
4.087	6.157	8.848	0.418	-1.399	-0.457	-7.290	-5.373	-5.806	-7.341	-9.805	-7.389	-3.089	-4.457	-0.546	3.443	4.187	2.377	-2.765	-5.976	-7.330	-3.804	-1.013	-0.601	-0.509	2.182	0.667	1.254	11	Cars
-6.398	-4.073	-3.589	-1.469	0.008	1.095	5.952	8.377	12.671	6.857	3.756	3.476	-5.735	-5.205	-6.113	-4.370	-6.055	-3.389	-4.415	-6.778	-5.207	-7.640	-1.841	-4.442	1.742	0.945	-4.616	0.864	11	Faces
0.713	1.912	1.211	-0.090	-3.493	-0.179	7.108	4.376	5.226	13.136	5.392	1.214	-2.452	-5.522	-0.154	1.634	0.880	-0.606	-3.641	-4.670	-6.253	-8.434	-6.895	-7.920	-9.777	-5.237	-3.166	1.767	11	Faces
-6.668	-8.016	-15.993	-6.897	-2.344	-9.215	-1.879	4.659	9.888	3.975	5.690	7.942	-0.826	-0.599	-5.590	-4.514	0.115	-5.787	0.405	-3.941	-2.859	-0.966	-0.335	3.158	6.083	8.948	7.338	11.894	11	ScrambledCars
1.710	4.718	9.758	2.340	-0.058	3.111	-2.910	1.840	3.107	2.507	10.292	-0.201	-2.272	-0.502	4.006	4.044	5.243	1.387	3.076	2.911	0.872	-1.055	2.080	-5.806	-8.625	-9.864	-7.680	-6.483	11	Faces
0.331	0.230	-2.914	2.274	9.197	-1.077	3.598	3.020	2.456	7.993	2.635	-1.153	2.206	2.767	-2.011	2.595	3.930	1.121	5.718	2.845	3.479	1.938	-0.142	-1.785	-2.236	-4.543	-0.282	-2.088	11	Cars
-1.555	0.114	5.179	0.844	4.977	8.459	5.122	6.786	7.115	1.024	6.211	0.491	-2.166	-0.576	-3.712	-0.313	-1.242	1.296	0.068	-0.975	-1.185	-3.131	-3.813	0.057	-2.909	-0.906	-2.646	-3.797	11	Faces
-2.086	-2.887	2.768	-1.354	-1.695	0.640	-4.154	-3.787	-3.007	-9.104	-4.295	-0.287	-9.162	-6.512	2.448	-2.900	0.321	3.116	-0.859	-5.836	-5.516	-3.167	1.582	-4.031	4.781	3.122	2.491	2.273	11	Faces
-2.035	-0.847	-0.076	0.779	-3.315	0.413	1.722	0.116	-0.874	2.900	4.334	-0.833	-7.956	-2.895	-0.149	3.746	0.375	0.393	7.031	8.254	3.598	3.333	2.092	-7.730	-5.279	-4.313	-7.482	-1.198	11	ScrambledCars
-5.117	-3.768	3.354	-2.599	-6.855	5.941	-0.870	1.518	2.412	6.821	6.689	0.976	-7.244	-8.980	-10.122	-9.947	-8.218	-3.136	-5.829	-9.197	-8.711	-4.531	0.902	-4.474	5.757	4.294	-2.596	6.626	11	ScrambledCars
8.274	4.717	15.899	5.711	13.442	-1.876	-1.898	-1.117	-1.826	-0.491	3.747	0.932	4.089	4.039	0.204	2.431	0.426	1.570	1.765	4.308	5.713	3.022	0.311	0.734	-10.299	-3.190	0.499	-2.884	11	Cars
-5.412	-7.772	2.003	-7.817	-4.296	0.837	7.891	10.848	16.833	8.880	8.719	1.545	-2.092	-8.215	-10.236	-13.570	-10.114	-8.348	-7.317	-14.519	-12.583	-7.277	-5.737	-1.087	4.389	2.178	0.332	5.958	11	ScrambledFaces
-15.384	-10.445	-12.356	-4.254	-4.005	-4.032	15.760	13.145	14.728	26.439	13.714	12.916	8.449	1.751	-14.727	-9.520	-11.845	-12.221	-9.744	-3.549	0.447	-9.372	-13.546	9.285	5.982	14.435	14.197	13.135	11	ScrambledFaces
-7.040	-1.555	-14.491	-4.576	1.080	5.562	19.806	14.509	13.385	15.302	16.470	9.728	6.609	0.686	-15.073	-5.656	-11.419	-12.502	-8.930	-5.127	0.223	-7.650	-5.992	4.885	2.411	8.341	12.293	9.998	11	ScrambledFaces
-5.444	-0.700	-13.532	-3.487	-8.299	-7.628	2.380	6.764	11.468	5.342	12.396	4.926	-0.611	-1.875	-2.104	0.291	-1.773	-6.552	1.174	-3.556	-6.958	-0.277	-3.699	3.365	-3.095	0.227	2.648	6.992	11	ScrambledFaces
-2.781	7.115	1.373	4.989	4.548	0.865	16.507	8.853	8.081	6.436	6.091	-0.679	7.224	4.604	-2.319	1.827	-0.314	-1.438	0.312	-4.798	-1.724	-1.651	-1.639	-2.307	-9.432	-8.664	-0.993	-3.922	11	Faces
6.578	4.919	10.842	3.906	3.433	1.854	-11.941	-2.178	2.082	-2.289	-2.153	-3.558	-12.663	-9.793	7.742	0.862	13.614	11.691	2.101	-2.984	-9.008	-2.947	3.876	-5.771	-2.161	-4.713	-5.906	-1.373	11	Faces
1.227	6.231	-1.194	3.666	5.716	8.416	0.091	3.884	0.939	5.459	-1.090	-4.386	2.180	4.564	5.748	8.920	8.832	6.059	7.018	7.691	4.164	4.920	3.066	2.014	-12.495	-8.012	-1.414	-5.211	11	Cars
4.950	-3.178	-5.042	-7.396	-5.343	-0.789	3.638	7.584	13.435	5.782	7.001	3.175	2.357	-0.092	-2.769	0.310	-2.590	0.403	-6.471	2.385	0.245	-7.077	-4.570	-3.080	2.261	3.863	1.411	2.796	11	ScrambledCars
-3.634	-14.318	-5.713	-10.323	4.050	-4.844	9.519	5.930	9.018	6.312	10.610	2.578	0.365	0.743	-11.196	-6.798	-3.640	-1.102	-2.393	-3.327	-1.179	-1.282	1.731	0.975	3.779	8.116	1.740	6.773	11	ScrambledFaces
-9.300	-5.952	-7.043	-3.422	-1.793	-1.567	-2.520	3.967	7.639	4.171	12.577	4.814	-0.671	-4.741	-5.746	-6.680	-5.470	-6.756	-6.269	-6.926	-5.529	-4.393	-1.983	-0.592	4.279	6.986	3.101	6.717	11	ScrambledFaces
-3.311	-1.898	-2.582	-1.934	-4.513	-1.966	-0.527	-1.009	1.003	-3.412	-2.866	-0.029	-9.377	-7.189	-0.333	-6.012	1.304	6.204	5.221	-3.730	-4.655	6.538	3.671	-1.769	4.537	2.029	-3.742	3.954	11	ScrambledFaces
-2.864	-1.942	0.311	-3.484	-7.772	-1.754	6.827	8.549	15.049	6.992	18.979	10.874	-4.280	-7.236	-2.668	-6.328	-3.766	-0.355	-4.685	-9.046	-8.713	-2.618	-1.106	-3.452	1.145	5.158	-0.082	9.202	11	ScrambledCars
-6.525	-7.020	8.564	-3.256	-7.334	-2.226	-2.856	4.471	12.810	3.076	7.822	6.255	-5.770	-7.064	4.810	-7.930	-5.486	6.493	-3.627	-9.036	-9.230	-2.241	-2.980	-5.086	-2.140	-1.011	-4.657	4.981	11	ScrambledCars
1.231	5.865	12.641	8.814	-3.136	2.880	-7.148	1.714	2.139	3.065	9.714	7.619	-6.989	-3.807	0.784	6.109	1.075	-6.876	1.893	3.708	-0.355	-3.044	-6.406	-4.863	-7.451	2.471	2.125	8.189	11	ScrambledCars
-4.485	6.993	-15.891	9.461	9.807	6.439	14.724	9.188	3.959	3.450	1.470	-4.449	6.549	9.431	-5.143	5.547	-0.147	-4.950	7.607	8.371	8.449	10.805	7.946	4.030	-5.328	-2.782	-0.457	-3.535	11	Faces
-4.254	-4.308	-2.343	-2.559	11.137	12.015	-0.430	10.856	12.987	10.963	7.840	4.589	-2.044	-2.352	-12.810	-4.974	-9.184	-2.385	-5.209	-3.155	-2.316	-3.868	-3.518	0.136	2.184	2.539	2.939	3.992	11	ScrambledFaces
2.647	2.814	0.617	0.358	-2.995	-2.180	1.658	-2.449	-2.442	2.622	2.867	3.220	-1.044	-1.914	1.882	0.368	5.083	5.331	-1.323	-1.214	-4.448	-4.321	-1.915	-0.806	1.481	3.774	-0.245	2.402	11	Faces
2.803	4.212	10.002	1.980	2.498	1.838	-2.937	-0.997	0.174	0.781	-2.699	-5.591	-7.941	-5.124	9.684	11.676	10.437	10.826	4.556	1.680	-2.219	-6.408	-1.450	-11.203	-15.228	-14.606	-14.269	-8.435	11	Cars
6.140	7.473	-3.855	6.498	-3.516	2.433	-5.810	-0.142	0.321	-2.246	-1.989	-2.329	-7.552	-5.921	-0.398	5.707	3.110	2.365	7.536	5.652	-1.395	-0.246	-2.304	-4.107	-2.951	0.797	-2.780	-0.150	11	Cars
-1.844	1.156	-0.604	-5.000	-4.598	-1.405	-0.333	4.944	8.117	1.062	5.302	0.469	-0.063	-0.483	-10.485	-2.609	-3.894	-3.904	0.124	-5.426	-2.609	-0.819	-5.207	-0.987	0.439	2.510	1.717	2.266	11	ScrambledCars
-22.462	-10.344	-15.434	-11.285	-0.909	-3.555	13.135	10.847	12.266	15.270	15.793	13.883	3.656	-0.980	-18.494	-12.251	-12.848	-12.084	-6.758	-7.088	-4.675	-3.028	-4.374	4.808	15.160	18.103	17.492	15.633	11	ScrambledFaces
-5.243	-6.225	1.711	-4.793	-0.135	1.762	6.663	4.755	6.296	5.844	11.689	9.815	-4.639	-7.286	-6.844	-5.964	-6.975	-9.342	-6.454	-12.396	-12.343	-10.883	-5.398	-7.395	1.361	2.240	-0.020	10.240	11	ScrambledFaces
-15.320	-12.549	-4.155	-10.842	2.032	-3.803	8.793	7.414	10.147	10.667	11.704	7.489	0.868	1.689	-7.619	-5.385	-4.302	-6.156	-4.875	-6.728	-1.979	-5.354	-2.859	4.404	8.372	11.078	4.477	9.799	11	ScrambledFaces
4.110	3.148	1.515	-2.994	-11.944	-1.239	7.709	7.678	11.624	6.382	7.837	5.839	-0.793	-2.927	-5.803	2.030	5.415	-1.389	-4.040	1.684	-2.973	-4.495	-7.044	-5.050	3.874	2.011	3.508	4.545	11	Faces
-3.899	-0.445	4.519	2.353	-3.292	-0.619	1.004	3.557	6.294	0.881	11.376	8.011	-5.467	-5.707	-7.936	-5.824	-6.006	-7.067	-4.588	-3.818	-5.356	-5.649	-5.035	-5.674	3.273	7.182	2.368	14.613	11	ScrambledFaces
-12.068	0.653	-1.158	2.969	4.678	3.254	11.909	8.555	6.853	10.559	12.924	3.959	4.298	3.830	-13.211	-3.549	-13.571	-7.849	-1.587	-2.345	0.175	3.681	-0.123	0.324	2.804	6.858	6.054	7.062	11	ScrambledFaces
-2.124	1.273	-9.762	2.338	4.691	-6.324	-4.606	-2.020	-2.171	1.326	-2.632	-6.956	1.391	4.456	4.399	5.720	5.168	7.183	10.891	12.997	10.580	10.475	7.995	1.756	-7.346	-3.705	-4.280	-6.677	11	Faces
-8.897	-6.906	-16.038	-3.393	-1.953	-6.922	19.411	13.280	14.923	11.430	12.105	7.414	8.565	5.687	-13.634	-1.949	-6.641	-11.248	-2.043	0.676	4.291	-0.082	-5.786	4.965	-1.968	-0.636	6.042	7.348	11	ScrambledFaces
-17.644	-11.740	-10.636	-4.058	-4.281	-4.190	10.164	12.453	16.903	14.584	17.866	11.448	-2.573	-5.423	-17.556	-8.852	-12.329	-14.748	-11.963	-5.551	-6.401	-12.008	-12.131	-0.639	5.916	10.479	9.780	18.755	11	ScrambledFaces
-2.685	2.720	-0.519	-0.902	-1.205	-6.584	1.634	3.846	5.584	2.916	1.035	6.387	4.637	1.770	-0.637	1.588	1.366	-7.423	0.258	2.296	0.618	-2.840	-8.103	1.286	-4.820	2.931	3.942	7.659	11	ScrambledFaces
-1.485	-1.075	3.109	0.499	4.196	2.043	10.265	5.377	3.860	2.851	6.981	5.053	7.777	3.798	-3.345	-2.163	0.004	-1.152	0.587	-5.011	-3.700	1.806	1.958	6.724	-0.503	4.257	10.460	9.355	11	Cars
3.714	-0.507	-0.303	-2.686	-7.839	-5.537	-12.652	-4.222	1.126	-8.065	2.395	3.061	-6.812	-3.110	6.354	2.954	3.558	6.787	6.833	3.539	-0.369	0.939	2.888	-5.490	0.440	0.499	-5.144	0.154	11	Faces
-8.844	-16.165	-4.576	-10.152	-6.523	-3.398	3.103	7.938	15.856	6.960	11.652	9.753	-1.453	-10.362	-7.609	-12.683	-20.083	-9.407	-11.975	-12.829	-13.387	-5.527	-3.298	-4.704	7.405	10.782	4.788	8.610	11	ScrambledFaces
-8.984	-0.649	-3.472	-4.319	-5.624	3.197	6.865	12.908	17.906	7.347	9.056	10.007	-1.650	-3.838	-7.255	-3.998	-3.545	-3.865	-0.516	-3.048	-2.870	-2.358	-1.170	-0.788	5.358	5.343	4.330	9.554	11	ScrambledCars
2.814	6.868	-2.662	3.774	2.516	0.504	-3.411	-1.355	-2.452	1.186	0.780	-3.703	-5.808	-4.164	-1.186	4.730	3.131	2.640	1.230	2.042	-1.787	-3.117	2.183	1.498	-4.616	0.704	0.653	1.678	11	Faces
4.819	3.380	5.088	3.494	2.868	6.443	5.092	2.834	0.756	4.492	2.084	1.071	-0.678	-0.854	2.914	4.710	-2.760	-1.402	0.089	0.662	0.474	-3.946	-2.550	-9.982	-15.835	-12.807	-6.807	-7.222	11	Cars
-6.400	-1.238	0.678	-1.542	12.848	7.979	5.409	10.794	13.389	7.594	4.802	-0.277	-0.122	-0.459	-3.289	-7.559	-7.867	-6.360	-5.764	-3.734	-2.534	-5.646	-3.187	2.690	6.202	6.336	0.226	-0.480	11	ScrambledCars
-0.154	-2.443	1.608	1.374	3.139	-0.928	1.794	-1.588	-2.734	-3.689	-0.580	-3.209	-3.679	1.843	1.712	3.491	5.738	5.692	7.264	9.004	6.227	5.429	3.472	-5.124	-3.819	-7.643	-6.298	-4.584	11	Faces
4.355	7.930	0.118	3.352	-2.647	2.127	2.777	-1.850	-4.614	-4.991	-0.376	-3.339	-1.977	-1.032	-0.285	6.512	-0.267	-0.390	2.229	4.842	0.996	-0.115	1.886	-4.215	-2.162	-1.533	-1.380	-2.281	11	Cars
-5.001	-1.136	-8.744	2.179	6.185	1.211	6.639	7.471	6.887	13.076	10.607	8.038	7.375	3.856	-5.493	-3.821	-5.884	-9.909	-2.979	-1.493	-0.315	-2.205	-7.571	1.877	-1.380	0.097	5.733	5.597	11	Faces
-9.111	-8.909	-8.715	-6.180	-9.488	-3.806	-2.557	7.847	14.136	14.880	8.119	10.941	-2.642	-4.521	-7.767	-11.161	-7.687	-8.800	-6.897	-6.911	-6.133	-4.004	-5.033	-0.788	0.238	1.699	1.603	10.284	11	ScrambledCars
-15.496	-5.282	-4.902	-5.087	-3.521	-4.009	4.272	7.733	11.381	12.564	12.257	9.438	-4.552	-8.041	-9.643	-9.671	-6.481	-8.799	-8.007	-10.757	-7.869	-9.082	-8.177	1.949	4.479	13.111	9.547	13.551	11	ScrambledCars
11.235	8.376	10.039	9.126	11.654	-1.095	-1.039	-1.833	-3.618	-6.558	-10.685	-14.041	-7.784	3.087	4.134	14.232	8.685	2.184	9.375	14.619	10.976	8.679	3.247	-15.306	-18.130	-18.914	-17.349	-13.196	11	Faces
-12.565	-16.560	-7.492	-12.024	-11.666	3.096	2.979	11.699	19.458	6.978	14.600	9.769	-6.665	-8.687	-12.540	-12.944	-10.417	-2.594	-5.008	-9.995	-8.359	-3.503	-1.361	-0.058	11.603	9.068	5.579	12.464	11	ScrambledFaces
-1.253	-0.523	8.638	1.679	6.106	8.386	6.809	5.672	2.878	2.713	1.695	-2.146	-0.115	3.309	-3.279	2.289	-4.968	-2.517	4.549	4.989	7.592	3.759	2.822	0.377	-6.437	-5.177	-1.596	-1.521	11	Faces
-2.637	-4.861	-7.340	-3.009	-2.966	-6.343	-8.317	2.275	6.809	8.363	3.843	5.322	-3.725	-3.822	-5.808	-2.270	1.345	-3.117	3.144	-0.028	-2.240	3.388	3.708	4.142	6.807	8.363	4.366	8.947	11	ScrambledFaces
0.220	8.981	3.790	7.086	14.733	0.916	-4.327	-0.829	-1.140	2.318	-4.816	-5.870	-6.789	-2.938	3.004	8.929	6.593	4.202	2.172	6.653	0.408	-2.791	-6.572	-9.702	-3.609	-3.498	-8.071	-2.765	11	ScrambledFaces
2.172	-3.788	-0.590	-5.990	-2.444	0.080	0.735	3.092	5.326	0.140	3.479	6.038	-1.897	-1.302	-3.176	-1.985	-3.592	0.263	-3.095	-2.876	-2.446	-4.689	-0.212	1.837	-1.891	4.326	7.125	4.981	11	Cars
-10.823	-10.226	-8.413	-10.327	-10.328	-1.669	0.661	6.966	11.829	9.169	10.862	8.971	-1.354	-6.205	-4.085	-5.880	-7.709	-6.836	-6.638	-4.303	-4.743	-5.798	-2.854	2.470	5.222	12.209	6.751	11.571	11	Faces
4.200	2.911	12.077	0.647	-5.639	0.454	-8.728	-3.773	-1.581	-3.039	-0.259	1.806	-0.539	-5.396	10.710	0.724	5.220	8.808	0.046	-1.412	-3.197	-4.736	-0.264	0.784	-1.854	2.080	4.985	2.647	11	Faces
-0.992	-2.347	-11.337	-0.093	3.140	-3.814	6.169	9.837	13.565	5.299	9.626	7.561	4.940	1.893	-9.198	2.802	-0.445	-3.419	1.458	2.138	1.131	3.333	-1.633	5.841	3.775	11.049	6.830	8.313	11	Faces
-9.436	3.321	-0.380	3.439	3.561	3.678	15.210	14.734	15.687	10.524	11.747	3.403	5.879	2.984	-12.759	-1.581	-7.767	-9.212	-3.260	-1.471	0.400	-2.050	-2.823	0.668	-2.105	-0.277	4.641	2.703	11	ScrambledCars
-13.753	-11.423	-13.100	-11.370	-3.942	-7.940	6.016	7.043	10.498	13.191	16.238	12.224	2.331	-2.468	-10.653	-6.837	-13.224	-11.360	-6.474	-6.636	-3.478	-2.529	-3.610	3.347	5.431	9.780	11.920	14.345	11	ScrambledCars
-5.181	1.612	2.612	-1.108	-8.932	3.009	-0.406	8.731	13.154	8.682	2.852	1.971	-3.160	-4.305	-2.329	-1.758	-1.451	-4.268	1.000	-2.055	-3.212	-5.957	-4.362	-0.164	3.048	8.212	1.740	7.165	11	ScrambledCars
5.265	4.968	-1.317	8.359	-2.987	3.031	0.985	-1.688	-4.302	-2.532	-5.890	-8.985	-1.642	3.519	2.965	3.078	5.148	5.874	9.543	3.723	4.000	11.810	10.448	-1.162	-4.422	-4.503	-6.363	-6.963	11	Faces
4.834	-0.114	2.502	0.128	6.831	-7.305	-5.667	-9.559	-11.694	-6.141	-8.471	-6.743	-5.069	-0.841	9.044	2.999	10.466	6.685	6.971	2.920	1.971	6.056	4.280	-3.905	-12.756	-12.971	-10.460	-13.607	11	Faces
-7.503	-5.807	-9.858	-6.650	-4.644	-0.131	5.639	9.726	13.851	6.819	13.262	5.815	-0.152	-2.822	-9.332	-2.994	1.572	-0.406	-1.564	-3.812	-5.847	-1.911	-4.055	3.668	3.856	9.354	5.406	12.868	11	ScrambledFaces
2.587	0.305	-4.276	-7.809	-11.663	-15.514	0.464	-4.143	-1.852	7.711	4.593	5.642	0.976	-2.905	-0.948	-1.745	5.105	4.827	1.737	-4.467	-7.072	-3.190	3.641	4.481	-3.232	1.344	7.481	4.961	11	Cars
2.126	7.558	10.869	1.915	-2.181	-0.495	-1.533	0.733	2.092	4.151	3.387	-1.279	-3.150	-3.971	2.279	4.240	0.990	3.608	3.030	0.784	-4.692	0.286	-0.471	-2.534	-6.217	-4.667	-2.762	0.028	11	Cars
-5.490	0.179	-1.855	-3.585	-6.978	-0.191	1.414	7.188	12.417	5.015	5.476	5.865	-4.202	-4.014	-3.542	-10.227	-8.007	-4.141	-5.968	-7.172	-8.143	-5.656	-6.883	-0.138	0.931	5.634	1.477	9.106	11	ScrambledCars
-9.102	-5.412	3.146	-5.140	-10.299	-5.824	20.519	6.333	11.240	-4.138	5.216	1.915	-11.667	-11.843	-6.260	-8.973	-1.174	6.706	-3.652	-13.309	-13.524	-11.588	-4.458	-10.872	3.812	4.894	-1.395	6.295	11	ScrambledFaces
15.745	14.753	1.177	9.027	7.042	0.577	-1.039	-4.614	-5.982	-7.142	-3.752	-6.774	-8.793	-3.414	8.127	14.797	9.799	6.848	7.434	8.481	2.433	0.115	3.206	-14.824	-10.890	-13.618	-17.111	-10.333	11	Faces
4.874	7.376	-4.458	5.581	3.935	0.445	-7.394	-10.149	-14.807	-8.995	-5.408	-9.004	-5.557	-0.088	6.255	7.779	9.389	8.019	5.033	4.667	1.415	1.771	2.555	-2.360	-5.088	-2.611	-4.836	-4.617	11	Cars
5.154	7.179	16.466	4.629	-0.528	7.026	-1.387	-0.628	-1.330	-2.861	3.476	-2.015	-4.149	-3.959	8.177	7.573	6.265	5.206	1.158	4.814	3.084	-1.832	-3.177	-6.213	-7.930	-10.250	-9.137	-4.027	11	Faces
-3.170	0.047	6.229	-1.453	-5.294	-4.841	-5.075	1.827	6.634	3.252	-0.358	5.663	-0.438	-3.432	-4.094	-5.745	-4.565	3.728	0.637	-0.064	-0.624	-3.484	-7.207	-0.919	-2.436	5.894	0.530	9.435	11	ScrambledCars
6.623	12.904	8.886	5.220	2.285	3.071	1.601	8.880	15.498	3.253	5.971	-1.569	-16.133	-12.369	-1.487	1.578	6.618	5.587	2.670	1.279	-6.582	-3.766	-2.594	-16.014	-4.602	-4.796	-11.070	1.404	11	ScrambledFaces
-8.430	-3.469	-1.162	2.030	-2.570	3.446	-0.973	12.924	18.511	15.234	12.839	7.920	0.628	2.489	-13.445	-10.532	-6.390	-5.924	-0.517	-3.276	-2.574	0.360	-1.198	1.053	1.336	2.520	2.714	5.435	11	ScrambledCars
5.810	6.121	2.231	2.364	4.379	2.459	-6.288	-6.002	-10.498	-0.320	-9.468	-4.214	-3.555	-0.032	5.517	14.184	5.650	4.137	7.696	8.303	1.870	6.424	4.281	-2.489	-4.380	-1.617	-0.915	0.192	11	Faces
-9.440	-1.476	-9.108	-2.159	-0.922	-1.098	10.984	10.900	12.132	9.378	5.532	2.414	0.671	-1.281	-16.538	-4.841	-8.156	-9.746	-1.378	-2.447	-2.368	-1.361	-0.370	5.691	9.263	13.289	13.024	13.605	11	ScrambledFaces
-2.383	8.196	11.847	8.228	-1.515	5.105	-5.672	1.734	4.730	3.226	1.361	-1.324	-12.530	-13.009	-0.157	-2.387	3.366	3.975	-2.778	-8.748	-13.060	-8.778	-3.057	-13.694	-4.616	-1.814	-6.021	1.624	11	ScrambledFaces
-17.531	-0.148	-12.834	-1.370	1.906	7.499	14.054	16.123	16.207	15.384	12.000	4.391	2.335	0.910	-14.688	-4.368	-2.099	-7.883	-5.293	-2.657	-2.047	-6.199	-10.603	2.953	4.805	12.895	9.323	11.678	11	ScrambledFaces
-4.032	-1.162	1.451	2.202	-7.719	-1.905	-5.742	-4.506	-6.473	-4.927	-3.333	-3.368	-2.837	1.276	-2.000	3.327	1.342	0.709	8.299	5.211	4.109	9.180	6.389	2.178	0.161	0.721	-0.412	3.693	11	Faces
-3.516	3.870	-1.705	-2.865	-12.069	-2.588	8.029	3.290	3.925	11.798	6.560	1.618	-2.485	-3.914	-3.165	-2.778	-1.098	0.292	-1.225	0.308	-4.930	-4.289	-3.126	4.486	3.776	5.069	3.478	3.083	11	Faces
-9.451	-4.143	-6.175	-0.893	-7.306	-6.828	10.385	12.217	17.542	11.168	10.159	6.310	-3.813	-3.748	-12.124	2.307	-5.647	-10.760	-3.492	1.009	-0.732	0.029	-4.792	-2.442	6.971	11.488	5.354	11.474	11	ScrambledFaces
-14.226	-11.369	2.530	-10.723	-1.882	1.974	12.350	8.585	10.977	11.761	12.560	12.030	0.833	-3.504	-8.427	-17.429	-12.588	-6.310	-11.327	-17.555	-12.595	-10.374	-8.209	-0.956	4.887	6.217	9.987	11.173	11	ScrambledFaces
-8.874	4.630	-1.665	5.161	6.613	12.325	14.783	14.897	12.602	14.693	18.362	6.726	4.472	0.457	-13.219	0.507	-6.567	-9.071	-4.790	-4.726	-5.602	-7.483	-7.192	0.396	-5.925	2.529	6.255	5.190	11	ScrambledCars
-9.575	-8.940	-11.223	-8.047	-11.757	-11.333	0.637	-3.618	-3.245	7.195	6.199	5.418	-2.245	0.232	-6.225	-6.780	-4.638	-2.383	1.036	-1.493	-3.417	4.606	3.247	2.018	4.778	6.563	4.726	8.876	11	Faces
2.604	3.050	7.706	0.603	-0.247	4.383	5.971	4.079	3.175	-0.706	-5.503	-1.614	-2.124	-2.281	-2.414	5.808	8.290	2.507	3.320	1.472	1.602	-2.003	-6.190	-2.462	-4.698	-3.465	-3.931	-2.147	11	Cars
-18.356	-11.191	-1.684	-2.068	-1.608	9.233	13.501	24.679	31.281	22.268	16.050	4.941	3.030	0.313	-15.027	-9.614	-11.356	-11.144	-7.901	-8.927	-2.691	-5.764	-7.900	0.985	-1.408	2.168	4.163	8.093	11	ScrambledCars
-7.291	8.644	2.388	5.211	5.005	-2.159	2.084	6.963	8.327	11.235	4.298	1.207	0.583	1.217	-4.213	7.332	-0.598	0.204	7.534	8.343	6.046	1.537	-3.616	-3.167	-2.218	1.925	2.718	1.216	11	ScrambledCars
-12.410	-4.378	-0.600	-1.778	-0.275	3.652	2.265	8.135	11.791	9.299	3.237	0.381	-2.075	-6.917	-8.283	-11.987	-10.875	-5.468	-8.617	-13.053	-9.968	-6.769	-4.797	-1.212	7.144	9.372	6.210	9.785	11	ScrambledCars
1.183	0.063	0.226	-2.846	3.896	6.794	-6.681	6.080	11.245	8.981	8.877	3.685	-5.892	-5.139	0.871	1.343	4.664	7.108	2.556	-1.530	-4.347	0.255	1.733	-7.212	0.380	-5.275	-6.612	-0.542	11	ScrambledCars
7.272	5.103	3.807	0.662	-3.037	-7.473	-3.566	-9.605	-13.793	-2.175	-5.347	-6.188	1.951	4.689	4.891	6.604	12.438	7.361	9.367	5.106	2.543	12.960	11.154	1.245	-10.273	-5.821	-1.848	-5.236	11	Faces
9.132	6.716	3.067	0.580	-1.627	0.569	-9.024	-3.765	-3.999	-5.201	-7.120	-1.068	2.890	3.711	12.033	7.955	9.085	8.536	6.233	7.296	7.861	4.947	2.553	3.122	-10.579	-3.443	-2.043	-3.874	11	Cars
-11.725	-4.952	-7.439	-6.108	-11.152	-9.279	12.313	8.408	12.533	19.251	8.442	6.133	2.011	-3.626	-8.297	-6.904	-3.753	-1.943	-0.718	-6.606	-3.908	-2.839	-1.506	2.699	4.664	3.653	4.782	7.384	11	ScrambledFaces
-12.455	-10.382	0.496	-7.155	-10.453	-8.517	4.688	8.858	17.517	10.841	7.228	5.989	-4.813	-8.743	-8.165	-13.779	-11.174	-5.282	-10.040	-12.458	-9.171	-5.616	-4.705	3.432	9.439	12.028	7.051	13.513	11	ScrambledCars
-5.477	-4.527	-15.160	1.089	-1.422	4.938	10.213	8.721	5.168	11.261	6.985	4.019	9.070	9.705	-8.133	0.125	-3.096	-5.870	5.922	7.956	8.789	8.848	1.526	10.694	0.450	0.278	8.114	5.612	11	Faces
-2.273	7.230	12.001	5.507	-5.012	7.260	-3.966	0.063	-1.087	-4.242	-0.578	-4.489	-9.473	-3.394	1.610	6.723	4.832	0.034	1.805	5.097	2.956	1.388	1.231	-4.980	0.236	0.566	-4.417	0.571	11	Cars
3.019	4.898	0.471	5.463	1.870	-7.932	0.543	1.233	3.002	4.992	-4.948	-5.125	4.119	3.984	0.118	9.704	4.200	1.169	2.720	4.367	4.361	-0.861	-5.604	-0.461	-4.698	-3.201	-3.674	0.292	11	ScrambledFaces
-13.120	-12.947	-15.506	-10.014	-6.057	-2.904	2.180	12.233	20.601	12.780	15.559	13.899	-2.984	-6.400	-13.247	-13.885	-8.201	-4.454	-5.423	-12.491	-11.722	-8.741	-6.206	1.936	5.826	11.212	6.969	18.667	11	ScrambledFaces
0.849	5.363	-0.031	3.848	7.996	3.843	5.664	-1.695	-4.963	-2.887	-0.910	-1.661	-7.078	-2.335	6.116	6.648	11.289	13.031	8.043	2.124	-0.007	2.456	2.227	-6.116	-5.283	-4.249	-4.860	-3.653	11	Faces
-11.869	-5.538	-10.886	-3.088	-4.376	-0.655	11.681	13.054	15.020	16.515	15.174	10.241	7.336	3.314	-16.350	-3.583	-10.318	-14.918	-9.670	-0.261	0.350	-6.178	-10.512	2.024	3.720	8.698	7.645	10.892	11	ScrambledCars
-14.683	-6.174	-3.454	-1.719	4.869	-1.451	5.093	6.145	8.322	4.414	2.415	-4.369	-3.899	-1.481	-4.876	-6.144	-2.327	-0.277	4.300	0.858	-2.199	4.206	4.500	-4.402	3.368	5.488	-1.373	2.278	11	ScrambledCars
-6.150	-1.803	-9.997	-2.912	2.745	-6.523	6.770	8.216	13.928	4.469	6.090	2.647	-2.298	-3.943	1.291	-0.315	0.866	-0.405	1.429	-4.894	-8.177	-1.932	-0.320	-1.229	-1.455	-0.540	-2.442	2.324	11	ScrambledFaces
-7.087	-9.766	-8.639	-6.750	-5.828	1.901	13.280	18.785	26.596	14.191	18.410	16.000	1.395	-5.329	-15.082	-17.184	-17.164	-15.200	-12.628	-13.487	-8.262	-10.628	-7.501	2.966	8.945	14.966	13.393	18.029	11	ScrambledFaces
-0.676	3.414	1.266	-2.007	7.305	-0.845	-0.103	7.728	11.826	3.604	7.212	-1.192	-4.853	-1.297	-5.811	1.251	-3.852	-0.599	2.860	7.814	0.598	1.965	-1.004	-0.671	-1.465	1.365	1.664	3.827	11	ScrambledFaces
8.839	8.298	13.713	4.364	0.552	-1.566	-16.067	-14.898	-17.797	-15.604	-13.497	-12.341	-9.995	-3.381	8.724	9.437	10.455	11.747	10.694	6.613	4.211	3.904	3.975	-4.311	-6.312	-10.882	-11.781	-7.033	11	Faces
-2.515	-2.786	2.001	-3.406	-9.414	-6.109	1.874	6.825	12.648	8.828	11.621	12.377	1.185	-3.588	-4.719	-2.563	-10.357	-9.542	-7.161	-0.550	-2.754	-6.301	-9.450	-1.834	1.126	5.642	6.014	10.450	11	ScrambledCars
-0.897	-2.337	1.776	-0.571	-1.203	-1.811	-0.264	-2.693	-2.851	0.081	-2.518	-1.792	-5.515	-10.393	0.007	-0.795	-3.271	-0.601	-0.269	-4.931	-6.569	-2.152	-2.165	1.430	6.893	4.010	4.452	5.956	11	ScrambledCars
-9.105	-0.153	-0.444	-2.454	2.280	-1.169	7.328	7.070	7.451	7.285	5.856	1.014	3.265	4.731	-8.119	-1.757	-0.165	-1.401	3.395	0.393	4.252	1.788	-3.327	0.314	-1.333	1.313	3.653	3.576	11	ScrambledCars
-3.116	-9.131	-4.992	-4.276	-9.165	-3.928	5.482	4.867	9.138	3.489	0.981	5.174	-4.501	-4.039	-7.061	-9.191	-6.111	-2.139	-2.384	-10.717	-9.398	-2.745	-1.069	-0.846	0.869	1.799	-0.048	6.225	11	ScrambledFaces
8.310	9.024	1.856	7.523	7.647	1.290	-8.361	-8.069	-13.499	-6.853	-7.502	-12.387	0.604	5.680	3.819	9.626	8.597	5.002	8.276	9.289	6.445	6.650	1.672	-7.510	-16.219	-13.696	-6.601	-8.869	11	Cars
7.434	0.460	1.513	0.920	5.234	-1.349	6.466	0.295	-1.958	-1.844	5.788	0.582	-1.721	-3.284	-5.127	1.596	-0.127	-5.540	1.376	0.290	-3.488	1.085	0.416	1.957	-2.130	0.457	3.444	-0.095	11	Faces
-1.753	0.948	-1.626	-0.648	4.703	-0.177	5.302	0.583	-1.912	8.835	2.648	-0.244	3.881	2.347	-0.567	-1.621	-1.777	2.743	3.670	2.600	2.960	4.633	5.283	1.764	-5.507	-7.267	-1.138	-3.037	11	Faces
-5.284	-4.939	-6.059	-0.827	-9.665	1.562	14.013	5.090	1.628	12.750	4.469	4.004	8.844	6.414	-9.520	-7.689	-4.108	-4.739	-3.777	-1.560	2.044	-1.535	-2.050	9.688	4.657	6.203	12.214	9.732	11	Cars
-6.318	-6.910	3.803	0.832	-0.463	0.658	-0.841	0.379	1.304	8.519	3.401	3.613	-2.272	-3.229	-2.224	-8.064	-4.696	2.397	-1.877	-2.509	-4.958	-4.203	-3.144	-5.140	-0.972	3.385	1.167	3.664	11	Cars
-8.392	-8.047	-10.036	-9.705	-7.652	0.566	3.662	8.200	11.524	10.187	14.284	9.251	5.661	0.593	-11.926	-10.061	-11.623	-10.643	-5.350	-7.865	-5.693	-1.833	-1.540	6.690	11.936	11.108	9.589	12.050	11	Faces
-8.814	-7.831	-17.042	-9.768	-0.261	-6.616	3.410	8.992	14.351	10.543	12.479	11.799	3.470	-0.757	-12.719	-10.483	-7.147	-8.437	-2.797	-8.098	-2.872	-2.643	-2.899	5.499	11.290	17.751	12.818	18.627	11	ScrambledCars
-6.392	5.306	0.516	3.932	4.935	3.387	-9.314	3.199	6.252	4.502	3.908	-0.724	-5.061	-6.528	-0.014	0.826	1.907	6.050	3.445	-0.171	-6.431	1.099	-1.466	-6.658	-5.915	-3.444	-2.880	0.131	11	ScrambledCars
-0.477	-5.855	1.227	-6.692	-5.472	-0.134	9.377	5.645	7.930	13.193	10.799	5.475	-0.579	-3.733	-2.521	-6.869	-4.654	-1.032	-4.004	-6.334	-1.576	-3.574	0.680	0.095	-0.596	4.566	-1.022	1.702	11	Faces
2.191	1.502	1.535	2.353	9.152	6.098	1.960	3.167	1.375	-7.912	-2.290	-2.186	-2.833	2.428	1.389	8.177	7.727	-0.774	7.062	5.440	3.413	5.546	2.878	-4.788	-8.185	-4.545	-7.931	-5.705	11	Faces
-9.364	-8.648	-4.527	-9.112	-4.377	-5.343	13.656	9.966	14.418	13.409	16.976	13.810	4.578	-0.659	-4.824	-9.889	-11.068	-8.815	-11.036	-9.967	-8.462	-6.538	-5.662	2.191	-0.025	2.688	5.931	11.368	11	ScrambledCars
-8.325	-9.622	0.594	-6.659	-3.595	0.406	5.867	10.688	13.446	16.144	15.228	13.087	5.732	3.311	-16.105	-10.945	-10.905	-12.635	-7.794	-6.792	-2.058	-6.756	-8.682	6.676	6.981	11.935	14.828	16.364	11	ScrambledCars
-7.101	-8.963	-10.721	-6.792	-0.624	-1.985	17.403	9.026	10.825	10.042	13.744	8.397	0.586	-3.629	-9.404	-9.382	-9.461	-5.610	-8.299	-7.037	-6.956	-6.429	-7.720	1.322	3.559	7.763	4.904	8.591	11	ScrambledFaces
4.198	10.174	1.554	8.967	9.391	2.745	-0.650	-2.450	-6.624	-2.556	-12.127	-14.148	-0.838	3.225	2.142	9.352	5.350	5.970	8.720	10.653	8.300	8.172	6.995	-2.557	-10.364	-12.975	-10.884	-14.012	11	Faces
-1.418	2.621	-3.074	5.100	3.227	2.023	2.221	-1.823	-5.365	-0.168	-1.408	-4.281	0.628	2.616	7.669	4.334	2.556	2.070	3.489	3.909	2.191	0.916	-3.206	-1.089	-9.156	-4.313	-4.330	-4.241	11	Cars
-6.947	-15.446	-8.273	-8.605	-5.273	-5.027	26.450	14.115	16.802	18.709	12.723	9.504	8.898	-1.175	-14.766	-11.237	-11.660	-12.317	-9.169	-11.926	-10.250	-6.219	-4.513	6.309	6.954	8.899	8.196	10.463	11	ScrambledCars
-0.401	2.246	-4.373	-0.275	-0.722	5.750	-6.090	1.476	0.979	3.527	2.594	-1.245	-0.430	1.559	1.057	3.428	5.896	-1.294	1.420	2.609	0.197	6.165	5.513	0.757	2.405	5.012	0.113	3.132	11	Faces
-10.016	-6.961	-1.201	-0.222	2.830	7.596	7.655	10.279	11.548	11.916	3.179	0.183	-0.805	-6.216	-13.394	-8.978	-8.237	-6.697	-11.340	-10.339	-9.920	-10.303	-8.930	-1.754	2.890	7.787	4.119	7.487	11	ScrambledFaces
-8.863	-2.652	1.293	-1.243	-0.626	9.110	10.052	12.330	13.394	16.561	11.976	5.584	-2.043	-6.590	-8.825	-15.780	-13.030	-11.245	-11.265	-10.378	-5.089	-9.419	-12.150	-4.150	-4.512	3.090	4.410	6.577	11	ScrambledCars
-11.798	-4.638	-17.010	1.911	-1.061	-9.610	13.725	8.198	8.996	13.162	15.008	7.547	5.775	4.669	-9.067	4.711	1.928	-3.561	6.445	5.136	1.736	8.875	4.515	6.416	6.337	7.824	6.496	11.500	11	ScrambledCars
1.712	-4.000	-2.777	-6.271	-4.614	-0.260	4.516	3.152	5.918	9.345	0.606	4.702	-2.886	-4.631	-3.972	-8.633	-7.031	-4.238	-7.146	-9.234	-7.579	-9.413	-8.347	-7.093	2.393	0.859	-2.196	7.139	11	Faces
6.460	1.365	3.033	3.399	6.093	4.229	-1.177	4.536	4.037	16.083	4.417	-1.318	2.532	5.043	-2.184	6.126	2.288	2.796	4.249	8.080	7.871	6.321	3.534	6.012	-3.283	-1.498	0.040	-0.818	11	Faces
-12.864	-9.021	-7.418	-6.510	-2.609	-0.453	19.845	14.838	17.084	9.410	12.754	11.118	6.583	1.030	-8.201	-11.428	-10.988	-14.600	-9.318	-7.227	-4.384	-3.792	-8.792	6.652	1.953	7.668	9.491	9.720	11	Faces
-19.321	-15.149	-8.963	-14.356	-11.356	-3.734	6.913	7.170	12.699	9.594	14.904	14.913	-1.935	-11.198	-10.266	-11.758	-12.871	-3.776	-11.451	-16.436	-12.020	-6.061	0.691	1.185	15.036	18.243	14.636	17.914	11	ScrambledCars
-6.783	-2.164	-12.336	-0.340	-3.768	-13.381	6.442	-2.099	-3.399	-1.361	8.521	6.138	6.988	7.625	0.665	3.365	3.583	-0.059	5.419	8.593	8.293	2.979	-13.701	2.570	-4.782	-1.232	3.718	3.637	11	Cars
-10.194	-4.855	-2.874	-4.298	-4.176	-6.901	10.771	9.864	14.308	6.844	8.951	5.734	3.247	0.216	-7.298	-4.532	-4.999	-8.701	-4.386	-3.522	-1.715	-4.773	-6.184	-3.217	-1.802	2.567	2.678	7.924	11	ScrambledCars
-2.181	-5.947	-9.316	-3.795	-3.516	0.018	-3.408	8.061	14.377	7.537	14.126	8.163	1.102	-3.233	-7.173	-8.439	-10.295	-7.572	-6.130	-6.720	-6.756	-5.452	-3.047	1.253	2.422	2.960	5.074	7.955	11	ScrambledFaces
-7.676	-5.640	3.649	-5.420	3.099	-0.229	7.967	11.751	17.103	10.944	8.957	6.492	-1.874	0.372	-11.526	-9.180	-5.543	-2.913	-3.017	-8.675	-6.636	-1.471	0.532	1.072	3.839	10.865	1.935	9.020	11	ScrambledCars
-4.945	7.062	3.274	5.977	5.185	-2.528	7.458	5.849	7.554	0.325	5.386	-0.380	-0.672	1.009	-0.861	7.957	5.942	2.220	3.832	4.090	0.678	2.345	2.692	0.246	4.183	5.957	0.357	5.878	11	ScrambledFaces
3.865	-1.476	-1.606	-2.925	0.520	0.935	3.899	-3.397	-8.011	0.386	-1.577	-4.603	4.809	4.432	1.416	2.063	7.298	8.447	5.378	4.682	7.408	6.981	1.559	2.826	-8.322	-5.607	0.118	-3.637	11	Cars
-3.230	0.145	6.000	-2.738	-15.307	1.113	5.588	4.996	8.522	5.696	6.982	3.513	-1.193	-4.897	-1.383	-5.536	-1.144	-0.612	-6.990	-7.203	-8.383	-12.272	-7.848	-5.126	-1.185	-0.022	-0.627	2.976	11	Faces
-1.428	7.485	6.230	5.256	-0.967	0.294	5.073	7.561	10.119	-3.202	6.838	2.145	0.516	4.924	0.462	0.364	-0.888	-2.059	7.969	3.403	4.995	7.345	6.026	-4.970	-8.635	-6.969	-5.044	-3.106	11	Faces
-18.076	-17.359	1.456	-16.470	-13.685	-10.982	3.740	3.954	8.856	12.535	11.384	14.472	3.025	-4.357	-15.684	-16.006	-16.309	-10.234	-7.945	-14.407	-9.778	-3.203	-2.061	7.354	10.683	14.202	11.496	20.956	11	ScrambledCars
-3.403	0.567	-1.021	2.179	12.775	-1.905	12.762	9.599	10.861	18.097	13.039	8.442	5.095	4.343	-11.624	-7.397	-10.228	-13.133	-12.685	-4.513	-4.027	-5.191	-10.592	-1.768	4.248	7.718	3.353	11.616	11	ScrambledCars
-13.654	-12.227	-7.299	-8.638	5.208	2.391	16.016	15.827	19.134	17.966	16.829	7.828	7.773	2.140	-11.556	-13.268	-15.673	-18.397	-14.764	-12.531	-4.981	-9.550	-8.024	5.618	4.988	6.394	4.108	7.602	11	ScrambledCars
-3.927	6.529	4.779	8.627	-4.706	4.076	1.242	3.755	3.294	6.275	1.635	3.964	-1.372	2.227	-4.840	6.114	-2.996	-3.402	-3.282	2.217	0.386	-8.457	-10.952	-4.448	-0.498	2.880	0.552	4.801	11	Faces
13.035	6.810	11.984	7.831	-0.435	1.852	1.859	1.263	1.370	7.100	9.806	4.192	-0.676	-3.182	4.260	5.278	8.342	1.219	-1.096	3.061	-1.316	-4.157	-5.579	-5.566	-12.503	-11.916	-6.054	-1.838	11	Faces
6.150	6.426	-2.530	4.073	1.845	-0.587	-3.800	2.658	5.594	-1.090	3.999	1.832	-3.635	-0.795	-2.863	4.245	-3.267	0.334	0.059	3.686	0.723	-3.821	-1.939	-5.909	-6.107	-1.661	-0.833	-0.266	11	Cars
-1.794	3.863	-3.048	1.091	-5.330	-7.077	-4.178	-6.517	-9.249	2.322	-1.351	-6.021	0.015	3.794	5.257	11.009	9.893	6.527	11.422	8.267	7.313	3.025	-0.224	0.568	-6.809	-5.589	-2.432	-6.878	11	Faces
-4.703	0.085	11.002	-3.480	-9.195	3.716	13.531	0.543	-3.509	-6.535	-1.754	-1.175	-4.200	-3.376	3.692	-0.004	0.422	2.521	2.865	0.111	-3.865	1.674	1.119	-5.457	-13.677	-11.028	-3.396	-0.319	11	Cars
-13.016	4.223	-15.207	4.476	13.856	3.184	22.116	13.791	9.427	16.829	7.754	2.048	12.544	8.968	-7.554	-0.573	-4.035	-8.758	-1.007	3.683	5.646	4.632	-1.042	4.093	-4.044	5.642	7.272	3.851	11	ScrambledCars
-0.329	-0.994	5.002	-2.806	-4.239	0.569	5.653	1.508	1.087	5.026	6.925	4.041	2.456	-1.560	-2.747	-6.919	-6.787	-3.043	-7.924	-3.196	-4.969	-6.162	-2.249	5.415	1.339	7.342	8.568	5.649	11	Cars
-0.687	1.124	-40.224	3.722	10.370	4.686	16.014	16.510	17.070	15.246	10.889	9.672	6.418	1.877	-14.094	0.799	-9.365	-11.625	-8.053	-3.087	-2.262	-12.193	-12.370	4.949	2.060	11.050	10.120	10.140	11	ScrambledCars
0.964	4.877	2.639	1.483	-6.783	-2.163	1.599	-2.030	-3.970	-0.321	2.687	-0.525	-0.221	-0.918	2.026	6.626	3.112	-3.403	3.226	3.606	1.403	1.895	-4.562	-6.210	-4.619	0.311	-2.253	-0.185	11	Cars
-7.104	4.711	-0.930	5.476	6.947	-1.501	6.075	7.936	7.595	1.947	8.090	1.878	8.889	7.744	-6.034	3.367	-1.427	-6.350	2.525	5.018	8.949	6.737	1.335	6.251	-3.144	-0.435	6.974	0.938	11	Cars
-7.798	-5.263	-1.441	-1.663	-1.844	3.530	11.360	14.700	17.873	14.703	17.752	12.358	5.048	3.787	-11.178	-4.914	-10.808	-11.378	-5.519	-0.449	3.741	-2.446	-7.132	-0.380	3.321	8.472	7.472	8.786	11	ScrambledFaces
1.170	-0.547	-4.501	-6.295	-2.863	-4.033	-3.904	-3.084	-1.986	-5.637	-0.843	1.009	-1.283	-1.892	6.584	3.699	8.659	8.587	3.965	-0.047	-4.052	2.727	2.930	8.635	3.571	5.418	8.143	5.932	11	Cars
-6.954	-3.660	-2.360	-4.416	5.047	-0.028	-0.902	10.930	17.619	11.173	13.658	8.498	-2.291	-3.791	-11.318	-1.241	-5.257	-7.651	-8.428	-2.301	-6.501	-8.467	-2.675	-4.852	4.988	7.324	2.938	13.031	11	ScrambledFaces
-2.597	-2.546	-1.458	1.117	-6.269	1.312	10.614	11.971	17.034	2.348	12.090	4.789	-5.571	-7.152	-4.607	-4.570	-2.022	-1.649	-1.612	-5.111	-4.779	-2.506	-4.185	-8.005	-12.017	-5.913	-4.989	-0.667	11	ScrambledFaces
7.743	10.099	1.132	6.995	7.681	2.550	-10.352	-1.229	0.697	-5.358	-4.450	-4.842	-7.937	-2.489	5.538	7.620	6.451	9.798	6.367	5.826	-0.074	2.411	1.503	-6.298	-9.107	-9.788	-8.512	-3.642	11	Cars
-14.761	-1.762	-13.248	-0.666	-2.975	5.602	5.908	19.101	24.346	21.186	18.268	8.240	4.228	1.511	-16.445	-6.323	-12.295	-12.790	-8.509	-0.442	-0.109	-6.262	-11.865	-2.796	1.641	6.693	7.916	12.711	11	ScrambledCars
1.172	0.102	1.992	1.711	3.895	2.317	-0.463	1.425	2.230	1.184	7.053	5.998	-3.595	-1.453	-2.030	-4.844	-7.337	-5.271	-4.542	0.519	1.787	-2.697	-2.101	-2.005	1.936	5.973	-0.688	7.926	11	Cars
-2.870	1.267	0.560	-2.005	-6.490	-1.434	5.265	3.502	6.011	-1.007	-0.728	-1.733	-4.543	-5.443	-8.166	-5.800	-6.028	-4.472	-6.681	-5.461	-5.113	-5.901	-2.670	-1.664	7.721	6.908	2.061	2.890	11	ScrambledCars
-4.352	-7.363	-5.118	-1.164	-6.963	-1.559	6.561	8.773	11.836	10.507	5.166	0.138	2.700	1.006	-10.677	-6.350	-2.255	-3.430	-1.094	-2.610	-2.591	2.056	-4.228	-0.703	-0.185	2.970	3.527	2.507	11	ScrambledCars
-4.899	-3.905	-3.040	-2.433	2.331	4.878	6.707	8.179	8.468	5.904	-1.613	0.829	2.988	-0.024	-5.109	-4.472	-0.997	-0.815	-3.605	-5.276	-1.761	-2.036	3.785	1.993	-6.434	-1.245	4.691	0.900	11	Cars
-12.285	-5.794	-15.218	-2.956	-4.334	0.059	9.586	19.934	28.841	14.296	23.854	13.663	2.096	1.652	-11.397	-7.172	-11.663	-14.663	-7.771	-1.528	-3.294	-9.843	-9.741	-3.432	4.916	7.883	4.449	12.258	11	ScrambledFaces
0.869	-10.009	0.315	-8.723	-5.749	-9.124	-0.068	1.658	8.870	5.621	7.675	11.637	-6.330	-6.910	-0.946	-7.590	-5.579	-1.260	-4.570	-6.008	-5.580	-5.198	-4.468	-5.678	3.692	2.711	-2.619	6.608	11	Faces
