FP1	F3	F7	FC3	C3	C5	P3	P7	PO7	PO3	O1	Oz	Pz	CPz	FP2	Fz	F4	F8	FC4	FCz	Cz	C4	C6	P4	P8	PO8	PO4	O2	ID	Condition
-4.892	-3.441	-1.205	-10.929	-6.570	-2.765	-5.934	1.141	8.431	11.964	17.266	12.267	-3.765	-8.745	-2.310	-6.537	-5.679	5.637	-8.319	-8.339	-9.375	-4.135	-2.266	3.890	6.244	13.939	7.449	10.584	12	Faces
-14.105	-13.112	5.641	-4.551	-6.573	0.659	14.246	14.901	21.791	20.150	11.326	10.845	0.749	-8.655	-7.117	-19.266	-16.403	-19.375	-6.419	-16.784	-10.303	-8.318	-5.177	2.884	4.921	10.648	7.804	10.289	12	ScrambledCars
-7.110	-9.978	-7.499	-21.949	-8.570	-6.423	3.406	10.601	21.181	21.928	14.035	16.142	-0.011	-2.846	-10.121	-8.209	-10.387	-9.808	-6.535	-9.957	-7.783	-4.115	-4.162	6.385	11.538	17.965	13.153	18.177	12	ScrambledFaces
3.455	4.265	8.983	-9.375	-8.310	-3.026	-1.916	-4.841	-0.987	-1.851	-0.622	-1.007	-2.655	-11.254	6.715	2.762	-0.638	11.061	-2.302	-3.983	-9.423	-7.634	-4.363	-2.220	-3.034	0.706	-0.902	2.333	12	Faces
-0.993	-6.701	9.053	13.840	-9.183	-5.587	-0.343	6.536	6.615	11.937	14.414	11.128	-5.812	-11.799	-15.458	-13.880	-10.760	-15.256	-8.872	-13.156	-16.268	-6.706	-6.024	-0.464	8.563	15.482	6.197	10.257	12	ScrambledFaces
-4.668	-5.361	4.967	3.952	-7.138	-0.863	-6.482	1.323	-0.444	3.166	10.802	5.710	-9.187	-7.058	3.623	-6.991	-2.069	2.570	-4.394	-7.450	-8.400	-5.703	2.173	1.399	4.639	7.018	2.006	5.343	12	ScrambledFaces
-0.942	9.596	4.249	12.639	6.203	6.837	11.185	11.046	-1.620	6.459	-9.301	-0.401	7.127	8.113	-6.126	1.099	-1.676	2.403	-1.232	0.227	0.806	-1.598	-5.245	1.026	-4.337	-2.664	3.107	4.079	12	Faces
-1.138	-3.428	-2.267	-3.726	-5.156	-5.210	-4.505	5.849	15.398	8.682	20.264	13.211	-9.304	-11.640	-5.790	-5.352	-4.140	-12.496	-10.440	-10.564	-6.247	-11.339	-12.389	-4.078	-0.947	10.309	3.705	10.152	12	ScrambledCars
-1.276	-5.315	6.114	5.107	2.962	3.952	16.607	10.392	18.993	16.055	20.012	11.483	-8.344	-6.317	3.881	-7.816	-3.181	-3.465	-13.307	-4.852	-6.815	-7.962	-7.044	-6.335	-1.174	2.752	0.315	6.935	12	ScrambledFaces
-3.568	1.069	-9.643	-16.402	-2.138	-6.610	-4.939	-2.411	5.138	5.492	14.484	11.450	1.771	-5.699	-2.197	-3.264	-5.936	-6.431	-6.652	-3.512	-2.394	-6.260	-4.104	5.004	10.169	15.268	8.824	9.748	12	Faces
-5.738	-10.379	-2.648	-13.206	-6.488	-2.180	3.803	9.042	11.226	12.343	13.873	10.896	2.933	-9.932	-6.336	-16.130	-12.162	-10.331	-11.737	-19.543	-15.976	-9.905	-2.696	0.200	7.214	11.332	6.689	10.494	12	ScrambledFaces
-6.145	-5.509	-9.928	-7.176	-5.160	-5.331	8.186	4.778	13.454	16.333	15.029	13.609	0.555	-2.938	-4.227	-7.545	-6.113	-2.277	-2.400	-6.380	2.184	-9.466	-5.919	0.584	2.575	8.924	7.554	11.518	12	ScrambledFaces
-3.659	-7.671	5.373	3.539	-3.830	-1.547	0.426	9.054	4.074	12.830	0.111	4.910	-5.941	-8.825	-12.607	-16.143	-10.521	-0.913	-7.501	-14.695	-13.251	-13.337	-9.618	-7.502	5.281	8.837	2.542	11.528	12	Faces
0.308	1.112	-1.637	2.553	5.421	2.626	4.918	-2.914	1.933	4.353	0.608	3.135	0.464	-2.544	-4.985	-0.813	-6.176	-5.046	-4.985	-0.877	-6.593	-5.784	-5.357	3.498	1.245	7.353	4.811	4.024	12	Faces
-14.907	-11.413	-6.059	-9.987	-4.143	-0.399	8.285	9.738	19.980	13.691	21.240	12.729	-8.061	-5.518	-4.315	-14.682	-10.023	7.246	-14.308	-16.594	-5.928	-10.497	-7.183	3.037	4.701	9.956	5.305	9.657	12	ScrambledCars
-2.113	2.869	4.888	-6.659	-12.523	-5.426	3.363	0.650	15.557	6.475	20.096	11.337	-5.617	-14.205	-0.960	-2.548	-5.935	4.850	-5.431	-6.310	-10.702	-11.137	-7.989	-3.781	2.038	6.545	2.260	8.826	12	ScrambledFaces
-1.226	5.171	8.907	2.387	4.369	2.856	-4.996	-3.128	2.677	-3.554	-6.076	-6.505	-1.970	4.620	5.069	1.145	3.258	17.606	-0.120	1.240	0.415	-1.045	4.300	-5.524	-4.200	-4.051	-5.889	-4.672	12	Faces
0.881	1.825	8.435	1.798	3.730	-1.784	2.990	-4.660	-0.499	3.890	10.426	8.332	6.384	0.676	-9.256	-0.206	-3.665	-10.312	-3.787	-0.033	1.775	-1.499	-2.176	4.614	-2.238	4.168	6.069	4.588	12	ScrambledCars
-5.796	-7.603	-0.989	-5.659	-11.505	-2.722	5.795	4.690	10.534	5.973	4.853	8.109	-1.173	-0.635	-1.867	-12.002	-7.113	0.943	-6.454	-5.348	-2.875	-1.198	0.668	3.170	13.958	18.078	8.906	15.390	12	ScrambledFaces
6.746	2.144	2.374	-3.083	-6.090	1.784	10.221	0.509	4.990	8.180	20.227	11.380	-4.707	-6.441	-0.845	-0.121	-7.314	-16.329	-14.197	-1.396	-7.188	-8.814	-8.470	-3.720	-1.641	3.737	1.751	4.989	12	ScrambledCars
0.147	-6.825	-2.130	-2.248	3.111	-2.029	-1.181	6.740	14.586	16.101	4.326	7.022	-4.864	-3.056	-10.304	-8.895	-3.118	3.126	-4.456	-7.053	-5.955	-8.935	-8.023	-0.849	1.123	4.506	4.069	9.313	12	ScrambledCars
-0.042	-3.860	-7.096	10.493	1.632	0.374	-4.998	2.807	14.713	6.504	15.620	12.330	-6.548	-12.854	-4.276	-10.312	-9.737	-11.010	-7.113	-6.860	-11.687	-7.212	-7.158	-0.659	6.501	10.378	5.817	12.290	12	ScrambledCars
3.808	1.030	3.493	-1.857	-9.148	-0.889	-16.247	3.793	10.301	-0.999	3.120	2.465	-9.604	-12.706	9.771	0.094	-0.553	-6.410	-12.042	-7.574	-16.392	-7.600	-2.867	-9.943	8.168	9.725	-1.187	8.814	12	Faces
2.177	-2.374	3.364	-3.976	-6.204	-5.201	3.513	-3.185	4.142	10.217	12.221	10.406	1.964	-4.013	-5.277	-1.490	-0.669	-1.237	-2.946	1.575	-5.013	-0.962	-0.967	1.421	1.658	8.124	6.273	8.504	12	Faces
-9.733	-6.490	-5.780	-5.592	-6.323	-5.026	0.990	-4.308	6.775	3.029	12.192	10.632	4.568	-1.476	-3.700	-2.059	0.320	-8.892	-3.807	-4.879	1.907	-0.989	-1.116	10.101	11.758	14.568	10.652	9.247	12	ScrambledCars
-1.819	3.284	3.847	-2.055	-2.757	2.594	4.273	5.620	10.672	6.806	16.765	10.278	-1.604	-4.208	-8.874	-8.221	-6.988	-9.117	-6.257	-4.112	-9.046	-4.819	-8.853	-2.141	3.876	9.082	3.532	6.707	12	Faces
8.525	12.944	10.571	1.674	9.901	4.927	-0.808	0.074	-1.861	-4.457	-0.032	-2.100	-6.265	-5.895	-0.637	4.052	-0.223	-7.426	-0.527	1.983	-2.747	-6.269	-5.057	-3.801	-7.193	-7.800	-4.473	-2.855	12	Cars
-12.893	-5.919	-8.616	-1.780	1.061	-0.605	-0.774	0.353	10.829	9.086	18.000	13.974	-0.347	0.721	-2.720	-8.768	-7.597	-15.562	-4.922	-4.789	-0.889	-3.857	-0.039	0.887	-0.029	8.187	6.738	9.496	12	ScrambledFaces
-0.289	-4.116	-16.286	-5.652	-7.217	-8.100	-5.486	1.743	10.185	6.098	18.833	16.237	4.398	-1.852	-6.061	0.533	-6.487	-9.962	-6.085	-0.997	-0.376	-6.011	-4.211	2.926	6.552	13.562	10.417	14.553	12	Faces
4.110	8.588	4.971	1.247	-2.416	-3.358	4.150	1.052	7.800	-5.703	2.089	-2.596	-11.332	-10.611	14.744	7.050	9.993	-2.369	2.915	6.221	-2.935	-3.711	-4.390	-8.119	-5.994	-5.820	-7.097	-3.350	12	Cars
-6.324	-3.377	-8.949	-6.711	-6.431	-2.195	14.092	10.374	15.041	15.040	11.542	11.481	3.205	-5.539	-4.743	-7.910	-7.510	-1.930	-9.094	-11.025	-12.464	-11.699	-8.119	-4.308	5.821	11.764	6.355	12.315	12	ScrambledCars
-12.543	-7.043	-9.094	-10.863	-1.614	-7.462	2.375	3.040	13.883	10.923	20.640	15.848	0.421	-4.261	2.961	-3.873	-6.765	-20.481	-2.976	-5.293	-0.088	0.399	0.608	7.849	10.920	9.203	9.858	11.126	12	ScrambledCars
-3.624	-0.136	-4.238	-4.052	-1.644	-0.628	3.191	3.119	12.963	11.446	-1.901	3.364	1.217	2.010	-6.366	-1.649	-4.222	-14.566	-3.092	-0.388	0.777	-2.159	-3.467	0.375	-1.746	4.194	3.943	4.067	12	Faces
-1.412	-5.809	7.065	-3.663	-1.539	0.831	-3.478	8.971	20.574	17.473	11.010	10.149	-1.760	-3.635	-6.582	-7.081	-11.473	-12.041	-10.519	-7.461	-6.798	-8.580	-7.731	-4.133	-0.424	3.322	3.475	9.993	12	ScrambledCars
-7.531	-5.052	-2.304	-11.731	8.996	2.002	6.545	3.597	5.414	11.562	15.205	12.059	0.477	-2.576	-1.142	-10.689	-11.046	-7.603	-6.502	-9.435	-3.612	-7.029	-6.884	1.012	3.429	6.383	6.176	9.845	12	ScrambledFaces
-4.255	-2.814	6.586	-8.206	-3.592	-2.355	-2.989	0.508	10.943	12.833	19.451	15.097	-2.017	-5.054	-7.493	-4.126	-7.924	-9.831	-8.459	-3.044	-6.794	-4.049	-1.220	2.502	10.190	14.912	8.750	13.281	12	ScrambledFaces
-0.614	2.359	-1.111	-2.887	2.723	-4.563	10.155	2.329	4.581	7.447	7.890	8.967	9.107	2.431	1.484	7.291	-0.424	-16.025	-3.670	8.390	7.612	0.071	-3.967	7.119	1.768	11.088	9.414	6.243	12	ScrambledFaces
-7.449	-4.909	-9.760	-15.889	-5.460	-0.366	9.587	10.645	15.439	11.768	20.263	11.692	-1.720	-8.682	-6.990	-9.140	-5.408	5.619	-9.698	-8.702	-11.268	-3.707	-2.857	5.280	5.747	7.372	5.625	6.517	12	Cars
-4.273	-3.252	-8.847	-6.625	-6.902	-8.091	0.037	-5.005	12.045	6.409	7.235	6.332	0.087	-6.566	4.163	-1.608	4.108	6.154	2.716	-4.130	-9.416	-1.872	0.334	-0.442	1.904	7.073	3.716	5.886	12	ScrambledCars
-10.532	-3.255	4.623	-3.908	1.090	1.706	16.807	6.741	5.047	6.006	7.393	6.663	1.886	0.249	4.346	-7.322	-3.689	-15.684	-5.730	-7.240	0.528	-0.276	1.833	4.294	1.814	4.804	5.361	5.894	12	ScrambledCars
-1.496	-0.967	2.185	1.713	-2.767	-1.503	-4.767	0.837	6.379	1.363	7.673	6.497	6.756	7.000	-10.807	-1.668	-7.266	-11.347	-2.592	5.517	5.731	-1.199	-9.580	1.364	4.426	11.296	5.520	4.959	12	Faces
7.978	8.717	3.733	-8.269	-1.407	0.453	-7.616	-0.683	-13.560	-3.718	-8.165	-3.074	-8.397	-12.671	2.180	8.900	11.709	9.011	3.387	5.712	-1.644	-3.113	0.267	-2.483	4.062	5.681	-0.225	3.889	12	ScrambledFaces
-9.704	-0.727	-11.316	-5.750	-0.912	-2.396	4.662	3.577	13.638	10.097	17.837	13.419	1.160	0.138	-4.550	-3.378	-4.138	-7.665	-2.071	0.369	0.524	-4.450	-0.627	6.810	3.237	9.590	8.618	8.147	12	ScrambledFaces
2.561	1.818	-10.422	-3.500	-5.206	-8.705	-0.018	-8.727	-2.436	-5.892	18.000	9.552	-8.198	-3.571	-3.012	5.390	11.129	7.688	9.035	11.866	1.819	4.460	3.187	-0.865	5.935	5.973	1.657	5.313	12	Faces
-3.651	2.658	2.504	4.576	2.115	5.864	2.775	6.982	6.264	10.013	10.119	8.670	-5.419	-5.570	5.320	0.326	-2.162	-15.620	-5.920	-4.098	-3.635	-8.065	-11.097	-8.243	-4.515	4.507	1.219	7.316	12	ScrambledFaces
-6.478	-14.730	-10.014	-11.946	-5.836	-7.165	11.993	10.756	12.510	17.939	24.811	20.585	-3.057	-6.181	-17.341	-19.879	-16.091	-23.577	-10.836	-17.011	-8.512	-5.521	-5.880	1.952	1.109	10.609	10.538	17.119	12	Faces
1.702	4.152	-0.364	-5.192	-3.057	0.536	3.116	1.107	13.732	3.125	9.110	3.959	-1.659	-3.921	-5.737	0.913	1.187	6.089	-3.712	-1.029	-8.580	-4.243	-2.577	-2.483	-0.463	0.366	-0.604	1.350	12	Faces
1.977	4.808	-9.326	-11.389	7.795	0.948	9.087	2.669	4.040	5.167	6.115	4.720	-6.386	-3.149	-1.428	1.752	3.084	-12.450	-2.719	3.877	1.754	1.420	-0.364	-0.948	1.737	0.035	0.699	2.122	12	Faces
4.157	0.293	-3.061	-5.888	-2.027	2.456	-0.782	4.785	11.401	9.455	14.364	7.414	-10.436	-6.582	-0.702	-2.952	-6.268	-3.216	-3.445	2.943	-4.449	-6.766	-1.976	-7.635	0.783	1.391	-2.052	3.778	12	ScrambledFaces
-3.302	-0.343	-6.131	-3.698	-0.783	-3.470	8.944	-0.607	0.964	6.185	-1.460	3.291	0.700	-3.810	3.023	-0.744	-11.529	-5.361	-3.132	-0.990	-0.668	-3.264	-4.186	1.221	-2.106	-2.563	3.231	5.699	12	Cars
-6.005	-3.076	6.460	-10.114	-0.894	-1.709	4.633	0.449	5.066	4.948	8.495	3.019	-1.764	-4.321	-8.259	-8.701	-6.116	47.183	-3.775	-7.093	-5.734	-4.427	-2.994	-1.847	-4.886	0.196	-0.797	4.057	12	Cars
-5.699	-7.205	-8.274	-27.696	-9.243	-10.958	2.611	-4.829	5.039	12.957	11.140	12.152	0.019	-3.531	-8.101	-4.689	-12.108	-12.796	-10.042	-1.476	0.112	-6.057	-9.404	6.507	3.029	13.001	10.417	11.439	12	ScrambledFaces
-3.581	-4.583	2.464	10.202	-6.782	-4.603	4.893	1.682	6.772	10.945	5.109	6.645	5.500	1.204	-8.342	-4.643	-6.742	-3.808	-3.421	-7.030	-7.072	-1.133	2.046	6.708	9.503	12.064	8.142	6.455	12	ScrambledFaces
0.343	5.980	9.321	2.262	-4.704	-1.951	-1.000	-10.532	-13.883	-1.912	-6.319	-7.179	-0.736	2.014	13.874	7.519	9.836	2.509	4.036	12.474	10.179	2.164	2.391	-2.831	-6.638	-10.704	-6.582	-10.970	12	Faces
2.635	4.130	-0.546	6.529	0.771	3.914	0.545	5.537	5.311	5.296	-0.896	-1.649	0.216	0.134	-0.055	-1.067	-1.308	-8.269	-5.455	-2.606	-4.612	-1.191	-0.114	-7.377	-7.136	-14.838	-6.013	-4.688	12	Cars
0.641	2.065	3.766	-8.213	2.983	-3.121	3.090	-3.684	4.618	1.170	3.568	4.840	-3.508	-3.037	-4.837	3.826	-4.037	-8.548	5.034	4.367	0.955	-6.289	-7.508	1.744	0.650	5.486	4.015	6.404	12	Faces
2.765	9.553	7.741	9.784	-0.592	0.579	-4.540	1.868	3.850	6.660	1.358	1.591	-8.089	-7.425	9.196	6.796	3.298	-15.967	-1.428	8.365	-3.004	-3.492	-4.061	-8.496	-3.922	2.799	-2.383	0.517	12	Faces
-14.035	-11.474	-14.579	-13.538	-8.082	1.768	11.221	14.305	19.752	21.314	21.509	17.976	4.417	-1.662	-8.213	-12.570	-10.032	-4.463	-11.827	-16.896	-7.523	-6.371	-1.814	8.390	6.759	10.968	12.179	14.330	12	Cars
1.592	-1.587	4.978	11.144	-2.719	-2.493	5.473	0.113	8.488	6.533	16.776	10.107	3.583	-0.765	-11.187	-0.475	-6.323	-3.842	-5.629	-4.230	-0.545	-2.911	-6.129	0.255	3.981	9.291	4.527	4.730	12	ScrambledCars
-9.646	-16.310	2.886	-19.409	-8.302	-4.205	3.267	14.905	19.024	20.498	30.586	21.625	0.765	-9.482	-7.608	-18.622	-21.145	-15.572	-13.210	-21.897	-12.482	-8.148	-4.046	9.897	16.678	25.208	14.958	18.186	12	ScrambledCars
-3.495	-1.489	-2.642	-3.931	-4.467	-6.355	-4.714	2.393	8.922	8.778	11.058	9.254	-1.306	-0.745	-0.520	1.675	3.247	-5.393	2.904	6.196	-0.329	-3.657	-5.719	0.696	-2.868	5.328	4.593	6.396	12	Faces
-8.021	-4.081	-3.168	0.072	-4.160	-1.540	7.583	16.428	17.750	7.167	6.406	4.931	-7.529	-8.241	-0.360	-6.979	-3.485	-5.185	-5.428	-4.056	-6.150	-6.840	-6.275	-2.059	1.952	5.468	1.513	6.440	12	ScrambledFaces
-0.972	-1.492	-8.142	-4.308	0.385	2.423	-0.514	2.107	6.196	8.404	15.208	13.869	6.541	0.872	-9.093	-5.275	-4.542	-1.712	-0.782	-0.446	-4.808	-3.450	-5.956	2.695	3.045	11.442	9.440	12.285	12	ScrambledFaces
-0.982	3.180	-1.842	5.853	7.978	3.763	-4.887	-7.448	5.320	2.594	2.820	4.205	1.067	-0.989	-9.854	-0.750	-3.856	-1.633	-4.409	2.791	1.771	-2.967	-6.832	0.055	-4.810	0.736	2.614	3.385	12	Faces
7.811	7.092	5.422	4.580	4.570	6.387	1.587	-2.188	-3.115	0.601	0.235	-0.002	4.570	2.596	-1.227	7.087	2.072	-15.220	2.430	6.590	2.842	5.676	6.458	2.869	-5.234	-6.818	-0.054	-4.270	12	Faces
-1.109	-0.890	-1.451	9.844	-1.785	-1.912	9.108	6.513	12.336	9.757	15.837	11.210	-6.767	-6.809	-9.557	-7.665	-8.241	-1.673	-9.225	-13.438	-8.532	-8.551	-9.549	-0.612	-2.387	4.643	3.935	9.139	12	Faces
-4.626	-6.826	0.820	-3.570	2.905	-4.367	3.544	-8.266	6.877	5.644	11.014	10.312	2.372	-3.111	-15.948	-11.792	-12.575	-6.386	-6.894	-0.963	-1.667	-8.770	-11.432	2.942	2.734	10.757	7.815	9.813	12	ScrambledFaces
3.408	2.832	12.295	4.200	-5.785	-0.584	-8.807	-6.867	-10.648	-0.112	-13.848	-4.830	-7.530	-5.001	-13.517	0.446	-3.827	-7.799	1.122	-7.376	-7.259	-1.748	-1.182	-0.522	8.693	5.674	0.801	3.174	12	ScrambledCars
-7.020	-7.023	-13.839	-2.017	-0.605	-3.220	-6.665	3.322	6.635	2.499	7.389	7.786	-3.639	-4.986	1.038	-10.393	-8.113	-11.546	-2.835	-6.499	-6.876	-3.943	-4.454	3.997	2.839	7.155	6.088	9.063	12	Cars
-10.265	-6.446	1.068	-11.387	-4.632	-0.584	14.043	12.598	17.068	21.218	20.457	16.097	-5.478	-17.341	-4.692	-15.818	-14.173	-10.272	-7.701	-26.266	-24.393	-9.117	-3.995	4.502	11.670	17.007	10.219	15.075	12	ScrambledCars
-11.818	-12.761	-14.953	-16.684	-6.866	-2.861	10.194	17.177	22.002	13.017	24.464	20.750	-0.886	-9.214	-6.006	-17.564	-11.414	-24.158	-10.986	-14.808	-14.945	-4.672	-1.290	9.136	16.394	23.270	15.531	21.007	12	ScrambledFaces
-0.778	-6.291	-8.247	-5.529	-9.899	-5.621	4.216	5.934	20.664	19.165	17.449	17.393	6.319	-6.782	-11.430	-4.616	-7.162	0.047	-9.679	-9.797	-12.756	-7.600	-5.339	6.612	9.897	15.788	13.522	17.490	12	Faces
-8.626	-9.036	-2.690	5.780	-7.994	-6.476	8.369	6.441	9.603	11.190	11.732	11.315	-2.524	-1.132	-12.821	-5.943	-9.571	-17.086	-8.269	-9.810	-4.789	-2.834	0.680	8.275	8.290	12.065	9.569	10.268	12	Cars
-4.300	-9.579	-1.516	-21.506	-9.634	-7.716	6.681	4.967	21.536	16.550	23.316	14.905	-13.107	-17.416	-12.590	-14.750	-13.878	8.952	-18.369	-23.666	-23.140	-16.414	-11.189	-3.955	6.257	12.478	4.405	14.895	12	ScrambledFaces
-4.081	1.875	-0.192	-3.153	-0.415	0.498	6.245	11.083	13.332	13.206	16.034	12.841	-0.895	-0.513	-6.763	-0.060	-7.556	-18.193	-5.468	-3.378	-3.248	1.362	-0.245	5.611	6.790	11.130	8.346	9.236	12	Cars
-7.923	-7.218	-0.549	-12.599	-7.619	-5.764	-2.338	0.859	4.765	7.011	15.131	6.782	-9.260	-10.215	-4.532	-13.453	-13.496	10.369	-12.614	-11.801	-9.241	-7.311	2.052	-1.971	3.414	10.688	1.006	4.616	12	ScrambledCars
2.035	2.975	14.230	-9.785	4.864	-0.746	-0.616	-8.167	-9.511	1.769	10.979	2.514	-1.885	-4.484	5.561	6.919	17.568	5.431	11.019	2.141	-2.557	5.993	4.729	-2.864	-1.013	-2.058	-3.146	-5.082	12	ScrambledCars
-7.529	-7.254	-2.841	-11.583	-3.941	-2.296	3.545	-1.900	8.003	8.824	10.204	10.702	2.539	1.035	-6.642	-0.422	-6.210	3.814	-4.601	-2.089	-6.920	-5.089	-4.150	0.224	7.251	13.565	7.787	12.646	12	ScrambledCars
-3.644	3.212	-16.401	6.835	9.399	3.139	17.297	-6.708	5.161	14.776	-1.761	6.184	6.615	12.379	-8.938	6.261	-2.825	-11.504	0.286	16.533	13.390	1.115	-2.239	7.901	-8.952	-5.068	7.156	2.153	12	Cars
-0.509	-4.279	-1.553	-11.573	-1.539	-3.355	4.327	-6.397	-4.578	-2.450	-1.798	0.685	-5.599	3.389	-5.180	-7.438	-3.734	-10.805	-1.344	-5.765	-1.981	5.364	4.321	5.879	6.017	4.685	3.382	3.702	12	Cars
-9.821	-11.795	-5.570	-9.709	-7.237	-8.060	9.520	7.971	24.773	28.453	17.889	18.110	-0.303	-9.139	-9.603	-7.222	-10.710	-16.400	-15.254	-7.356	-11.810	-10.598	-6.088	5.579	10.820	18.996	13.329	16.219	12	ScrambledCars
-7.057	-6.461	-11.106	5.162	-7.093	-8.248	1.963	2.156	-4.198	-2.349	-0.643	0.380	7.343	1.816	-4.095	-4.288	-0.691	5.927	0.541	0.587	2.167	0.380	-0.575	4.738	0.332	-1.956	2.425	-0.343	12	Cars
-4.269	2.538	-2.102	1.934	-0.076	0.828	0.826	-0.054	2.045	7.680	13.164	13.461	7.795	-0.200	-3.170	1.469	-3.103	3.742	-6.714	-0.943	-3.023	-5.431	-2.395	5.124	0.798	10.639	10.653	13.378	12	Faces
-6.285	-0.650	-4.626	-8.319	-0.341	-1.996	5.027	11.916	19.643	5.422	2.131	-3.314	-2.998	-4.321	2.296	-6.382	-0.168	14.852	-0.044	-4.658	-5.293	-0.819	-1.751	-7.074	1.296	-6.821	-7.165	-5.826	12	Cars
-1.057	3.610	8.529	-2.096	-2.953	0.092	5.013	-3.356	10.758	6.298	1.339	2.021	-1.544	-7.274	-3.755	1.907	1.423	-12.694	0.942	3.646	-3.601	-5.424	-7.013	-0.410	-3.530	6.327	2.010	0.584	12	ScrambledCars
-9.980	-6.153	8.899	-10.511	-4.063	-1.611	10.463	18.446	22.951	27.024	29.266	19.518	-2.531	-9.656	-8.971	-15.231	-17.905	-19.228	-23.713	-21.507	-22.005	-17.012	-14.289	-2.866	5.888	15.464	7.629	13.265	12	ScrambledFaces
-4.023	-1.778	-9.947	-3.968	4.834	2.435	4.891	8.572	7.742	7.045	-2.163	0.313	1.771	0.214	5.074	-1.473	-6.751	-22.689	-6.843	-3.234	-0.886	-3.798	-5.406	3.753	-1.695	2.665	2.695	-1.515	12	Cars
-0.427	3.759	4.017	0.460	-4.027	-1.135	-9.931	-1.957	-3.633	-4.589	1.981	-1.189	-9.154	-4.887	-1.241	1.625	1.896	9.721	-4.456	-2.107	-2.004	-3.501	-2.137	0.493	2.106	1.149	-1.875	-0.357	12	Cars
11.267	6.707	6.691	7.238	1.699	4.492	-4.843	0.835	-3.113	3.903	5.402	2.325	-1.069	2.720	-5.724	2.290	-0.660	-10.171	-6.213	7.953	3.307	-3.869	-7.867	-11.697	-6.239	-4.208	-4.653	-1.585	12	Faces
-9.742	-5.821	-10.447	-2.624	-8.437	-3.700	-4.232	3.152	13.850	12.762	8.280	9.403	3.905	-3.458	-2.922	0.892	-1.907	3.521	-1.912	0.753	-2.297	-3.697	1.223	2.866	8.562	13.713	8.049	9.252	12	ScrambledCars
-2.737	3.374	9.092	-20.783	-3.055	-1.163	-8.361	-1.137	3.195	2.331	16.345	8.442	-3.811	-5.474	2.970	1.799	-1.919	-1.565	-3.753	-5.830	-7.234	-3.143	3.647	-0.961	4.639	11.089	2.774	6.043	12	ScrambledFaces
-1.325	-11.860	0.382	-11.400	-4.446	-3.248	6.432	5.781	9.259	5.916	15.254	13.204	-2.840	-8.366	-3.539	-9.989	-9.562	-16.328	-11.799	-11.549	-8.244	-8.007	-4.667	2.680	1.380	10.469	8.409	15.265	12	ScrambledFaces
-6.920	-0.336	7.405	1.277	7.137	-0.822	4.320	-2.198	7.297	9.748	15.209	12.645	8.288	7.579	-8.519	-4.650	-5.814	-12.387	-2.482	1.813	2.170	1.838	-4.595	7.879	7.694	11.064	10.016	8.138	12	ScrambledFaces
-6.424	2.355	-10.794	-0.141	6.297	3.092	8.829	6.230	4.235	14.941	10.639	11.738	3.940	5.099	-7.965	2.391	-4.848	-17.259	-1.737	4.352	8.836	-1.053	-2.050	7.780	-5.758	-2.058	7.989	5.644	12	Cars
-5.045	1.064	8.114	3.722	1.722	4.823	-0.802	0.172	14.649	3.647	4.677	1.972	2.806	-0.883	13.037	-2.758	-0.278	3.804	1.698	-0.033	0.123	-0.540	-0.008	-2.464	1.651	4.342	0.167	1.355	12	Faces
7.172	1.434	1.811	0.438	4.533	8.604	1.867	9.289	7.820	5.483	8.973	2.482	-4.476	-1.520	-1.999	3.158	-2.726	-5.135	-1.514	0.789	1.341	-5.338	-3.708	-7.266	-8.695	-9.175	-5.285	-3.007	12	Cars
-2.942	-0.576	-8.788	15.772	0.615	-1.310	2.208	1.414	11.394	1.054	17.252	11.300	1.815	-6.193	-10.606	-9.410	-8.659	-3.901	-8.097	1.368	-4.924	-8.179	-7.812	-1.802	-1.208	3.832	3.813	7.325	12	ScrambledFaces
-5.340	-6.197	4.200	11.689	-1.932	0.312	4.403	15.952	12.341	0.858	13.999	1.877	-11.313	-9.791	-1.621	-9.294	-8.069	1.794	-2.834	-11.167	-7.420	-5.711	-0.420	-4.640	3.726	0.773	-5.284	-2.881	12	Cars
-10.051	-11.884	-7.735	-22.950	-9.270	-10.320	-1.594	1.491	9.889	12.213	25.893	20.302	-1.699	-5.438	-2.826	-6.884	-7.811	-5.672	-8.646	-7.384	-2.344	-3.205	-1.931	14.992	12.657	24.419	16.633	18.235	12	Faces
0.538	1.761	4.383	-4.414	0.092	-3.167	4.254	-2.529	-0.755	-1.501	4.025	3.642	-4.725	-4.320	2.491	-0.320	1.166	-24.414	4.376	3.473	4.861	-0.357	1.152	2.789	5.939	8.431	3.518	3.276	12	Faces
1.596	7.436	3.821	4.032	8.554	10.074	7.860	5.735	11.233	0.902	6.777	5.571	-10.311	0.398	-7.261	-0.176	-1.412	-9.554	-2.877	0.453	0.663	-3.814	-3.032	0.292	3.048	4.870	2.234	7.258	12	Faces
-8.720	-7.064	4.535	-4.068	4.034	4.422	4.229	8.322	7.766	2.769	3.322	1.945	-3.299	3.215	-3.963	-11.629	-10.668	-0.302	-7.169	-3.325	2.387	3.595	-0.310	8.329	2.993	5.116	3.747	3.021	12	Cars
-0.286	4.293	6.029	37.521	-2.122	-3.671	-7.556	-6.499	6.023	-4.302	3.493	-0.922	-8.039	-2.367	-0.521	-0.986	6.276	-1.555	-6.049	2.069	5.932	-0.632	0.338	-1.678	-4.540	-5.927	-4.259	-4.718	12	Cars
-1.393	9.321	-0.332	9.234	8.460	5.267	14.568	4.316	6.005	-0.632	2.271	-4.392	4.978	3.703	9.488	9.924	7.823	6.961	2.089	6.893	2.327	0.714	-1.219	-10.570	-17.945	-18.540	-10.434	-13.247	12	Cars
-1.781	2.111	-4.539	13.626	6.915	-0.538	7.108	-0.383	-10.153	8.861	-4.160	1.605	3.830	3.343	-2.124	-2.060	-4.785	-1.722	-5.428	3.352	2.779	-2.382	-7.974	5.846	0.431	4.377	5.397	1.376	12	ScrambledFaces
-9.019	2.853	-2.222	3.643	0.279	-3.206	5.066	0.910	9.484	5.865	8.199	3.555	8.783	3.386	-0.601	0.479	2.534	-17.916	1.418	4.984	6.816	4.592	-0.998	9.494	2.747	5.285	4.527	-6.436	12	Cars
-3.065	2.076	-1.350	-4.100	-2.705	2.442	1.927	-0.481	3.030	0.264	-5.420	-3.770	0.536	-0.697	-7.634	-0.664	1.021	-11.123	-0.303	1.901	-3.388	-3.145	-0.967	2.030	4.305	0.252	-0.530	-4.725	12	Cars
-0.929	-1.173	0.716	0.722	4.408	4.717	10.288	4.468	8.887	12.129	5.634	2.134	8.622	7.068	-1.580	2.595	-1.358	2.951	-6.094	2.731	4.926	-0.662	-5.700	-2.362	-9.269	-9.755	-2.041	-5.379	12	Faces
-2.833	-0.459	1.023	-2.079	-4.694	-4.678	1.786	-0.901	2.041	8.612	6.211	5.094	-3.574	-4.013	-3.902	-1.286	-3.196	-4.249	-7.595	-0.205	0.320	-4.397	-5.174	3.000	1.358	1.061	2.833	2.960	12	Cars
-5.509	-6.264	0.819	-4.865	-2.228	1.191	2.645	4.162	7.756	7.117	4.576	5.984	-0.748	-2.017	-4.130	-8.455	-7.826	-7.848	-4.634	-9.165	-9.943	-5.951	-0.897	4.788	2.794	1.728	5.228	7.940	12	Cars
-5.906	-5.011	0.962	4.744	-3.018	-2.444	-1.777	7.651	18.504	3.875	6.156	4.177	-5.458	-6.734	-8.394	-12.170	-12.648	-1.443	-8.451	-12.556	-8.294	-8.301	-9.323	-0.723	7.578	14.258	3.185	6.906	12	ScrambledCars
1.939	1.858	-1.456	3.153	-0.589	-5.670	-6.473	-8.402	-4.217	4.962	3.647	8.146	-2.617	-1.485	-3.472	2.969	-6.641	-12.449	-6.806	4.840	3.447	-4.140	-3.647	5.523	3.241	10.833	8.619	10.506	12	ScrambledFaces
-1.691	1.783	2.451	-10.227	-2.688	1.036	10.250	5.811	12.403	5.634	2.558	2.841	-2.403	-2.806	-11.663	1.331	2.147	-3.466	0.146	-0.163	-0.570	-0.575	0.104	5.880	2.699	3.820	3.725	2.837	12	ScrambledCars
-2.834	-0.855	1.540	10.496	-4.901	-8.027	-1.134	-9.399	-1.671	1.130	13.603	9.079	-4.911	-6.022	-6.501	-3.484	-2.210	-0.647	0.039	0.268	-7.497	-1.868	-2.353	0.247	2.045	6.364	3.600	6.355	12	ScrambledFaces
7.819	11.518	7.714	10.826	0.497	0.966	-1.074	0.527	1.065	-4.915	-4.051	-2.887	-2.473	0.677	1.125	6.364	0.736	1.012	-3.755	15.787	6.207	-0.742	-5.107	-4.998	-1.811	-0.549	-2.901	-0.466	12	ScrambledCars
-0.127	-9.319	0.621	-12.465	-7.583	-7.880	4.665	0.135	6.638	0.722	12.072	7.773	0.304	-6.379	3.640	-9.506	-4.458	2.884	-3.186	-11.228	-7.038	-3.775	-1.015	1.549	6.123	11.937	5.224	9.389	12	ScrambledFaces
2.554	3.017	-3.482	21.693	3.266	-1.479	-3.761	-1.211	-5.710	2.534	-6.082	1.293	9.206	9.546	-9.090	0.789	4.046	6.449	7.244	9.310	9.083	9.643	5.023	10.184	3.518	4.623	7.387	2.894	12	Faces
-0.069	3.383	6.188	2.818	-4.387	-1.634	0.899	1.812	8.515	3.574	18.169	6.732	-5.295	-4.505	-3.444	-2.198	-3.491	-0.627	-5.246	-5.868	-4.846	-6.013	-8.629	-5.020	-3.437	0.466	-2.423	-0.735	12	ScrambledCars
3.241	7.288	14.885	38.097	10.916	6.335	-4.952	-6.322	-5.788	-6.726	-0.801	-2.858	-12.235	-5.440	4.870	8.008	4.632	-7.421	0.611	8.102	1.034	-3.282	-2.745	-4.088	-6.828	-2.960	-4.910	-4.325	12	ScrambledCars
-4.736	-5.749	8.652	-7.320	-9.886	-4.052	7.237	-1.835	4.736	1.586	-0.191	1.888	-10.270	-7.519	-2.294	-6.438	-11.049	-14.968	-5.744	-6.742	-11.594	-5.233	-1.105	-2.656	7.567	10.752	1.911	7.702	12	ScrambledFaces
-6.283	-7.163	1.864	-1.025	3.247	0.295	9.615	2.134	12.114	12.786	16.006	17.564	10.438	5.147	-4.456	-10.241	-11.767	-33.397	-10.227	0.428	0.736	-5.144	-5.451	7.139	2.732	14.166	14.404	16.094	12	Faces
1.513	5.465	12.831	2.780	-2.040	2.775	-2.954	0.329	1.721	-0.569	-2.908	-8.405	-5.616	1.874	-3.986	1.239	-0.258	-8.090	-1.439	-1.201	0.165	-1.284	-3.798	-8.569	-15.810	-17.706	-12.029	-15.283	12	Cars
-0.926	-0.917	1.375	-3.433	-1.631	-2.237	-4.344	-3.113	-2.938	0.989	3.859	-2.489	4.232	0.938	0.508	-5.637	-1.809	-1.215	-4.099	-6.185	-4.147	-2.563	-3.060	-3.724	-4.674	-5.551	-4.946	-9.616	12	Cars
5.215	2.105	3.321	-1.255	11.319	2.627	7.970	-2.553	-1.027	-3.042	1.436	0.973	1.405	2.733	-3.805	4.301	7.057	3.904	4.738	9.930	5.180	4.887	5.252	4.312	-4.143	-3.623	1.191	-0.055	12	Faces
-6.225	-2.395	0.236	-2.424	-6.602	-3.391	3.997	-0.553	6.063	5.403	-0.764	2.754	2.007	-3.111	-1.966	-6.082	-5.929	20.287	-1.145	-6.781	-3.241	-3.350	-6.518	2.336	1.985	8.389	4.954	7.876	12	Faces
-11.060	-9.674	-6.124	-16.463	-5.526	-6.227	4.962	-3.323	0.621	12.704	24.254	17.418	10.890	5.154	-6.342	-4.524	-7.589	-8.077	-9.799	-3.524	-1.925	-3.015	-0.415	9.327	4.874	10.493	11.685	9.068	12	ScrambledFaces
-7.675	-7.183	0.689	-20.689	1.024	-1.903	3.909	11.478	11.597	15.871	21.040	16.748	-1.768	-4.350	-7.276	-9.207	-2.356	-6.576	-3.446	-7.734	-5.546	-4.082	-6.498	4.822	8.817	13.016	10.038	14.932	12	ScrambledFaces
-3.459	-0.561	-1.730	15.947	4.204	0.734	7.331	1.332	-0.033	1.097	3.747	2.760	3.732	3.421	-0.520	-1.011	-1.182	11.318	0.257	3.724	2.681	1.078	-0.754	2.696	-3.971	-0.787	1.998	1.095	12	Cars
-9.682	-3.698	-10.924	10.890	-0.777	-4.657	12.670	9.573	20.567	15.170	17.292	14.484	5.343	4.366	-14.703	-8.882	-13.128	-13.760	-11.219	-6.619	-2.365	-3.134	-5.512	7.564	1.478	9.850	10.233	8.792	12	ScrambledFaces
0.199	0.765	7.381	8.198	-0.986	0.267	-0.617	0.442	12.510	6.849	2.244	2.981	-2.013	-1.692	-0.665	-2.965	-2.285	7.871	-1.496	-0.794	2.970	-4.336	-3.613	-0.330	-4.132	0.661	1.433	4.472	12	ScrambledCars
-8.288	-14.934	1.858	-23.872	-12.250	-6.644	-7.278	3.494	1.086	3.989	12.109	6.533	-0.018	-2.663	-1.136	-13.660	-13.574	11.681	-10.718	-13.008	-9.817	-8.643	-5.426	1.182	4.578	10.084	3.803	7.686	12	Faces
-9.857	-1.880	1.123	-0.881	5.693	6.174	6.494	8.565	12.877	10.106	0.918	1.252	7.228	0.359	7.422	-11.933	-9.640	1.604	-8.816	-14.400	-7.133	-0.808	2.462	1.426	-7.057	-8.829	0.372	0.217	12	Cars
-9.192	-6.890	-8.360	-16.077	-9.648	-7.916	10.609	0.705	12.724	12.913	8.102	11.104	3.189	-8.388	-12.200	-7.882	-9.098	-11.075	-5.702	-3.904	-2.898	-8.507	-5.774	9.467	13.542	22.557	13.399	12.648	12	ScrambledCars
-1.675	9.892	0.457	-5.921	2.546	2.898	5.928	8.126	6.155	13.911	20.050	17.010	6.577	0.375	-1.976	1.301	0.652	-17.563	-1.867	4.590	0.792	-4.839	-5.818	2.040	4.233	10.552	9.840	11.960	12	ScrambledFaces
-7.229	-16.458	-23.053	-19.832	-6.340	-10.394	3.932	0.812	16.268	15.300	27.052	21.577	7.966	2.169	-6.485	-10.543	-13.283	-18.261	-9.537	-4.799	0.347	-8.755	-4.956	9.264	7.459	17.692	15.005	15.120	12	ScrambledFaces
-4.516	-18.979	-13.497	-2.666	-14.799	-10.194	-2.036	7.109	15.370	18.151	30.154	18.175	-7.463	-15.884	-2.743	-18.336	-11.929	8.871	-8.753	-29.807	-27.020	-12.491	-5.211	0.542	6.893	17.512	7.375	12.836	12	ScrambledFaces
0.163	-5.297	4.335	-6.988	-6.685	-6.910	-0.137	-0.727	4.863	0.354	-3.820	-2.784	1.255	-0.507	-4.322	-11.850	-5.330	-13.539	-7.675	-4.296	-3.468	0.836	1.151	-0.249	2.281	3.088	-0.332	-1.714	12	Cars
-14.529	-5.408	-1.601	-11.057	5.211	7.090	12.852	20.661	15.084	14.742	20.385	17.842	5.099	3.208	-9.816	-1.086	-2.860	-15.128	1.765	4.161	5.620	-1.948	-1.431	-1.504	-0.792	4.965	8.078	14.606	12	Faces
2.899	3.022	-3.297	-4.799	-6.359	5.135	-6.928	-1.871	-5.194	0.745	-1.529	-3.156	-5.374	-7.066	2.782	3.029	1.565	8.535	-1.000	-2.179	-6.471	-2.433	-0.890	-6.517	0.761	0.960	-4.424	-3.459	12	Faces
-1.462	3.411	-2.621	7.219	-1.159	-1.789	2.740	6.719	7.375	7.050	6.731	3.554	-8.164	-8.591	-4.597	0.068	-2.132	14.232	-4.647	-4.631	-7.280	-4.870	-5.001	-5.422	4.062	9.990	-0.256	3.528	12	ScrambledCars
-6.578	-1.036	-6.579	-1.926	-0.840	0.015	-5.714	6.785	1.597	2.794	15.688	6.715	-2.246	-3.969	-2.529	-6.905	-12.348	-2.920	-7.223	-4.378	-5.699	-3.729	1.223	0.489	5.690	3.746	0.839	0.895	12	Cars
-17.829	-22.625	-28.563	-20.010	2.439	-9.838	3.213	1.920	14.286	11.804	19.792	18.225	11.698	9.713	-8.309	-9.160	-11.135	-14.840	-2.511	2.094	4.881	3.693	0.567	12.508	15.078	23.166	16.590	13.812	12	ScrambledCars
-6.389	-5.622	-6.624	4.588	-4.720	-2.018	3.184	6.196	9.055	1.003	14.335	8.406	-2.900	0.350	-11.921	-7.238	-8.453	-4.246	-6.983	-4.723	2.231	-4.534	-4.574	6.300	4.248	9.425	5.489	5.297	12	Faces
-12.172	-13.088	-15.873	2.475	-5.974	-1.944	6.991	9.405	28.032	18.264	32.903	24.215	7.904	2.620	-14.719	-10.261	-8.849	-1.224	-4.170	-2.774	-6.999	-5.875	-6.137	2.914	1.031	11.831	11.990	16.161	12	ScrambledFaces
-19.439	-8.122	-13.960	-11.612	-0.667	-0.636	8.741	12.943	19.132	14.958	19.189	15.241	5.996	2.951	1.791	-9.677	-5.573	-4.247	-2.581	-5.631	0.518	-0.352	-3.115	12.189	2.811	1.574	10.467	9.953	12	Cars
0.128	4.998	1.183	15.585	6.875	3.312	0.185	4.333	5.061	1.129	6.470	6.000	3.943	5.098	-6.608	2.349	-6.193	-11.922	-6.326	5.538	6.733	-0.097	-2.554	2.941	1.737	6.606	4.918	4.413	12	Faces
-7.194	-5.853	6.199	-21.651	-7.836	-8.303	-4.645	1.943	1.904	3.838	13.356	10.717	-9.186	-5.255	1.366	-6.024	-6.833	-3.004	-5.738	-9.538	-2.918	-3.789	-4.825	8.136	7.792	13.561	8.615	13.972	12	ScrambledFaces
4.071	-6.767	16.048	-6.188	-2.171	-3.065	1.341	-0.990	4.036	0.697	-1.267	2.664	1.961	-3.707	-6.104	-6.656	-9.314	-7.387	-7.979	-11.268	-6.016	-3.212	-1.104	1.399	3.719	11.713	5.547	9.874	12	Faces
-3.149	-3.066	-5.678	-5.434	-5.426	-1.525	2.360	6.545	13.309	6.853	7.685	3.640	-3.424	-3.904	7.474	-0.038	-2.918	-4.865	-1.797	-1.781	-1.298	0.559	-0.003	1.163	0.974	0.966	0.522	0.477	12	Cars
-0.769	-0.210	8.109	11.717	6.642	4.217	8.638	6.702	10.478	10.427	26.545	12.368	5.821	1.902	-7.774	-3.574	-12.782	-8.706	-9.788	-4.690	0.889	-8.257	-8.723	-1.218	-4.149	-0.753	1.221	-0.681	12	ScrambledCars
-3.387	-1.446	-9.281	-6.826	-6.642	-12.994	0.472	-5.059	2.838	11.655	4.193	4.354	0.305	-4.668	-1.283	0.407	-2.344	-8.186	1.863	-1.206	-4.572	0.298	0.803	0.717	4.766	9.984	3.673	0.393	12	ScrambledCars
-9.909	2.053	2.111	-3.398	-4.984	1.128	0.125	5.639	5.354	12.760	11.688	8.107	-5.374	-9.991	-0.358	-5.266	-7.040	10.606	-3.530	-3.664	-7.297	-13.177	-12.716	-2.201	0.647	6.085	2.605	6.601	12	ScrambledCars
-2.123	-4.765	1.730	-2.025	-2.375	-3.973	6.883	-0.747	-3.624	2.326	4.847	3.069	3.110	-1.412	-7.288	-2.869	3.377	2.881	1.522	3.310	-2.927	3.205	2.458	5.734	1.583	4.468	3.748	0.495	12	Faces
0.316	9.192	2.523	3.896	-0.677	-6.666	3.348	-12.556	-1.456	-3.183	2.697	-1.481	-9.298	-7.645	8.788	10.858	-1.041	-3.084	6.177	10.205	3.643	-3.230	-3.183	-6.925	-8.816	-2.625	-5.535	-5.804	12	ScrambledCars
-9.811	1.996	6.662	3.726	7.662	7.224	20.472	6.982	7.844	14.615	12.781	10.078	7.952	-5.187	-0.630	-6.119	-2.651	-12.243	-1.473	-4.954	-11.325	-3.338	-1.969	3.711	-4.134	-0.992	5.652	3.789	12	Cars
-3.484	-2.933	-4.919	5.040	-0.725	1.992	0.982	7.572	10.377	9.422	9.445	9.794	3.871	-1.844	-7.433	-8.010	-9.637	-16.883	-12.413	-1.940	-1.902	-7.635	-7.777	4.453	5.727	8.108	7.884	8.891	12	Faces
-6.028	-12.208	2.140	-4.661	-10.771	-5.028	-3.867	5.398	3.063	9.156	18.142	9.423	-2.442	-9.913	0.776	-16.996	-9.927	7.063	-3.670	-19.994	-18.788	1.071	5.925	8.364	13.600	16.098	6.945	6.503	12	ScrambledCars
1.893	-1.881	2.475	-9.662	2.954	1.650	1.277	3.724	3.368	4.112	8.150	4.908	-2.207	-1.822	-1.185	-0.029	-6.927	3.783	-6.415	-4.963	-2.584	-6.252	-2.716	-1.994	-0.653	-1.690	0.321	4.809	12	Faces
0.400	0.144	1.178	-4.225	-6.451	-4.147	-5.771	1.786	-0.693	-2.320	7.128	-0.428	-11.582	-7.941	6.122	-2.162	3.506	6.590	-1.650	-3.993	-7.310	-2.794	2.062	-4.471	-4.528	-3.483	-5.529	-3.143	12	Cars
-14.015	-3.269	-12.344	8.480	0.095	1.997	10.455	1.525	2.536	15.966	5.032	13.634	15.963	0.653	-10.250	-12.260	-8.466	-13.797	-0.485	-8.510	0.094	1.702	7.716	16.270	2.973	4.649	16.434	13.296	12	Faces
-5.235	1.333	2.891	1.614	1.084	-1.399	3.396	2.558	4.773	4.271	5.306	1.758	-8.176	-4.101	1.158	3.082	7.878	3.702	8.343	0.742	-2.918	2.938	2.854	-2.420	-3.393	0.361	-2.014	-1.351	12	Cars
-4.017	2.130	-5.276	-4.386	1.049	-5.474	-6.025	-2.278	0.379	1.541	4.846	3.374	-0.474	-3.475	-5.078	1.710	3.800	9.568	2.018	5.144	3.375	0.657	3.976	5.416	4.570	6.278	3.686	1.717	12	ScrambledFaces
4.085	2.999	-3.916	-1.549	-4.403	-2.636	-8.508	-10.975	-5.459	-4.815	11.586	7.297	-4.651	-2.158	2.226	-0.025	3.637	2.583	4.103	1.855	-0.327	-0.462	-0.877	-3.007	-1.988	6.928	1.939	6.083	12	ScrambledFaces
7.040	4.353	-7.713	-1.864	-1.174	2.322	-2.441	0.080	2.408	0.145	-4.077	-4.707	-10.849	-2.924	-3.797	9.220	4.798	9.755	1.894	7.546	3.923	2.605	3.355	1.670	1.585	-3.257	-3.663	-5.322	12	Cars
-4.248	3.945	1.446	-15.363	-0.572	-0.041	-0.285	8.385	16.543	11.995	21.942	13.717	-2.342	-6.724	-1.706	3.984	1.163	-5.357	0.756	0.881	-6.350	-1.698	0.945	-2.446	3.301	6.237	3.630	7.990	12	Faces
-19.156	-15.557	-22.725	-11.959	-0.394	-3.066	17.532	14.003	34.745	22.582	26.961	21.184	6.094	-2.002	-12.157	-18.671	-13.822	-4.547	-16.677	-18.468	-6.399	-10.310	-9.679	10.507	7.011	14.189	14.387	15.503	12	ScrambledCars
-3.896	0.555	-2.461	-9.054	-0.289	-4.185	1.614	3.598	0.404	6.914	10.853	9.107	3.353	1.472	-4.137	2.785	2.231	-3.411	4.092	1.608	1.288	1.954	5.200	5.917	6.295	14.568	8.111	6.457	12	Faces
-1.811	-6.161	2.799	-3.266	-3.687	0.838	0.832	9.284	9.066	0.221	6.360	3.694	-2.536	-4.459	0.939	-4.656	-2.688	5.055	2.784	-3.676	-0.761	-1.324	-0.433	-1.255	1.406	3.754	1.043	5.808	12	Faces
-8.229	-4.053	-8.472	7.025	-2.621	-4.678	-0.080	-3.250	5.039	6.341	6.314	7.911	10.255	4.190	0.949	3.639	2.143	-11.562	0.384	11.620	8.287	4.737	2.874	5.966	3.362	8.523	8.090	4.254	12	Faces
-0.719	1.860	-6.047	-4.547	-3.200	-1.015	-2.061	-2.259	6.397	7.418	-3.075	4.635	4.173	4.897	-7.294	4.851	5.759	4.689	1.712	7.275	4.164	6.123	5.249	6.995	14.593	14.518	9.262	9.653	12	ScrambledCars
0.879	1.506	0.137	4.420	-1.797	-1.720	-3.018	-3.688	-9.843	5.641	14.406	9.660	5.023	-0.688	-5.102	1.720	5.684	4.352	5.553	-5.269	0.226	1.373	0.577	11.123	1.443	3.626	7.586	2.929	12	Cars
-2.620	-0.390	-16.483	-0.021	1.915	-3.002	4.316	-2.360	14.112	9.108	4.693	6.457	1.403	6.293	-11.321	4.739	9.279	8.324	3.667	7.105	5.492	4.137	7.656	3.812	9.105	9.544	5.880	5.022	12	ScrambledCars
-7.159	-1.489	-11.362	2.295	2.290	-3.690	4.524	-9.535	-9.025	0.377	-1.817	-2.101	-2.372	1.651	8.224	5.045	6.099	10.060	3.790	9.325	6.159	4.364	-0.331	2.728	-5.340	1.519	-0.409	-6.011	12	ScrambledCars
6.794	2.910	10.914	11.444	4.490	5.167	-6.561	3.147	6.003	-5.723	11.777	-1.356	-11.611	-4.775	-2.673	1.536	-1.521	6.404	-0.770	0.914	-3.933	-1.300	-2.891	-8.929	-3.590	-7.619	-10.018	-7.663	12	Cars
-5.719	-5.009	-9.893	-2.203	-7.046	-3.591	-0.399	0.261	2.077	-1.297	1.968	0.736	-10.994	-5.752	4.975	-1.977	1.750	11.516	1.305	-2.280	-3.897	0.715	5.192	4.130	7.937	5.792	1.291	3.219	12	ScrambledCars
9.359	4.240	-3.868	-0.130	0.987	0.099	-5.007	-7.244	-11.309	1.784	-8.519	-5.335	5.449	3.168	0.985	7.261	2.860	-4.739	5.110	8.953	3.376	3.513	1.516	-1.197	-5.720	-3.648	-2.284	-8.444	12	Cars
3.327	3.167	9.384	-1.338	-2.248	-2.296	-3.742	0.567	5.753	2.262	-3.748	-0.607	-5.041	-9.847	-2.612	1.111	2.372	13.317	-0.601	-8.814	-11.457	-5.092	-1.768	-1.025	3.253	9.694	1.803	5.876	12	Faces
2.355	2.359	3.407	3.669	4.005	1.178	4.222	5.564	0.643	-2.137	-6.894	-3.209	-4.429	8.545	-6.843	-4.063	-6.595	-9.487	-0.983	7.170	15.711	-2.027	-8.747	0.142	-5.526	-0.064	-0.725	-0.568	12	Faces
-5.851	-6.903	-9.150	-7.447	-11.324	-5.629	12.970	12.846	31.321	18.691	20.300	13.401	-5.670	-16.681	-6.825	-12.941	-15.120	-12.876	-17.715	-17.981	-17.237	-15.811	-11.618	-3.696	8.564	13.781	4.896	10.307	12	ScrambledCars
-3.829	-6.672	1.521	0.281	-7.854	-4.858	-2.066	3.591	7.629	0.501	7.184	4.991	-8.670	-1.950	2.425	-6.557	-9.459	-1.341	-12.028	-6.004	-1.259	-2.199	-2.615	-0.249	9.126	12.443	3.021	8.987	12	ScrambledCars
-6.072	-4.763	-10.172	3.619	-4.974	-6.303	-1.367	6.652	17.796	5.761	9.979	8.432	-0.416	0.827	-4.681	-0.084	-4.589	2.784	-5.994	1.673	2.219	-2.513	-6.587	1.184	3.710	10.205	5.369	8.438	12	Faces
-8.683	-2.889	-4.394	2.089	-0.190	-4.837	6.765	-6.100	-0.873	2.944	8.151	8.990	6.141	1.278	-1.598	1.863	5.974	-7.305	7.551	4.229	2.989	2.558	-0.367	9.787	-6.954	-2.917	7.718	5.185	12	Cars
-9.032	-2.873	-10.216	2.678	-2.224	-4.515	6.901	3.052	10.075	11.899	11.236	13.573	6.768	3.440	-6.343	-11.084	-13.625	-10.956	-10.141	-9.285	-5.009	-2.913	-1.951	5.740	10.241	14.538	11.930	14.470	12	ScrambledCars
-2.095	10.537	4.601	14.737	3.491	0.489	-3.979	-4.349	-2.713	-7.086	-1.587	-3.783	-3.850	0.499	13.115	5.006	0.884	10.254	6.721	9.130	9.300	4.374	6.603	-0.672	-1.857	-3.511	-3.785	-4.462	12	Cars
4.496	7.677	4.851	8.065	7.581	3.903	2.033	0.652	-5.302	-2.293	-4.200	-6.532	-4.280	-0.486	-1.095	4.348	-2.311	-10.458	-1.765	6.617	4.859	-0.926	-2.576	-1.755	-6.203	-9.363	-6.425	-11.214	12	Cars
0.670	2.608	-8.386	0.064	1.658	-3.340	2.714	-5.825	-8.592	-3.570	-3.660	0.885	2.166	3.109	2.797	7.629	1.799	3.452	-4.436	7.590	5.481	-1.038	-4.687	-0.570	-2.892	5.073	2.819	3.861	12	Faces
-5.731	-7.489	-8.679	-12.999	-3.384	-3.068	0.661	3.337	8.714	14.602	22.773	22.845	4.095	0.273	-6.770	-14.610	-7.810	-22.504	-8.592	-7.127	1.188	-6.922	-9.795	8.803	10.478	18.622	17.154	22.817	12	ScrambledFaces
-0.711	-3.869	-2.319	-2.343	-0.567	-3.241	-2.798	3.238	1.719	2.039	0.455	0.222	1.550	1.420	-2.327	-2.993	-1.428	8.344	-2.916	1.503	0.296	-2.456	0.089	-2.279	-2.247	-0.634	-0.707	0.573	12	Cars
1.756	-2.824	0.417	-1.895	-1.789	-1.082	6.860	2.721	6.302	6.577	10.718	4.905	1.103	2.329	-5.176	-4.051	-1.593	0.046	-0.066	-2.681	-1.501	1.026	3.042	-1.657	-3.954	-2.667	-0.594	-0.687	12	Cars
1.356	-0.256	-4.304	-8.645	-1.362	-4.485	-13.461	-6.372	-0.181	-0.316	-2.133	0.115	1.067	3.785	2.755	5.356	5.627	8.115	5.445	8.077	6.622	6.874	5.093	5.475	4.646	7.433	3.580	1.530	12	Faces
-2.864	-5.059	-1.827	0.066	-3.788	-2.914	-1.879	2.765	8.799	10.656	16.953	12.791	-2.082	-1.228	3.931	-4.727	-2.030	-10.545	-9.165	-3.043	-2.361	-4.332	-4.219	0.826	5.645	12.696	6.783	10.275	12	ScrambledFaces
-6.593	-9.440	-2.762	-3.396	-6.685	-3.490	5.234	6.223	16.773	20.268	18.027	13.509	-1.344	-6.779	-15.594	-11.895	-14.122	13.545	-10.241	-13.788	-11.206	-7.559	-7.144	3.443	6.437	13.752	8.134	11.193	12	ScrambledFaces
1.793	-5.826	-3.061	-6.434	-6.334	-6.798	5.386	-0.301	2.620	3.328	12.001	9.547	-3.825	-6.447	-6.642	-8.462	-4.552	-3.456	-8.768	-9.433	-12.428	-7.752	-1.258	4.110	11.641	14.510	7.462	11.408	12	Faces
-6.800	-3.020	1.908	-8.608	2.156	3.011	6.361	9.291	9.536	10.989	7.031	4.457	2.021	4.081	-6.459	-3.395	-7.699	-6.352	-6.244	3.541	3.920	-2.880	-3.544	1.784	-3.190	1.108	2.008	0.180	12	Cars
-4.614	1.721	-5.363	-2.547	4.000	0.747	-1.554	-3.857	-3.898	3.038	11.440	10.324	8.085	5.912	-1.686	-4.835	-7.025	2.395	-2.711	9.141	9.441	1.641	4.826	9.938	2.744	11.845	10.282	8.151	12	Faces
-8.285	-14.609	-21.509	-5.875	-5.693	-7.209	10.940	1.263	9.094	14.243	17.625	17.621	10.593	-0.314	-7.367	-9.676	-8.369	-11.900	-11.147	-4.765	-2.360	-4.907	-2.886	8.040	12.821	18.337	14.824	15.222	12	Faces
-4.888	-7.243	-9.122	6.754	-9.814	-4.428	-1.280	5.581	3.576	8.208	-3.239	4.965	-3.191	-6.814	-0.243	-6.190	-11.514	-2.150	-8.644	-7.348	-6.366	-8.163	-8.961	-1.234	9.351	11.932	6.418	13.638	12	ScrambledFaces
6.488	10.849	6.964	9.994	5.395	10.432	3.917	9.693	12.267	9.274	12.715	4.399	-5.072	-6.725	-3.177	2.384	-1.255	-21.420	-3.030	10.259	0.217	-7.377	-8.549	-6.139	-10.185	-10.266	-4.934	-5.777	12	Cars
-2.816	-0.184	-2.146	-1.427	-2.813	-3.282	6.678	5.074	4.984	8.039	18.100	13.845	-0.429	-4.413	-7.005	-5.429	-8.288	-15.512	-5.721	-6.075	-6.462	-6.062	-5.125	8.234	13.437	21.287	11.419	11.278	12	ScrambledFaces
1.154	0.531	-0.344	-6.584	-5.356	-2.993	-2.955	7.322	4.872	-2.398	2.473	0.420	-6.847	-11.343	-0.294	-1.938	0.965	-2.028	-0.977	-6.241	-14.142	-6.546	-1.284	-2.700	4.552	10.382	0.108	2.982	12	ScrambledFaces
1.364	-10.484	-15.038	-18.555	-3.562	-4.166	2.300	-1.925	6.050	9.084	13.617	9.945	0.773	-5.370	-6.718	-8.481	-6.978	-7.649	-2.153	-8.501	-6.294	-5.903	-2.633	5.222	3.370	8.131	6.714	5.953	12	ScrambledCars
-7.786	-9.515	-11.673	-9.223	-4.632	-5.617	7.998	6.965	12.767	6.377	23.850	15.127	4.655	-0.327	-0.678	-8.239	-5.565	5.592	-9.896	-7.501	-4.203	-4.543	-3.895	4.011	0.695	3.061	6.756	10.344	12	Cars
-0.522	8.034	6.977	-0.336	-6.445	-5.761	2.129	-1.597	3.542	-3.590	-4.833	-1.311	-7.480	-9.616	3.085	-1.459	-0.967	-1.653	-2.955	-3.377	-10.414	-6.377	-5.063	-0.859	5.369	9.488	1.573	5.668	12	ScrambledCars
2.900	1.297	-1.292	31.038	-1.066	-5.210	-4.272	-4.530	-18.570	-4.969	-10.477	-8.850	-0.351	0.489	5.844	0.555	0.032	8.233	-5.445	3.973	3.698	-1.674	-2.868	-4.324	-13.835	-15.783	-7.677	-10.710	12	Faces
-8.799	-11.938	-14.607	-15.073	-10.167	-6.178	3.626	7.380	16.698	18.149	24.051	20.831	0.336	-4.178	-6.705	-15.471	-7.507	-18.928	-5.080	-13.965	-9.568	-5.768	-4.127	7.313	9.352	7.587	12.406	17.725	12	ScrambledCars
-0.707	1.617	-12.957	2.591	4.816	-0.855	1.482	-5.097	-11.832	0.160	-6.775	-2.359	-0.059	1.243	4.015	9.825	7.826	9.582	4.344	4.998	-0.044	4.318	1.961	1.115	-9.397	-10.771	-1.291	-2.868	12	Cars
-6.189	-1.552	-0.473	-9.869	-4.812	-1.348	-2.813	20.963	18.227	7.462	5.168	4.183	-9.549	-1.223	-7.917	-7.067	-3.269	-9.537	-5.907	-6.406	-3.975	-0.850	1.314	1.976	9.493	12.018	3.243	6.835	12	Cars
-7.257	-5.429	2.215	-9.084	-7.545	-4.432	5.916	3.771	17.302	12.994	17.354	12.712	8.033	-3.779	-6.798	-16.196	-14.066	-4.041	-10.033	-10.985	-4.613	-6.384	-1.547	8.474	11.143	15.433	10.647	10.097	12	ScrambledCars
-1.546	-5.856	-10.975	-17.936	-7.172	-9.539	-1.083	-3.099	-0.774	-6.241	-0.525	1.493	-9.188	-3.506	1.278	0.494	0.600	10.391	-2.014	3.244	-3.839	-1.830	2.647	2.686	2.950	6.413	2.786	8.054	12	Cars
-2.526	-0.367	5.357	-8.612	-2.197	-1.471	-7.396	-6.645	8.303	-1.120	-4.782	-3.833	-10.709	-2.794	-1.665	-0.461	-2.654	1.557	0.418	-1.157	1.370	-2.255	-0.958	-1.261	-0.622	-0.747	-2.966	-0.925	12	Cars
-5.248	1.915	3.485	-4.783	-5.934	-2.069	0.535	1.240	5.731	6.145	8.467	7.422	0.534	-5.267	1.001	-4.060	-1.012	-0.058	0.132	-3.914	-6.016	-3.627	-4.365	1.408	2.850	7.944	5.104	7.699	12	ScrambledFaces
-1.662	2.868	9.420	-1.375	1.087	5.533	3.203	-0.597	-3.316	2.559	8.610	4.039	-4.184	-3.828	-4.794	-3.072	-2.126	-2.209	0.074	-4.394	2.358	-1.226	-1.783	7.576	-1.850	-4.805	1.847	0.114	12	Cars
1.461	1.834	7.291	1.695	2.340	2.809	-4.134	-0.997	1.865	3.973	-7.735	-3.652	4.895	6.711	-0.137	3.584	2.657	1.811	-2.627	-0.069	5.686	1.673	2.245	4.197	-0.981	-1.181	0.984	-2.661	12	Cars
-6.891	-1.023	-9.604	-0.880	2.205	-0.612	10.032	3.252	4.903	18.559	13.399	14.886	0.972	-12.694	-8.197	-5.711	-7.960	-10.509	-11.349	-15.469	-15.085	-10.001	-7.519	6.572	9.378	19.176	12.968	13.815	12	ScrambledCars
-0.415	-4.787	-1.932	-9.255	3.481	0.727	-1.658	-4.069	-0.587	1.057	1.432	1.072	-4.938	3.236	-6.797	-0.808	-7.011	0.099	-4.383	1.539	1.923	-1.427	-0.608	1.979	3.196	6.664	1.649	1.666	12	Faces
-13.358	-10.447	-17.310	-12.758	-4.304	-3.550	2.379	5.349	7.379	16.286	15.269	16.843	12.358	8.244	-10.629	-11.026	-6.301	-1.401	1.156	-5.484	5.508	1.119	5.094	14.987	8.944	11.260	15.890	14.382	12	Cars
-1.392	4.707	18.493	16.338	-3.221	1.441	-3.898	6.779	0.084	-3.506	-10.357	-11.671	-7.201	-3.312	5.793	3.325	0.292	8.912	-1.784	3.368	-5.945	-0.769	1.918	-6.957	-4.946	-9.771	-10.415	-10.569	12	Cars
-1.815	1.833	2.096	-3.005	-1.347	0.270	10.388	3.051	3.304	5.985	13.745	8.918	0.664	-0.626	-5.155	2.142	-2.537	-14.517	-4.958	3.608	4.820	-2.492	-5.050	-4.104	-7.553	0.126	1.371	3.171	12	ScrambledFaces
-3.302	-5.756	-0.627	-5.110	-2.181	0.036	6.917	6.881	12.785	5.404	18.047	10.432	-3.302	-8.787	-7.164	-10.609	-4.480	0.624	-2.642	-14.216	-13.811	-6.420	-2.347	-1.972	3.449	10.814	3.593	8.218	12	Faces
-1.886	-1.806	6.218	10.658	6.449	0.667	10.435	5.609	10.731	4.426	12.611	8.403	1.629	1.886	-7.413	-5.406	-7.406	-23.013	-3.817	-3.977	0.905	-2.534	-6.729	4.150	-4.566	-1.788	3.865	3.204	12	ScrambledFaces
-1.548	6.622	-2.029	12.324	-1.108	6.155	-2.647	-2.204	-2.672	-5.181	1.014	1.747	0.495	7.116	2.860	4.665	6.517	-1.198	7.628	8.289	11.711	13.595	5.864	3.063	-5.487	-8.772	0.341	0.680	12	Cars
3.399	2.730	3.604	10.731	3.959	6.120	7.032	5.145	8.216	5.841	-0.459	-3.112	0.067	-0.560	-1.739	2.501	-0.442	-2.684	-7.329	2.759	0.517	-3.546	-2.301	-22.322	3.038	4.972	-9.101	-5.162	12	ScrambledCars
-0.063	6.373	10.061	1.675	1.304	1.135	-4.277	-0.452	1.717	-5.057	14.141	2.202	1.962	3.484	8.389	0.919	-1.554	7.450	-1.968	3.666	4.069	-4.383	-6.842	-5.554	-7.003	-3.641	-4.867	-5.088	12	Faces
-2.275	2.556	2.675	7.823	4.480	1.841	0.615	6.351	12.984	9.236	5.696	3.419	-0.143	3.951	-7.890	4.237	-4.965	10.380	-1.892	3.663	3.599	-3.269	-3.330	-0.763	0.870	5.635	1.194	1.098	12	ScrambledFaces
-0.596	-0.943	-3.157	-4.255	-4.751	-1.400	4.904	4.026	7.200	10.359	8.843	8.103	-3.549	-7.218	-6.829	-0.578	1.955	0.626	-2.780	2.561	-6.287	-1.544	1.737	-0.122	5.359	7.260	4.283	7.773	12	ScrambledCars
0.453	6.661	0.793	13.539	4.112	4.262	3.547	0.105	7.246	-5.448	8.716	3.464	-1.736	2.823	1.038	5.678	-0.411	6.245	7.953	0.421	6.647	-0.381	-3.465	-2.679	-8.756	-9.984	-2.690	0.444	12	Cars
-10.918	-7.575	-6.338	-8.930	1.693	2.881	19.137	8.139	12.346	22.438	26.888	21.884	11.999	2.313	-17.957	-16.034	-19.387	-12.774	-11.668	-11.700	-7.722	-5.672	0.620	11.762	7.131	13.267	15.692	14.577	12	ScrambledCars
2.805	1.112	5.487	-8.803	-4.684	2.221	-6.846	3.200	2.982	0.113	1.346	0.971	-0.620	-1.929	-2.532	-0.894	-7.566	-1.010	-4.102	-4.533	-5.791	0.167	0.161	-0.445	-0.614	1.515	0.568	3.133	12	Cars
-6.473	-2.430	-1.548	-4.970	4.725	3.423	11.882	7.754	17.335	6.872	5.514	7.398	-0.076	-0.683	-13.997	-8.566	-12.791	-20.564	-8.644	-6.377	2.067	-6.755	-4.268	3.618	8.067	8.295	6.688	9.257	12	ScrambledFaces
1.859	-1.635	6.082	5.801	-1.791	-0.506	0.341	4.553	-9.099	2.985	7.247	5.172	-1.633	-2.155	-3.271	-0.462	-4.110	-3.920	-1.119	5.792	-2.511	-1.854	-2.513	0.715	4.999	6.476	2.953	4.340	12	ScrambledCars
1.118	-2.768	-9.941	-2.763	-2.857	-2.878	6.011	1.868	9.566	12.507	14.669	16.192	10.386	5.736	-12.506	0.232	-7.682	-8.327	-6.294	-1.162	2.490	-4.315	-8.640	7.563	2.905	15.817	14.044	14.844	12	Faces
-8.818	-7.975	5.200	-8.072	-5.338	2.248	12.135	9.796	16.614	15.128	16.250	9.762	6.331	-7.344	-8.802	-16.315	-12.507	2.168	-13.627	-19.246	-14.883	-6.045	-6.569	4.206	6.316	7.040	5.859	5.861	12	Faces
-6.982	7.191	-3.497	-1.165	5.209	2.332	4.441	-7.065	-6.604	1.440	5.633	5.955	2.619	4.123	5.834	1.992	-2.421	-16.329	1.738	6.224	6.201	4.906	-0.597	6.053	-1.352	2.503	5.366	2.199	12	ScrambledCars
10.458	-2.957	8.550	-8.784	-10.659	-8.671	-2.619	-0.377	2.596	0.304	9.162	7.627	-6.627	-6.544	-7.670	-3.026	1.443	-25.722	4.506	-2.423	-9.176	0.254	3.976	-1.107	7.952	12.428	4.358	9.244	12	ScrambledFaces
11.579	12.110	-7.980	18.538	4.983	-0.593	-0.833	-4.274	-6.093	-4.947	3.036	-0.112	-11.408	-3.628	1.288	14.923	11.317	20.092	12.581	13.721	4.125	2.079	0.046	-7.668	-9.738	-11.032	-6.632	-2.458	12	Cars
4.554	1.264	-7.486	-6.369	7.543	6.723	15.048	13.257	7.410	13.725	6.720	6.271	13.671	10.650	-13.936	-0.185	-5.451	-6.751	-11.117	1.518	0.713	-5.499	-9.884	2.707	-1.715	-0.870	4.578	0.869	12	Cars
-11.650	-11.880	-2.259	-7.101	-9.454	-3.566	8.092	4.814	8.159	8.945	16.409	11.853	-0.114	-11.269	-7.719	-13.938	-15.233	1.710	-13.843	-15.568	-11.692	-7.899	-2.789	11.002	6.573	11.982	10.124	10.990	12	ScrambledCars
-1.715	-0.970	-10.521	-6.298	1.415	-0.433	4.462	2.288	8.996	4.184	-0.388	3.784	0.535	-0.999	-3.395	-1.375	-9.765	-12.480	-6.198	-1.404	-1.775	-5.195	-4.637	1.074	7.032	9.962	5.209	7.011	12	ScrambledCars
5.072	4.951	2.811	-4.446	3.565	5.522	0.689	-4.954	0.796	0.480	-3.703	-3.958	-7.654	-2.032	-0.587	-0.597	1.562	-1.474	1.338	6.352	2.143	2.531	2.861	-1.083	-6.061	-9.751	-4.708	-5.194	12	Cars
-6.625	-4.433	-0.161	0.742	-10.002	-1.117	2.189	12.449	18.632	13.543	20.111	11.659	-8.653	-8.522	-7.057	-7.164	-9.592	-5.780	-9.652	-13.536	-8.150	-12.955	-5.991	-2.973	8.703	18.582	4.116	8.144	12	Faces
4.721	0.225	-5.677	4.643	-11.246	-10.663	-2.219	3.444	3.813	0.201	-2.201	-0.747	-10.218	-8.174	2.988	5.212	7.825	4.076	-1.603	2.287	-7.334	-4.248	-3.801	-6.277	3.025	3.739	-2.158	3.115	12	ScrambledCars
-5.610	-0.481	-8.046	-0.803	0.719	-3.596	7.502	-1.996	17.402	9.088	14.433	9.751	4.998	-5.281	-11.939	-1.225	-5.405	-2.084	-4.820	-1.569	-1.267	-4.382	-3.321	8.258	5.068	9.241	7.654	3.510	12	ScrambledCars
-4.051	-12.427	-17.628	12.505	-8.305	-5.022	3.766	0.867	15.512	5.882	11.701	14.139	1.001	-0.928	-14.487	-11.711	-16.428	-7.928	-1.992	-4.330	-3.467	-4.000	-2.001	1.672	5.188	14.259	10.461	17.319	12	ScrambledFaces
-3.379	-3.487	0.563	0.891	-1.075	-1.875	4.521	5.871	12.723	7.750	5.207	7.086	4.753	-1.149	-12.607	-7.190	-7.768	-10.080	-2.206	-4.388	-5.259	-6.658	-1.132	3.102	9.188	15.637	7.964	8.718	12	Faces
-16.131	-13.580	-21.128	-13.565	-3.959	-1.754	12.995	23.282	26.418	24.665	28.980	23.822	4.598	-0.821	-9.104	-18.892	-19.964	-13.219	-21.740	-15.059	-7.821	-9.473	-6.194	5.531	11.150	19.494	14.883	20.256	12	ScrambledCars
-1.183	-3.354	-0.361	0.073	-6.034	-2.367	6.668	-6.353	6.690	0.042	-1.303	2.263	-0.369	-6.800	3.279	-2.627	-1.886	9.823	-7.808	-3.166	-7.405	-4.683	5.778	1.332	1.419	5.820	3.942	8.444	12	Cars
6.273	1.890	13.949	-2.530	0.105	0.175	-10.767	3.963	4.750	-6.288	4.839	-1.662	-11.080	-4.775	-2.811	3.367	-1.140	2.548	-0.318	-2.752	-2.551	-4.089	-7.782	-6.630	-2.067	0.898	-5.607	-1.289	12	Cars
-1.032	1.138	-0.159	13.762	4.774	-0.957	2.976	-0.854	1.490	3.496	7.205	1.955	1.533	-1.646	-3.006	4.477	-1.923	-2.137	-2.448	11.823	4.473	-1.705	-7.084	2.226	-8.899	-4.980	-0.881	-6.459	12	Cars
0.630	4.380	-4.611	6.319	9.028	1.067	1.724	-8.103	-2.618	5.595	-6.412	3.656	14.607	10.423	-16.489	2.640	-3.254	5.688	-6.728	2.808	6.628	-6.070	-14.150	7.508	-8.275	4.098	9.399	6.085	12	ScrambledFaces
3.649	5.620	-5.406	1.539	-0.331	-1.490	-2.462	-0.390	-3.435	-0.036	4.522	1.453	-9.358	0.756	-2.453	7.295	5.703	-6.296	7.167	5.764	-2.673	4.802	5.280	0.924	5.841	3.233	-0.660	-1.838	12	ScrambledFaces
0.432	0.149	1.662	-5.007	-1.475	-0.189	5.781	-0.682	8.256	-0.287	10.690	3.779	0.009	-9.088	-3.554	1.053	3.783	-4.077	-4.394	-4.909	-9.227	-3.107	5.976	-1.616	-3.700	-0.103	-0.765	-1.051	12	ScrambledCars
2.588	-2.762	-7.564	-4.242	-10.855	-11.150	-5.060	0.533	10.273	6.180	5.555	8.048	-3.423	-0.584	0.329	2.356	5.298	0.414	-0.098	6.476	-1.741	-0.773	-6.583	2.091	5.858	12.357	6.904	11.337	12	ScrambledCars
-14.761	-2.865	-4.836	-15.460	1.510	1.525	4.407	1.235	4.584	12.029	9.380	10.602	-3.104	-0.195	4.880	-3.646	-4.230	0.566	0.354	1.683	2.117	-2.806	-2.720	4.728	6.728	10.061	8.148	11.648	12	ScrambledCars
