FP1	F3	F7	FC3	C3	C5	P3	P7	PO7	PO3	O1	Oz	Pz	CPz	FP2	Fz	F4	F8	FC4	FCz	Cz	C4	C6	P4	P8	PO8	PO4	O2	ID	Condition
5.250	1.072	6.027	-0.165	-3.497	-3.567	-8.474	-9.495	-5.584	-2.846	-2.785	-1.606	-2.629	0.649	5.489	-2.101	3.919	5.291	4.138	1.929	3.769	4.895	-0.572	1.294	-2.399	3.896	-2.272	-0.128	13	Faces
-1.152	4.428	4.165	-3.103	-3.274	-4.545	3.715	0.453	1.868	1.764	1.343	0.465	-3.426	-1.257	2.237	9.103	0.576	0.057	-0.718	0.530	-0.085	-1.139	-3.622	-3.167	-4.387	-2.703	0.111	-0.819	13	ScrambledCars
1.935	3.138	4.126	2.098	0.089	2.632	-4.015	-3.951	-1.889	-0.479	-1.669	0.619	-2.219	-1.057	1.094	0.948	2.390	2.881	1.690	2.152	1.569	-1.854	-5.448	-3.621	-2.700	-0.686	-2.232	-0.775	13	Cars
2.428	3.170	-1.850	2.965	-2.891	-2.121	1.044	-4.071	-2.515	0.841	-2.453	-2.558	-2.578	1.482	3.627	11.376	6.030	4.496	1.390	1.537	2.075	-0.402	4.316	-1.160	-2.049	-2.868	1.222	-4.197	13	ScrambledCars
-6.934	-2.299	-2.539	-2.543	0.738	-0.774	-7.552	-5.430	-4.755	0.785	-3.486	2.645	0.724	1.421	1.126	0.335	1.653	6.182	2.218	2.702	-0.115	5.524	0.743	1.785	3.782	2.330	4.064	2.297	13	Cars
7.720	8.156	12.247	4.973	5.665	7.482	-7.420	-4.871	-9.508	-3.557	-6.679	-4.083	-2.913	1.553	5.523	8.761	5.456	-2.330	1.602	7.229	6.395	3.384	0.558	-3.639	-5.355	-9.740	-7.918	-6.971	13	Cars
6.429	4.876	1.455	3.737	-1.773	-1.737	-5.423	-6.550	-6.532	-5.777	-4.434	-4.445	-1.902	1.773	5.970	5.205	5.341	3.816	6.499	5.433	5.752	5.855	1.786	-0.636	-4.732	-4.728	0.591	-2.746	13	Cars
-1.109	-4.809	-2.601	-4.307	-1.158	2.655	-3.037	3.644	1.661	3.368	2.283	-0.352	-2.666	-2.575	5.014	-3.253	-2.142	6.688	-1.735	-5.259	-2.252	-5.062	3.238	-1.999	1.235	-1.387	-1.885	2.203	13	ScrambledFaces
8.805	1.447	3.490	2.301	-4.036	-3.506	2.838	-2.778	-4.452	-2.649	-1.637	0.361	-1.480	-1.801	-2.614	-1.938	1.659	4.361	-0.248	1.723	0.398	0.183	0.893	0.851	-1.829	-4.011	1.193	1.508	13	Cars
5.271	8.182	-4.101	3.557	3.004	0.827	-4.552	-8.729	-9.796	-5.598	-5.221	-2.720	0.659	7.684	0.004	7.766	7.901	-0.680	4.383	8.291	6.357	6.693	3.178	2.533	1.979	-0.477	-1.259	-5.035	13	Cars
-1.786	5.101	4.201	-0.190	-2.350	-2.439	2.232	0.768	-0.640	-5.648	-1.222	2.969	2.802	0.576	3.379	2.984	2.992	0.161	0.552	2.279	1.350	1.885	4.399	-2.597	-4.610	-2.714	-6.646	1.189	13	Faces
1.842	-0.419	-0.208	-2.251	-2.396	-2.250	-1.003	-0.210	-2.460	-3.487	0.528	1.509	1.982	1.987	-1.175	-1.413	4.565	-0.978	6.159	1.606	1.044	7.900	1.380	2.093	1.464	0.704	2.625	-1.173	13	ScrambledFaces
-7.279	-5.996	-6.706	-3.286	0.240	-0.853	-9.043	-6.203	-1.390	-0.014	1.381	2.682	4.026	0.939	-2.416	-8.501	-1.375	6.044	7.362	2.630	5.173	10.121	3.754	7.597	3.439	3.764	4.935	5.061	13	ScrambledFaces
8.290	-4.123	-2.306	0.251	-0.378	-3.613	2.428	-1.190	-4.511	1.163	-2.902	-5.730	-0.409	4.498	4.690	6.430	4.632	2.810	-0.604	2.560	0.881	2.043	2.270	-1.450	-6.750	-3.670	-2.131	-3.991	13	ScrambledCars
7.235	8.607	4.243	4.702	3.376	0.974	5.515	-2.766	-3.136	-11.483	-5.786	-8.660	1.624	3.991	3.552	8.870	4.122	-7.955	1.859	3.815	3.989	-1.190	-0.113	-4.300	-5.626	-3.751	-3.003	-4.034	13	ScrambledCars
4.309	2.757	-0.726	-2.213	-2.352	-4.301	-2.528	-7.972	-8.226	-0.234	-4.349	1.287	2.080	4.302	5.646	8.905	6.202	7.798	6.360	3.886	2.508	4.265	5.075	2.607	1.222	-0.126	3.750	-2.924	13	Faces
10.978	8.203	14.215	5.106	2.369	4.533	-6.702	-8.674	-9.617	-2.651	-8.699	-8.365	1.173	2.032	4.863	-4.165	5.009	5.041	3.306	3.945	3.643	1.171	-1.382	-1.197	-1.918	-3.647	-4.704	-7.819	13	Cars
12.608	7.013	1.125	6.058	5.114	0.041	-5.366	-11.068	-12.057	-7.478	-9.081	-8.971	-1.432	2.665	14.478	9.539	8.980	0.803	7.461	12.257	6.664	4.434	2.531	-1.838	-8.580	-8.377	-11.972	-4.008	13	Faces
-2.034	3.023	0.820	4.266	-0.438	-1.832	4.782	-0.981	-4.013	-2.703	-1.720	-0.876	-2.575	5.095	1.913	6.971	1.922	-4.192	0.128	3.244	5.968	2.585	-1.001	-0.956	-0.796	-0.486	8.267	1.318	13	Faces
7.933	1.397	5.389	0.370	-2.619	1.130	-6.925	-7.680	-8.223	-0.213	-4.286	-3.066	-6.243	-4.300	7.913	-3.779	5.380	6.349	-0.876	-1.589	-0.964	1.996	1.217	-2.789	-3.102	-3.545	-2.890	-3.297	13	Cars
-8.161	-1.130	-1.204	-1.082	3.563	2.109	1.865	1.851	2.140	0.482	3.205	3.637	3.814	2.898	-8.826	-5.524	-3.342	-2.468	1.405	-1.067	-1.787	0.005	-0.969	3.450	3.791	2.942	4.839	0.517	13	Faces
0.799	-1.455	-10.403	1.255	1.340	-3.259	6.621	0.904	-0.315	2.765	-1.125	3.063	8.483	7.778	-1.836	2.686	0.265	-10.825	0.903	3.198	4.633	4.111	-0.686	5.648	1.134	0.644	10.374	2.136	13	ScrambledCars
4.820	1.679	1.064	3.162	2.112	-0.288	0.070	-1.784	-1.100	6.890	-0.420	-0.445	1.403	4.716	-4.077	0.474	2.610	-0.239	3.830	5.447	5.875	3.184	1.130	1.911	-1.714	-2.516	-2.537	-2.732	13	Faces
0.845	-0.255	-5.006	0.617	-2.141	-5.967	3.139	-0.546	7.311	0.519	-2.705	-0.274	-0.016	-1.176	-1.446	1.263	-0.526	0.222	2.223	-1.162	2.794	3.215	1.856	2.544	1.530	0.564	4.044	-4.098	13	ScrambledFaces
4.041	3.645	0.592	1.643	4.679	4.422	-7.213	-7.496	-6.025	-0.462	-1.541	-1.908	2.277	4.501	1.890	-4.424	2.888	-1.751	3.094	4.290	4.564	2.962	2.270	4.671	0.953	0.960	-4.522	-2.323	13	Cars
5.462	0.139	9.265	-3.643	-2.834	0.169	5.899	3.168	-0.186	-3.290	0.309	0.007	-4.342	-5.153	0.317	3.029	-2.741	-1.630	-4.974	-4.456	-4.458	-4.353	2.117	-1.670	-4.106	-1.613	-5.370	0.174	13	Cars
-8.236	-2.566	4.463	0.817	-1.554	4.669	-0.811	4.032	0.581	-1.267	3.881	0.794	2.868	1.735	-7.378	-0.778	1.319	1.032	0.353	-0.867	2.471	7.411	3.277	4.094	1.860	1.952	2.661	3.691	13	ScrambledFaces
9.787	4.473	4.495	2.409	-2.963	-0.382	-9.354	-1.351	-6.231	-6.019	-8.649	-8.544	-4.040	0.065	15.003	12.163	5.645	-20.122	2.731	1.866	-0.939	0.133	7.444	-3.691	-2.197	-4.026	-8.125	-7.551	13	ScrambledFaces
11.030	5.954	1.800	3.701	-0.860	-4.467	-0.842	-10.459	-12.350	-10.595	-8.190	-10.482	0.158	2.675	10.928	7.237	7.711	9.103	8.787	9.349	10.419	7.355	3.203	-1.953	-3.945	-9.323	0.971	-6.508	13	ScrambledFaces
0.878	1.422	-4.152	1.304	3.609	1.601	-0.058	-2.994	0.529	6.255	0.315	-1.186	7.199	8.017	-5.410	-3.560	-3.269	-2.966	1.537	4.391	7.497	4.427	0.773	7.171	0.091	4.921	7.090	-0.819	13	ScrambledFaces
7.691	4.807	-4.061	5.566	4.880	-1.474	-4.986	-10.336	-8.854	4.346	-6.025	-6.068	4.898	7.130	-0.121	4.730	9.568	5.790	7.584	9.287	11.091	8.617	4.876	3.119	-5.202	-7.142	-3.685	-7.099	13	Faces
43.456	-9.660	-7.326	-6.677	-2.799	-4.297	0.853	0.206	1.795	1.765	2.617	5.904	-2.647	-1.055	-10.023	-4.782	-6.666	-3.879	-6.297	-7.659	-5.032	-2.043	-2.220	-3.562	-5.803	0.703	1.371	2.329	13	Faces
-8.424	-1.134	-3.006	0.645	-2.084	-4.639	0.674	-4.376	-1.605	-5.445	0.938	2.498	4.098	4.913	-1.563	0.956	1.101	-1.482	1.861	2.493	7.768	4.536	3.010	4.612	3.027	3.696	5.332	3.293	13	ScrambledFaces
-4.140	0.322	7.436	0.626	-2.866	0.698	0.370	-2.310	-2.626	-3.285	-0.672	0.062	-1.577	-0.672	0.381	-2.214	0.745	-0.426	-0.118	2.188	1.434	1.820	-6.034	2.267	0.494	1.828	4.574	1.075	13	Faces
11.791	4.871	2.693	3.212	3.623	3.358	-5.785	-9.111	-9.424	-0.764	-5.528	-5.594	3.631	1.737	0.953	0.190	7.672	-3.324	5.903	5.528	4.345	1.552	3.044	0.207	-3.638	-2.959	-2.197	-2.469	13	Cars
-0.320	3.983	-5.921	0.580	0.703	-3.569	3.243	-1.863	-5.204	-3.849	-1.943	-1.691	1.995	6.678	0.471	12.005	2.287	-4.492	4.646	6.847	6.202	2.870	6.328	4.154	-0.431	-3.271	-4.610	0.694	13	ScrambledCars
2.117	3.170	-0.186	1.009	3.618	2.100	0.561	-0.349	-2.645	-3.394	-3.944	-2.266	1.841	2.494	3.969	7.587	3.080	3.646	4.311	6.514	6.014	2.512	1.734	-0.470	-2.209	-4.177	-6.806	-7.008	13	Cars
9.394	7.189	9.376	7.688	2.521	4.216	-1.569	-2.878	-2.517	-1.699	-7.519	-11.455	-2.283	-3.890	7.850	1.965	3.977	0.253	1.327	1.837	0.799	-1.817	1.027	-5.784	-5.777	-7.027	-13.221	-10.894	13	ScrambledFaces
-7.101	-4.578	-1.902	-3.600	3.960	7.901	0.745	-1.310	-0.247	3.879	0.417	7.069	2.922	6.507	0.214	-7.346	-6.133	-1.781	-3.950	1.823	6.681	2.057	0.114	4.051	-1.089	4.012	-0.875	4.668	13	ScrambledCars
3.803	8.076	4.225	4.704	0.463	1.031	5.098	0.161	-0.671	-0.044	-1.201	-8.498	-4.524	-5.400	6.627	7.493	3.099	-0.284	2.563	2.028	0.378	1.386	-0.676	-0.898	-5.080	-6.458	-12.455	1.764	13	ScrambledFaces
1.954	0.559	-0.111	3.700	1.682	0.981	-6.677	-1.958	-2.532	-5.875	-2.107	-1.274	-0.286	-2.819	2.730	-0.538	0.259	4.928	-1.923	1.502	-0.565	2.256	0.470	1.903	3.632	1.729	-9.568	0.426	13	ScrambledCars
1.502	-5.115	-5.082	-5.403	-4.674	-7.047	-0.536	-1.853	1.479	3.971	4.742	7.094	1.016	-1.058	-1.741	-8.776	-3.185	-2.140	-1.115	-1.632	-0.906	-0.401	-2.159	4.041	5.757	7.922	13.902	5.710	13	ScrambledCars
1.949	-0.945	5.898	0.442	3.076	6.838	-2.344	1.409	0.519	-0.924	-0.441	-2.173	-2.144	-0.914	-3.362	-6.230	-4.795	-1.085	-3.350	-5.124	-1.349	1.654	0.141	-1.262	0.690	-2.598	-0.436	-3.314	13	ScrambledFaces
1.602	-8.260	-6.417	-7.358	-0.451	-2.708	0.915	-1.263	-2.195	2.164	0.012	-0.993	5.784	1.127	-2.442	3.837	0.050	5.639	-0.343	-2.616	1.556	2.989	0.519	5.225	2.926	4.899	4.803	-1.428	13	ScrambledCars
4.748	-2.070	-3.252	-4.029	0.104	-2.005	8.866	0.939	-1.267	2.637	0.562	-2.210	3.105	5.801	-6.370	0.764	-3.794	-0.525	1.605	1.641	3.940	6.148	3.813	2.923	-2.362	-1.425	2.003	-2.640	13	ScrambledFaces
0.721	2.620	4.005	5.961	1.097	2.539	-3.660	-0.810	0.089	-3.407	-0.218	1.299	2.640	0.530	-4.411	-2.873	-1.394	-6.498	0.540	1.812	1.244	0.594	-0.998	1.937	-0.960	5.700	0.339	3.609	13	ScrambledCars
9.665	1.533	-0.205	-0.615	2.461	0.345	-9.621	-4.840	-2.189	-3.077	-2.718	-7.791	-1.246	-2.452	3.678	-5.037	3.367	9.831	4.306	1.928	1.040	1.716	-0.595	-1.697	0.227	-3.514	-4.125	-3.106	13	ScrambledCars
-0.316	-1.577	0.295	1.592	2.372	7.051	-10.016	-2.760	-4.761	-3.044	-6.509	-1.817	1.632	3.160	-2.549	-7.138	3.372	4.308	3.568	1.604	2.813	0.448	6.120	1.513	2.607	-2.383	0.312	-5.025	13	ScrambledCars
-3.937	1.595	-1.214	4.346	0.263	-2.998	1.974	-3.293	-2.066	-1.295	-2.012	-5.861	-0.456	4.801	5.123	8.513	2.721	1.203	2.786	4.011	7.799	3.157	0.804	2.869	-2.140	-2.127	-2.645	-0.914	13	ScrambledCars
6.652	4.320	1.669	-0.676	0.853	-2.872	-5.151	-13.513	-10.618	-5.492	-7.760	-7.824	4.678	7.594	9.966	3.102	9.525	1.808	8.246	10.379	7.458	8.611	9.868	-0.639	-2.641	-2.958	-2.181	-4.383	13	ScrambledFaces
6.012	-1.062	1.493	-2.411	2.335	4.034	-7.452	-1.891	-0.871	-5.683	-0.105	2.281	1.015	0.252	-4.223	-8.283	-0.702	2.137	1.265	-0.008	-1.712	2.848	0.822	4.059	2.663	3.166	1.323	-0.348	13	ScrambledCars
6.996	-2.714	2.449	-3.698	-6.005	-2.127	-10.007	1.590	1.607	-3.869	-1.476	-0.235	-4.008	-4.745	4.578	-5.432	-1.952	3.257	-3.782	-3.249	-4.240	-5.110	-1.044	-2.082	3.623	0.876	0.166	-2.269	13	ScrambledFaces
-2.048	-3.776	-0.494	3.446	2.031	0.994	-2.080	-2.210	-2.447	1.872	3.668	3.427	4.672	3.809	-8.535	-2.287	-2.098	0.199	0.544	0.372	3.947	4.189	6.410	5.370	1.750	1.554	-1.401	5.991	13	Cars
8.731	4.952	0.081	5.254	1.862	1.013	7.173	-6.340	-9.347	-2.607	-10.237	-8.257	2.076	4.927	8.752	14.648	6.990	6.253	6.508	6.657	5.897	3.173	1.719	-1.499	-5.362	-6.740	-14.337	-9.101	13	Faces
9.170	1.762	2.617	0.443	-2.326	-0.137	-6.202	-5.972	-3.698	-5.189	-1.974	-5.418	-5.471	-3.559	5.744	-4.175	4.283	4.905	2.828	0.189	-0.188	0.154	2.284	-0.719	-0.270	-0.338	-0.373	-2.029	13	Faces
-4.445	-3.458	-0.119	-2.395	1.897	-0.622	-5.706	-4.572	0.919	-0.562	1.844	-0.724	4.607	1.978	-5.178	-7.572	-1.692	0.419	0.221	-0.787	-0.153	2.012	-4.627	3.536	6.119	7.330	6.793	6.777	13	ScrambledFaces
4.423	5.237	6.341	2.868	3.850	2.548	-2.681	-0.895	-2.813	-0.585	-2.208	1.153	3.133	1.606	5.350	3.643	-0.449	-2.927	-0.705	1.317	2.574	0.990	-3.053	-0.177	-6.621	-6.448	-12.194	0.510	13	Cars
0.608	-1.712	0.560	-1.031	-5.985	-2.962	4.387	-0.149	0.173	3.881	2.211	2.290	-2.710	-4.744	0.305	3.819	1.779	0.680	0.405	-0.071	-2.053	2.601	5.333	-0.167	1.049	-2.458	-1.835	-0.159	13	ScrambledCars
8.716	5.469	4.877	0.899	-2.795	-5.909	-3.441	-8.323	-10.637	-9.712	-4.667	-5.533	-4.826	-2.310	7.119	6.500	6.612	9.021	2.930	1.623	0.086	4.557	1.291	-2.518	-2.180	-2.207	-3.829	-7.563	13	Faces
4.404	-1.314	0.145	-1.664	-2.235	-1.394	-6.405	-1.149	3.279	-4.922	1.096	0.288	-0.632	0.348	0.050	-0.668	3.305	2.775	2.010	-1.644	-3.552	-1.628	1.307	2.473	3.712	4.243	-3.854	-0.515	13	ScrambledCars
4.262	5.940	0.834	-1.083	-1.917	0.632	-7.244	-3.835	-0.029	-6.644	-3.941	-4.861	-1.586	0.726	-1.214	1.776	2.497	4.516	4.148	2.485	0.532	0.658	-2.769	-0.069	0.565	1.870	2.634	-4.374	13	Faces
9.024	2.010	9.054	1.265	4.524	6.252	-8.244	-4.047	-6.007	-2.344	-2.583	-5.109	-2.448	-2.166	3.883	0.000	1.128	-1.575	-0.640	1.464	-1.989	0.181	-1.499	-3.937	-5.805	-3.995	-11.578	-5.900	13	ScrambledFaces
-1.648	-3.917	-1.230	2.422	5.671	2.727	0.452	3.376	2.118	5.164	3.970	0.832	4.207	4.519	-11.942	0.943	-4.175	-6.744	-0.181	1.599	3.642	-1.820	-0.545	6.419	-2.952	-0.561	5.551	3.123	13	Faces
8.672	4.195	7.319	1.104	-0.474	-4.006	5.990	-4.761	-6.185	-5.968	-4.969	-3.797	-1.040	1.489	0.397	4.997	4.428	6.528	5.136	4.728	5.958	0.513	2.778	-3.697	-5.285	-4.690	-5.494	-1.465	13	Faces
7.802	4.491	7.903	-0.949	2.358	3.340	-10.553	-4.714	-1.936	-6.728	-3.408	-6.833	-1.256	1.325	5.473	-3.182	5.514	1.190	5.948	4.243	1.203	2.859	2.386	-0.243	-1.416	-3.403	-5.138	-5.793	13	ScrambledCars
-2.867	-1.562	2.746	-8.904	2.484	2.640	-3.234	-2.557	-3.129	-3.919	-6.415	-7.818	1.961	3.116	5.646	-0.033	0.375	5.541	2.463	0.481	3.865	5.459	3.673	1.750	1.943	-3.021	2.293	-6.780	13	ScrambledCars
6.002	0.410	14.132	-7.084	-1.161	5.595	-5.969	1.129	1.194	-4.266	-3.009	-0.710	-4.146	-7.605	3.609	-2.493	-3.402	1.527	-0.606	-2.497	-2.811	-6.024	-1.621	-5.764	-4.422	0.928	-2.491	-1.641	13	ScrambledFaces
6.905	-0.184	2.910	-2.192	-2.373	2.097	-8.171	-2.939	-2.210	-0.626	-3.945	0.457	-8.318	-9.405	1.299	-7.496	-1.320	6.179	-0.076	-3.903	-10.084	-5.684	-0.378	-5.258	2.527	0.202	-5.307	0.141	13	ScrambledFaces
-2.677	2.048	4.500	0.529	3.172	6.318	-2.403	-0.186	-3.337	2.628	0.219	0.443	2.160	2.990	-2.565	-2.836	0.527	-2.647	-0.034	-1.273	0.786	1.622	0.067	3.420	-0.548	0.625	4.119	-1.942	13	Faces
5.296	0.756	5.786	-0.301	-1.305	0.289	0.353	2.569	3.807	-0.536	0.930	-0.823	-3.949	-0.847	-3.893	-2.235	-1.351	-1.175	-6.846	-1.950	-3.314	-3.668	-3.108	-1.611	-3.182	-3.623	1.618	0.124	13	Faces
1.302	-0.140	14.503	-2.170	-1.856	-2.841	3.833	1.066	-0.525	-1.235	-0.310	-5.199	-4.764	-3.564	-0.783	-2.438	-0.768	-0.292	-0.855	-3.567	-3.032	-2.286	2.368	-1.788	3.563	1.512	-6.168	-2.656	13	ScrambledCars
6.619	9.488	10.213	4.525	1.953	3.544	-10.223	-6.064	-6.583	-4.962	-8.343	-8.702	-3.772	1.984	2.642	-0.326	4.936	3.294	5.612	5.063	4.394	1.499	9.511	0.550	-0.506	-3.806	-7.966	-13.554	13	ScrambledFaces
-3.086	2.663	-2.987	-0.451	2.557	-0.426	1.119	-4.296	-2.886	-1.586	-4.522	-6.395	2.284	1.767	5.839	6.184	2.736	1.515	2.613	2.870	1.530	3.461	1.582	3.198	-2.688	-1.321	-2.554	-4.690	13	ScrambledFaces
-4.505	-8.974	-13.040	-6.705	-6.035	-4.636	-0.191	-2.547	3.543	5.927	7.403	6.222	2.574	-1.220	-4.132	-4.435	-4.454	6.253	1.821	-3.276	-2.511	-0.900	0.367	0.893	2.313	6.883	8.437	11.705	13	Faces
-7.739	-4.079	-0.565	-1.803	-0.391	-0.662	7.181	4.145	6.604	1.432	5.953	-1.015	2.568	2.091	-12.948	-5.148	-7.692	-7.276	-3.760	-2.247	2.957	-3.397	0.245	5.924	6.463	8.424	9.258	5.420	13	ScrambledFaces
2.093	-2.883	7.676	-2.404	1.444	1.574	-5.570	-6.590	-7.719	-2.020	-5.599	-10.488	-0.846	3.214	-0.160	-5.102	5.273	7.884	7.255	2.796	0.360	3.284	3.509	1.196	1.294	-3.399	-0.494	-3.280	13	Faces
-1.690	-0.555	5.631	-0.936	1.193	-0.081	-8.252	-12.460	-12.594	-5.273	-8.607	-1.332	-2.343	1.415	3.876	-2.240	3.459	14.114	5.958	0.860	2.542	5.463	6.637	3.523	4.362	3.788	5.047	-3.342	13	Faces
5.013	0.867	2.928	3.585	6.214	5.538	-4.645	-3.016	-4.610	1.549	-4.504	-8.512	1.785	6.359	0.103	-5.454	2.344	3.418	6.776	4.127	4.326	3.915	0.983	-2.392	-0.438	-4.314	-8.969	-9.251	13	ScrambledFaces
-3.110	-2.645	1.914	-2.794	-1.434	-2.940	2.688	3.126	1.724	8.903	4.848	4.941	6.510	-0.328	-14.611	-4.214	-7.936	-6.226	-2.569	-5.064	-1.622	-1.244	-3.359	3.482	0.358	4.855	11.825	9.641	13	Cars
3.970	4.531	5.060	2.503	4.741	3.601	-2.714	-6.623	-7.282	0.026	-8.505	-6.404	1.148	0.050	6.937	-5.371	3.125	7.294	5.316	0.651	0.622	1.379	2.943	0.299	-2.875	-0.160	-13.949	-6.626	13	ScrambledCars
13.474	3.198	5.168	4.176	2.051	2.823	-3.797	-8.034	-10.785	-3.250	-6.262	-3.405	-1.967	0.014	7.205	1.516	5.144	-2.701	7.308	1.784	2.046	-1.018	4.811	-4.832	-0.956	-4.555	-7.365	-3.475	13	Cars
16.279	7.099	10.434	5.148	2.826	5.972	-6.474	-4.587	-7.529	-6.982	-7.591	-11.659	-4.320	0.881	8.489	2.210	6.213	1.113	3.544	5.731	0.765	-2.534	-2.318	-3.378	-5.516	-12.076	-8.305	-10.033	13	ScrambledFaces
-10.294	-2.713	-0.578	1.104	2.033	0.361	13.254	3.542	4.705	10.404	7.252	8.936	11.434	11.916	-10.414	0.654	-7.347	-14.425	-4.439	-0.330	6.732	2.173	-2.152	6.504	2.594	4.201	7.529	6.918	13	Cars
-7.985	-1.137	7.099	6.001	-0.114	1.104	2.993	3.105	4.854	1.595	3.894	-0.787	1.407	0.702	-4.296	1.985	-1.553	-7.463	-0.576	-1.306	2.597	3.333	-1.464	0.504	-0.366	3.920	2.857	0.744	13	ScrambledFaces
3.698	2.578	-2.653	1.618	2.605	4.224	-8.809	-1.481	-2.981	-2.031	-1.529	-3.857	-1.003	0.560	8.329	-2.951	1.393	3.691	3.610	1.514	2.171	3.987	0.893	-0.541	-1.530	-4.649	-10.764	-5.016	13	ScrambledFaces
-2.481	-4.135	-5.535	-3.886	-3.422	-7.182	3.010	-2.547	-5.739	1.036	1.479	3.083	3.144	5.969	15.943	2.072	0.778	-0.725	2.802	-1.128	2.273	3.021	5.029	4.412	-1.264	0.708	9.118	6.103	13	Faces
5.001	-0.011	0.385	0.096	-0.889	-1.991	-1.939	-5.030	-4.516	-5.498	-4.935	-1.259	1.989	1.703	1.796	1.998	-0.074	0.105	0.631	3.446	5.362	3.218	-1.525	2.240	-1.177	-2.972	1.261	-6.067	13	ScrambledFaces
7.262	5.821	3.053	2.078	1.390	-0.749	-11.021	-10.024	-11.923	-2.707	-8.717	-10.048	0.101	2.119	12.521	1.317	8.348	7.509	4.123	5.576	6.282	4.492	-0.138	2.904	-3.208	-9.059	-8.438	-4.246	13	Cars
5.284	3.988	2.936	0.969	-2.285	-3.365	1.624	-4.802	-6.176	-4.949	-5.534	-4.954	-6.380	2.140	1.156	11.497	5.098	9.401	2.427	-0.437	0.229	-5.709	-1.199	-1.779	-0.054	0.504	-1.904	0.207	13	Faces
2.956	-0.829	-4.616	-1.950	-1.734	-4.207	-4.046	-3.899	-5.380	0.387	-2.359	-5.806	0.517	2.285	6.124	0.600	0.912	0.968	0.862	1.737	0.525	3.665	1.693	0.332	2.254	1.921	-0.762	2.800	13	Cars
7.651	3.886	6.742	2.520	2.146	2.652	-9.067	-11.569	-12.156	-3.440	-8.304	-0.885	3.264	0.213	6.067	-2.893	5.288	4.794	2.350	4.118	5.536	1.749	2.730	0.586	-1.586	-1.303	-6.916	1.592	13	Cars
8.679	3.340	2.856	2.330	0.703	-2.595	-0.029	-7.447	-13.317	-13.112	-9.062	-9.400	-1.027	2.559	2.108	12.739	6.099	10.751	6.759	6.226	6.584	5.956	8.311	-0.796	-1.580	-4.430	-1.013	-4.244	13	Faces
-3.826	-3.275	-2.462	-2.033	-2.700	-2.885	6.623	6.579	6.193	5.317	6.098	2.879	2.213	0.339	-8.230	1.757	-3.816	-5.157	-2.288	-2.630	-2.908	-1.056	-1.751	2.605	0.378	-1.194	11.028	-2.035	13	ScrambledCars
12.368	5.367	4.172	3.780	1.145	-4.832	2.967	-10.482	-8.980	-6.387	-8.315	-5.280	-1.063	7.476	2.982	13.180	7.935	3.739	6.949	8.290	9.165	4.665	0.857	1.226	-7.182	-6.354	2.820	-5.855	13	Faces
2.103	0.555	5.461	1.150	0.804	0.453	-3.047	-1.240	0.387	-1.142	2.161	2.537	0.248	-0.527	-1.703	0.978	3.734	-1.978	0.643	1.512	-0.778	1.045	-1.388	0.696	1.565	-0.795	-1.866	-2.793	13	Faces
5.482	0.200	0.707	2.260	3.912	5.482	-11.274	-3.764	-0.861	-2.932	-1.486	-1.500	2.270	0.672	0.686	-4.004	0.636	4.895	0.032	1.881	2.085	-2.188	-2.565	-2.224	-1.335	-6.101	4.854	-5.226	13	Faces
-0.059	1.073	-4.999	4.225	0.030	-5.260	4.683	-3.861	-6.462	-4.941	-4.704	2.197	3.061	5.282	0.460	9.161	2.943	-0.240	2.682	6.231	7.624	4.964	0.492	4.811	-0.162	2.061	3.966	1.445	13	Faces
21.208	-5.978	-6.575	-5.045	-9.074	-11.886	-1.888	-6.698	-2.772	-3.989	2.807	-1.570	1.568	2.479	-6.449	-1.154	-0.892	0.767	0.673	-2.771	0.197	0.529	-1.351	5.389	4.764	8.082	1.634	3.081	13	Cars
0.991	-1.009	2.731	1.990	2.827	4.268	-6.186	-3.504	-2.145	-2.374	-0.991	4.954	3.104	-2.694	3.820	-4.498	0.834	-0.119	2.823	3.152	-1.611	2.358	1.666	-2.338	0.410	1.052	0.437	-1.099	13	Faces
-6.221	-3.299	-3.215	2.479	4.815	5.421	3.216	3.441	2.363	3.937	-0.415	-3.016	3.631	2.426	-4.885	-3.094	0.030	-7.814	1.887	0.891	1.359	2.128	5.351	2.518	3.550	2.583	8.043	-0.972	13	ScrambledFaces
3.431	0.457	5.560	-1.650	-0.556	-1.745	-5.030	-3.618	-3.335	-1.083	-4.144	-4.471	-3.784	-1.882	1.978	3.374	2.979	-2.498	2.735	1.051	0.597	-0.589	-3.247	-1.207	-4.055	-0.250	3.580	-5.369	13	Faces
1.283	0.094	-2.405	0.335	-2.298	-5.917	-1.360	-8.209	-6.245	-6.611	-4.820	-4.398	3.809	3.706	3.685	0.127	6.596	9.686	4.357	2.443	5.049	5.420	5.790	1.720	0.038	-2.545	4.014	-0.981	13	ScrambledCars
2.320	-4.134	0.202	0.386	-3.208	3.780	-2.293	1.158	2.244	-3.812	-1.005	-1.233	-7.353	-5.321	-5.618	-1.147	-2.198	2.007	-0.790	-4.594	-5.625	0.240	1.746	-4.248	0.605	3.362	1.673	-4.499	13	ScrambledFaces
-5.877	2.516	9.845	2.305	1.092	5.140	-7.387	1.356	3.125	4.894	0.223	-1.226	2.023	-3.147	-3.988	-8.725	-3.533	5.659	-0.760	-0.913	-2.612	-0.368	-0.710	0.588	-1.691	0.753	12.516	-2.568	13	ScrambledFaces
3.161	5.596	4.177	3.291	1.613	-0.674	4.588	0.908	-3.890	-5.481	-2.355	2.018	1.953	2.536	2.668	8.126	3.031	1.268	2.125	1.862	-1.266	0.537	-1.169	-2.547	0.442	-5.113	0.573	-1.301	13	Faces
2.158	0.436	5.849	2.971	-1.265	1.155	3.252	3.477	-1.717	-1.674	-2.343	-8.759	-4.672	-4.153	2.631	-0.740	-0.719	3.070	1.222	-2.431	-3.560	2.684	3.569	-4.205	0.394	-3.580	-3.535	-4.039	13	ScrambledCars
-3.188	4.456	0.789	3.957	2.184	-0.294	-6.733	-9.422	-5.436	-3.038	-5.401	-2.717	1.662	7.331	6.108	0.744	7.716	5.770	8.879	5.713	4.723	0.936	3.330	2.455	-0.492	-3.219	3.901	-9.372	13	ScrambledFaces
2.860	7.145	4.612	3.149	2.166	-3.364	2.815	-9.666	-11.732	-5.545	-11.348	-8.319	3.369	7.564	7.317	15.622	9.783	7.622	7.580	8.330	8.367	4.002	4.371	4.314	-1.469	-7.568	-11.496	-8.557	13	Faces
-5.610	0.548	4.439	-0.249	-3.222	0.444	-2.804	0.537	0.588	-1.841	-0.368	1.638	-1.261	-3.340	-3.407	0.291	-3.954	-2.155	-1.066	-2.492	-1.633	1.143	2.904	0.124	5.941	4.163	4.870	1.141	13	ScrambledCars
-0.631	-1.120	-5.284	1.812	1.919	-1.052	-5.034	-12.075	-10.368	1.972	-3.661	1.471	6.176	8.049	4.214	-8.089	7.161	8.910	7.041	6.148	7.588	7.574	5.279	5.197	-1.538	-3.467	7.348	-0.713	13	Cars
0.807	-3.071	-6.088	-2.820	3.228	0.857	-3.017	-1.349	-2.256	1.335	-1.014	-2.912	5.698	2.818	-6.917	-2.801	-2.331	-4.152	0.747	1.454	3.686	6.206	3.930	3.199	7.644	5.956	9.889	1.299	13	ScrambledFaces
6.902	2.134	3.212	1.573	-1.978	-0.932	-0.681	-4.402	-6.237	-4.862	-8.902	-8.389	-4.453	-0.237	7.405	9.437	5.694	6.371	1.252	1.316	1.619	0.355	4.074	-3.361	-4.479	-3.574	-4.381	-5.877	13	ScrambledFaces
1.175	2.075	-2.486	-0.539	-3.967	-2.767	-3.094	-8.714	-7.495	-3.249	-3.419	2.237	-1.078	2.477	3.227	-1.651	-0.033	2.910	-0.808	-3.078	-0.447	-0.715	-4.104	2.103	2.465	2.509	-3.619	1.832	13	Cars
5.014	5.923	7.943	2.439	-1.680	-0.675	2.122	0.632	0.271	-5.802	-0.027	-5.945	-4.143	-4.241	5.929	8.901	3.790	2.590	-0.770	0.749	-1.991	-4.680	-0.165	-5.498	-0.349	-0.187	-1.178	-1.507	13	ScrambledCars
3.395	6.482	0.889	2.600	3.460	-1.682	-2.472	-2.493	-4.087	-2.482	-5.490	-7.640	0.639	5.708	4.938	4.857	2.618	1.121	4.796	4.971	5.536	4.793	-1.822	1.454	-5.948	-7.843	4.308	-8.161	13	ScrambledCars
-13.125	-12.278	-13.699	-8.234	-3.743	-6.790	-3.647	-0.992	8.646	9.357	7.415	7.861	3.623	-2.457	-4.322	-12.217	-4.886	-2.057	-1.128	-4.306	-1.867	0.034	1.176	5.611	8.821	9.366	13.278	7.045	13	ScrambledFaces
-1.750	-0.472	10.932	-4.730	-1.427	2.690	11.545	10.290	6.814	2.755	6.236	2.817	-3.915	-9.292	0.238	-2.162	-3.598	-3.388	-8.773	-7.367	-7.768	-6.681	-5.963	-4.788	-11.359	-2.240	-2.177	0.204	13	ScrambledCars
-4.453	0.616	-1.190	1.361	-0.844	-5.225	2.091	-6.120	-5.101	-6.439	-5.183	-1.374	-0.677	1.586	8.278	13.726	2.853	4.685	3.612	0.479	1.434	3.908	1.803	1.913	1.032	-5.152	-7.226	-0.917	13	ScrambledFaces
-1.112	3.924	1.766	2.001	-0.057	-2.649	-6.160	-11.347	-10.680	-1.528	-6.234	-1.531	0.544	0.189	5.584	-6.913	8.525	8.446	8.327	5.836	2.069	3.523	0.073	2.169	1.421	3.485	-2.493	2.526	13	Cars
-6.561	-1.063	-0.345	-0.488	1.420	2.879	-7.959	-3.573	-0.647	5.102	-1.240	-2.913	-1.108	-0.374	4.161	-0.707	1.929	10.398	2.426	0.220	1.832	2.976	0.331	-1.209	-5.634	0.158	1.376	-4.612	13	ScrambledFaces
0.276	2.687	0.286	3.060	-2.804	-5.972	2.988	-7.207	-6.224	-6.112	-5.571	1.376	1.469	-1.912	2.053	-0.670	4.366	2.777	-1.051	-0.747	2.368	1.978	2.712	2.578	3.776	-3.314	0.670	-2.146	13	ScrambledCars
-3.063	-1.345	1.793	0.887	0.752	2.200	5.168	3.684	-1.133	1.331	-0.587	-2.941	-0.083	2.757	0.062	-1.863	0.663	3.374	1.954	1.053	-0.479	-1.558	0.125	2.021	0.368	3.598	-15.548	0.122	13	ScrambledFaces
2.598	3.941	2.245	3.566	1.482	-1.291	-9.225	-9.564	-11.138	-3.791	-6.622	2.756	1.621	4.045	2.522	-4.667	5.405	6.363	4.222	6.436	5.347	5.412	0.275	1.637	-2.893	-2.406	11.770	-0.879	13	Cars
0.672	6.417	4.447	5.389	5.988	3.845	-5.489	-3.225	-4.163	-3.043	-5.054	-11.638	-2.357	0.810	3.719	6.083	7.610	-0.040	7.138	9.201	4.320	3.875	2.793	-0.605	-4.390	-9.282	-8.890	-6.321	13	ScrambledFaces
9.410	3.541	6.727	6.780	7.014	2.501	4.554	0.422	-6.137	-9.946	-7.138	-10.500	-1.945	0.585	4.377	11.105	4.199	7.111	2.900	6.547	5.922	1.281	5.459	-2.943	-9.309	-8.491	-12.107	-11.085	13	ScrambledFaces
-1.306	-0.783	0.170	-1.173	-2.043	-5.367	3.237	-2.447	-3.010	2.985	-3.159	0.930	2.415	7.169	-3.696	4.192	-0.173	-7.634	1.317	3.918	4.498	1.641	-1.614	3.383	3.268	2.120	4.921	1.891	13	ScrambledCars
-4.717	0.202	-4.899	-0.894	2.350	0.925	-1.061	-9.015	-5.175	-0.504	-1.800	-7.195	1.344	6.439	8.054	-1.618	6.332	2.909	5.160	3.909	6.113	7.102	1.609	4.753	0.729	-1.240	0.122	-1.271	13	Cars
2.378	6.306	8.666	3.416	1.160	7.256	-5.352	-5.203	-3.679	-7.439	-6.038	-2.195	-4.886	-1.229	3.400	-3.594	3.239	7.716	1.023	1.568	-0.397	0.960	0.829	-6.492	-1.194	-3.155	3.158	-11.574	13	ScrambledCars
2.716	-2.887	1.382	-1.766	3.578	4.988	0.856	5.670	3.890	-0.086	2.116	-0.696	0.156	-3.249	-6.709	-4.633	-6.334	-4.769	-5.469	-2.865	-4.884	-1.666	-2.350	-4.387	0.610	-2.923	-6.126	-0.198	13	ScrambledFaces
2.013	4.906	4.392	1.043	3.283	0.391	4.078	2.870	-1.099	-2.263	-2.195	0.638	0.187	0.824	-0.862	6.428	0.363	-0.571	0.020	2.519	1.370	-3.828	0.954	-2.295	-2.797	-3.662	-0.764	-2.193	13	ScrambledFaces
5.336	7.627	-1.781	4.734	2.661	1.642	0.491	-2.017	-3.172	3.301	-4.520	-0.702	-0.866	1.811	1.733	5.077	1.532	-2.228	2.022	3.688	4.431	3.423	-2.265	-3.127	-2.468	-1.824	-12.948	-2.606	13	Cars
6.201	3.244	-2.711	4.027	5.723	3.841	-5.969	-6.661	-5.689	-2.420	-4.132	-0.331	0.213	0.950	3.236	-5.018	5.906	3.719	3.399	4.874	3.045	0.395	8.925	1.225	-2.808	-3.314	-3.846	-3.846	13	Faces
1.545	-1.030	3.806	1.064	7.012	8.982	0.927	0.692	-2.577	0.144	1.648	-0.464	3.798	1.006	-0.893	-14.617	-1.257	-1.524	-1.176	-0.191	1.071	-1.283	-2.744	0.775	-0.783	-5.348	-1.535	2.423	13	Cars
10.138	6.817	4.128	0.449	-2.890	-5.436	-6.411	-10.639	-11.859	-6.516	-8.849	-10.752	-5.116	-1.609	11.071	14.138	7.998	3.559	7.287	4.683	2.118	4.754	2.509	-4.866	-0.771	-6.421	-2.502	-9.512	13	ScrambledCars
8.796	1.062	2.326	-0.572	-2.280	-3.932	-8.923	-10.112	-9.122	-4.645	-4.550	-2.244	-3.955	-4.596	4.975	-7.115	5.343	6.610	4.510	-1.820	-0.561	1.854	4.550	1.104	2.801	5.144	-4.396	2.670	13	Cars
-6.147	-3.171	-6.565	-3.307	-0.966	-1.479	-9.710	-4.119	-1.722	0.199	0.736	0.908	1.308	0.688	2.788	-6.369	2.186	5.672	0.027	-0.747	-1.433	3.653	4.886	2.149	2.293	-0.976	7.824	-0.098	13	ScrambledCars
6.598	8.967	-1.943	6.068	2.019	-0.510	-0.686	-1.744	-8.798	-11.464	-8.758	-8.164	1.413	3.725	-0.321	13.099	6.655	6.572	4.414	8.172	5.261	3.634	3.797	-0.900	-6.431	-7.093	-4.492	-5.188	13	Cars
2.444	-4.867	-2.105	-2.210	-2.632	-5.319	3.942	-0.843	-3.901	-1.395	-2.737	-1.814	0.929	-1.212	-0.057	6.035	0.725	9.084	0.257	-2.430	1.254	0.688	4.881	-0.238	1.723	1.627	7.978	-7.889	13	ScrambledCars
4.755	0.994	-1.613	3.511	1.649	-5.306	1.003	-7.879	-4.404	-1.269	-6.402	-6.550	5.734	9.480	5.842	7.601	8.406	3.985	9.723	10.376	10.851	7.858	2.325	1.655	-3.575	-7.691	-5.632	-6.126	13	ScrambledCars
-2.461	-0.814	-1.400	1.200	5.601	5.621	1.978	-2.439	-2.737	1.517	-2.105	-6.355	1.782	1.387	-4.994	-2.711	0.983	-1.830	2.212	1.579	2.683	3.207	3.243	1.141	-2.640	3.093	10.251	-3.109	13	Faces
-2.197	0.434	2.735	2.371	2.584	5.843	-8.137	-0.050	-0.127	-1.509	0.306	-6.816	0.323	-6.077	9.054	-9.529	0.471	-0.712	1.635	-0.642	-1.667	2.412	-5.163	-0.920	1.689	-0.590	-3.658	-4.230	13	Cars
-13.929	-7.229	-3.665	-5.773	-2.064	-2.746	8.741	3.617	8.575	8.818	7.179	9.602	4.246	2.587	-4.979	-3.118	-4.848	-3.621	-1.362	-3.457	-2.271	-2.616	-1.414	5.419	7.457	11.034	12.469	12.072	13	Cars
-4.364	-1.161	0.774	10.067	-1.805	3.529	0.988	-5.765	-2.696	3.127	0.340	-1.806	3.777	3.456	-2.477	-10.550	0.632	0.470	-30.095	0.410	0.586	-0.073	1.076	7.684	5.354	4.578	0.418	6.228	13	Cars
11.316	2.184	0.921	2.212	2.299	2.727	-6.724	-6.485	-4.367	-6.457	-7.777	-0.725	-2.793	-0.493	6.402	-0.307	5.074	4.682	7.425	5.059	3.180	-0.153	-4.151	-4.938	-6.946	-6.180	-0.681	-7.495	13	ScrambledCars
6.837	3.845	2.969	0.989	-0.936	-2.417	1.646	-1.426	-3.387	-4.432	-4.943	-4.235	-3.815	-0.574	1.696	12.154	5.138	7.422	6.203	2.760	1.516	0.638	1.461	-1.011	-4.144	-4.317	-4.909	-5.044	13	ScrambledCars
2.767	0.469	1.976	-2.002	-5.214	-3.669	-0.459	-1.411	-2.596	-5.304	-0.411	-2.025	-3.763	-0.433	1.725	-1.371	0.467	1.204	6.500	1.877	-1.029	3.625	7.272	-0.101	3.527	-8.839	-7.133	-2.608	13	Cars
-1.875	0.354	1.889	2.291	-1.700	-2.344	-1.759	-6.031	-2.487	1.472	2.320	8.385	-4.952	-4.847	1.366	3.224	-3.176	-0.343	-3.172	-4.020	-5.987	-6.532	-5.386	-3.668	-2.143	4.985	10.444	5.114	13	Cars
1.708	0.438	-4.527	-0.687	0.150	2.650	1.934	-2.529	-3.377	-6.650	-5.887	-5.966	-2.024	1.930	1.027	-1.550	5.802	12.190	4.671	-0.741	3.441	3.924	1.171	-4.106	0.646	-3.079	-0.200	-8.215	13	ScrambledFaces
-9.071	-3.304	-0.575	3.313	7.255	7.733	2.376	-2.135	-0.323	2.091	-0.408	-6.756	5.861	6.773	-3.090	-11.532	-0.141	2.017	5.447	2.627	5.647	1.250	-2.480	0.374	-0.883	-2.048	7.071	-1.613	13	ScrambledCars
-14.629	-8.174	-8.055	-1.539	1.334	-0.889	-2.215	-3.118	-3.593	1.845	3.160	7.089	4.668	2.530	-0.798	-5.008	-1.273	-3.982	3.697	1.178	2.657	4.560	6.241	9.321	12.364	11.500	1.334	11.082	13	Cars
2.785	-1.061	1.457	0.334	-1.533	-4.058	2.541	-1.280	-4.818	1.846	-0.783	-7.879	-4.073	-1.711	6.721	10.998	4.930	0.412	4.774	2.221	0.009	0.473	6.412	-3.206	-2.037	-3.058	-4.466	0.218	13	Faces
-1.608	-4.198	-3.066	-2.631	0.502	-1.183	-5.279	-7.486	-1.794	0.860	1.128	3.586	4.752	1.252	-2.913	-1.581	1.997	3.947	3.268	2.969	1.048	5.848	6.324	5.205	5.013	4.244	10.434	4.979	13	Cars
1.600	-0.084	-0.675	-0.665	0.305	-2.283	-5.429	-7.292	-7.568	-3.467	-4.824	-3.843	-0.619	2.075	8.930	3.679	7.914	4.630	5.392	4.106	3.155	3.090	4.414	-0.237	1.315	1.665	4.141	-3.067	13	Faces
-5.380	-2.247	-0.708	-3.613	-2.147	-5.629	5.337	-1.226	0.884	1.670	5.126	7.826	6.942	2.458	-0.786	2.142	-4.344	-4.947	-2.072	1.988	2.461	0.195	-3.282	3.495	-2.203	9.947	-0.259	5.182	13	Faces
8.737	-2.172	-4.501	-2.886	-4.919	-5.433	-0.924	-1.155	-1.991	2.570	-2.409	0.063	-0.963	1.299	-5.241	3.594	-3.591	3.523	-5.114	-3.155	-4.021	0.351	0.359	2.507	4.580	1.918	-6.592	1.776	13	Faces
1.853	4.344	2.583	1.586	0.890	2.101	0.940	-2.285	-3.690	-0.512	-2.117	-1.367	1.414	5.248	-5.385	9.039	-3.398	-2.228	0.647	2.471	7.440	6.035	-1.888	0.847	-1.056	-3.429	0.509	-1.836	13	ScrambledCars
-2.607	0.438	-1.032	2.289	2.452	1.106	-13.305	-6.623	-2.862	0.195	-4.175	-1.881	1.970	-0.756	3.287	0.788	3.966	5.565	3.731	2.986	0.923	1.011	3.657	0.924	1.203	-0.246	-1.929	-2.989	13	Faces
3.577	-3.409	-9.567	-4.176	-3.497	-7.937	-0.829	-5.766	-4.693	-3.002	-4.237	-5.740	1.729	4.863	2.315	4.531	6.720	6.870	8.107	6.345	6.590	7.253	8.302	3.956	2.242	0.115	2.844	-6.469	13	ScrambledCars
3.917	2.257	-0.072	1.583	-0.461	-2.420	-7.424	-8.119	-6.283	-3.872	-3.450	-3.335	0.233	-1.021	4.234	-10.031	1.882	1.841	0.930	-0.728	0.670	0.036	-1.886	0.206	1.008	0.110	1.092	3.784	13	Cars
1.383	1.167	-4.436	7.525	3.313	-3.816	7.944	-1.890	-2.994	-2.277	-5.110	-2.908	-0.280	7.499	-0.637	9.835	5.384	2.144	4.202	8.222	7.348	4.737	6.827	4.601	-0.833	-4.274	-4.804	-5.445	13	ScrambledCars
4.676	8.166	3.287	6.147	1.448	3.011	-13.817	-12.455	-12.150	-6.535	-11.017	-7.161	-5.161	-1.228	9.573	1.381	8.249	7.306	6.685	7.939	4.396	3.381	0.805	3.302	-1.781	-1.497	6.638	-6.839	13	Cars
-1.551	0.038	3.243	0.139	0.125	-0.346	2.268	3.544	1.858	1.329	2.236	-0.611	-1.240	1.701	-2.767	5.269	-5.826	-6.117	-2.320	-1.912	-2.507	-2.357	-2.576	-1.922	0.738	3.334	-1.180	4.450	13	ScrambledFaces
11.959	5.282	6.936	5.128	-3.517	2.655	1.461	-1.533	-8.102	-0.915	-9.940	-14.569	-8.094	-4.861	7.625	5.099	6.132	6.252	3.560	2.703	0.542	2.259	3.391	-1.915	-4.303	-9.562	-2.346	-9.300	13	ScrambledFaces
8.809	7.955	6.298	6.288	-0.566	0.656	-5.797	-6.760	-6.359	-5.811	-6.807	-4.858	-2.564	1.209	3.081	7.326	5.457	7.672	2.037	4.561	6.653	-1.262	-0.962	-2.023	-8.384	-9.122	0.339	-5.536	13	ScrambledFaces
-12.217	0.548	1.256	-0.087	6.464	9.108	0.091	1.947	1.698	0.106	1.008	0.522	3.333	3.724	-2.290	-7.113	-1.149	6.974	-2.121	4.225	0.373	0.329	-5.524	1.774	-2.451	1.585	8.494	-2.603	13	ScrambledCars
-0.388	1.248	-4.390	-0.580	4.995	3.052	-1.642	-3.085	-5.884	-1.790	-3.822	-6.592	3.874	1.689	2.044	6.005	3.396	2.339	5.380	4.793	6.095	7.332	3.274	0.031	-2.345	-3.851	-1.169	-6.585	13	Cars
-2.063	-2.895	3.404	1.598	3.487	4.819	-4.096	-1.497	-5.136	-1.847	0.691	0.740	2.759	1.421	1.230	3.105	-1.402	-1.992	1.029	1.502	2.555	-1.344	2.125	-0.214	-6.059	-3.270	-12.132	0.119	13	Faces
5.424	1.731	-4.931	0.527	-3.261	-4.403	-3.353	-1.436	-3.022	-5.382	-3.739	-0.570	-5.154	-1.001	5.865	3.709	2.960	-1.043	1.222	-0.089	-0.163	1.383	2.949	-1.934	-1.637	-5.160	3.452	-4.213	13	ScrambledFaces
-0.260	9.730	-0.330	3.408	-0.533	-0.446	2.493	-7.657	-9.160	-2.080	-1.446	-0.178	-1.442	2.268	6.611	2.860	5.997	-0.039	5.865	6.306	4.000	1.872	0.036	0.719	-5.275	0.003	3.580	-0.101	13	Cars
-1.663	-0.685	-0.728	-2.205	-1.404	-4.294	7.143	-2.949	-5.234	1.458	-2.256	-4.203	3.623	6.007	2.577	14.671	1.050	4.000	4.616	2.862	4.037	2.452	3.451	1.984	1.007	1.171	-3.976	2.587	13	Cars
-1.428	3.070	-3.543	-0.437	-1.722	-4.577	1.349	-5.155	-5.639	-6.806	-7.150	-6.128	3.358	3.326	9.317	10.649	6.258	2.742	6.998	4.977	4.810	8.386	6.772	2.960	-0.412	-3.535	-6.081	-6.352	13	ScrambledFaces
-2.669	-2.913	-1.107	-1.240	-2.606	-1.834	0.170	-2.971	-3.519	-1.457	2.582	3.674	2.598	-2.852	-2.776	-9.360	-2.330	9.539	0.034	-3.019	-4.454	1.206	-5.011	1.397	0.176	2.333	17.872	3.159	13	ScrambledCars
3.227	4.842	8.087	2.384	-0.151	1.280	-8.500	-4.271	-2.296	-5.960	-1.659	-0.865	-3.167	-5.087	7.283	-2.171	1.569	0.892	2.697	2.552	0.218	-3.650	-0.649	-3.543	-1.501	-0.536	-6.710	-5.845	13	ScrambledFaces
0.593	-1.152	-5.188	-1.785	3.851	2.223	-4.450	-4.030	-0.421	2.979	-0.971	3.233	4.731	1.471	-2.563	-4.004	-2.314	-3.318	-0.625	1.897	1.525	1.114	3.306	0.982	-0.951	2.483	-5.289	-2.276	13	ScrambledFaces
1.049	0.003	-1.970	5.145	0.244	-6.451	0.939	-5.561	-8.390	-7.608	-7.712	-8.641	1.975	5.342	2.554	9.186	2.337	1.550	3.633	3.536	7.693	3.126	6.360	5.429	-0.498	-1.738	-4.668	-0.918	13	ScrambledCars
0.926	7.185	1.014	4.143	4.721	6.788	-5.230	-8.651	-7.168	-1.757	-7.505	-12.629	0.397	6.672	0.487	-2.871	6.625	11.141	5.457	1.649	3.936	3.858	3.605	2.687	-1.440	-6.485	1.363	-6.599	13	ScrambledCars
-0.867	-0.337	-0.908	0.812	2.332	0.399	-8.866	-7.420	-10.685	-4.260	-3.524	-2.637	2.904	1.643	4.551	-2.970	2.437	6.845	3.719	3.534	3.416	20.925	2.274	2.666	-1.521	-2.037	6.117	-2.287	13	Cars
-8.021	-9.255	-8.642	-6.204	-3.662	-3.522	5.930	5.557	4.112	8.380	2.007	5.752	1.906	-3.180	-7.991	-1.333	-4.203	3.493	-1.355	-3.869	-1.945	2.778	4.870	0.241	10.270	7.328	3.798	1.672	13	ScrambledFaces
-5.651	-2.317	-4.052	-0.660	2.470	-1.503	7.829	-2.395	-2.998	3.858	4.013	3.923	7.285	10.465	-8.608	-1.348	-1.833	-11.744	0.733	0.176	5.144	6.917	4.763	11.118	4.127	7.314	9.398	4.755	13	Faces
-2.874	-4.664	-7.226	-6.244	-0.999	-0.774	2.804	-3.464	3.726	1.730	7.528	5.988	5.715	-1.072	-6.451	-16.514	-7.816	-3.620	-8.429	-3.348	-0.957	-5.528	-0.170	6.542	7.661	8.221	0.427	10.224	13	ScrambledFaces
3.598	2.797	3.343	2.455	3.585	4.416	-4.873	-5.860	-10.450	-3.060	-7.525	-3.958	1.249	4.265	-0.779	-0.082	5.546	6.938	3.447	5.210	4.911	1.565	2.390	-0.182	-1.565	-7.150	-1.424	-7.434	13	Cars
-3.615	-2.601	-9.472	-2.662	1.387	1.956	3.379	3.051	5.421	9.459	5.100	6.056	2.359	3.675	-4.677	3.456	-2.248	-2.069	3.495	1.972	5.919	3.108	1.635	2.458	4.811	7.105	-3.568	4.682	13	ScrambledCars
-0.409	0.401	-5.118	0.225	-1.654	-3.889	-0.470	-5.534	-10.045	-0.857	-4.739	-3.804	4.783	6.346	-1.022	3.203	4.134	-1.826	8.443	5.385	5.257	11.167	7.925	5.445	5.234	1.700	6.263	-4.035	13	Cars
3.254	3.383	-2.235	-3.488	0.310	-1.934	-4.905	-4.241	-2.782	-1.877	-1.692	-0.957	1.897	3.996	1.562	-2.997	4.346	-0.998	5.306	4.469	3.470	4.849	6.561	1.477	4.046	0.757	-1.608	-1.661	13	ScrambledFaces
-3.740	-2.176	-2.137	-0.241	1.479	4.432	-2.518	2.180	1.529	5.394	3.094	8.010	3.293	-2.725	-3.868	-12.391	-2.638	-2.224	-1.832	-2.304	-2.503	-1.387	1.640	0.310	4.017	3.650	3.195	2.369	13	Faces
8.289	0.296	-1.051	-2.568	0.966	0.342	-11.717	-9.452	-12.775	-4.300	-9.370	-10.461	-0.920	-0.738	1.192	-0.161	3.834	11.032	4.393	1.867	0.806	2.277	7.777	0.424	-0.661	2.097	-2.222	-3.397	13	ScrambledFaces
0.819	-2.927	1.458	-0.844	-1.386	-4.710	4.069	-0.524	-2.429	-2.816	1.391	1.810	4.747	-0.419	-4.219	6.130	-2.461	-1.322	3.739	-2.587	-0.626	2.318	0.795	3.197	0.614	0.010	0.962	5.346	13	Faces
-3.040	-0.883	0.618	-3.873	-3.221	-6.130	1.566	-1.233	1.112	4.460	2.821	0.634	0.634	-4.575	1.475	5.780	-2.469	-3.365	1.091	-2.565	-2.548	0.182	-0.613	-2.019	4.619	2.768	9.891	3.357	13	ScrambledFaces
-3.034	1.005	3.784	4.301	0.159	-1.041	4.084	-0.897	-1.380	2.586	4.530	-1.804	4.206	8.929	-0.259	13.673	1.725	-7.278	0.980	6.258	6.854	-0.145	1.933	1.173	-0.817	1.429	-3.544	-0.665	13	Cars
4.117	3.369	-0.508	0.987	4.442	3.280	-4.306	-6.191	-7.122	1.782	-3.152	-5.940	2.573	8.422	7.600	-2.543	6.481	2.202	4.621	7.267	6.345	5.219	4.101	1.483	-6.732	-7.490	-0.158	-7.346	13	Faces
5.842	-3.855	-2.422	-2.273	-1.622	-7.160	9.983	5.079	6.526	-3.591	6.963	2.099	3.416	0.032	-9.011	3.734	-1.802	-5.679	-2.162	-2.988	-1.869	-5.834	-0.441	1.394	3.971	3.715	-7.767	8.089	13	ScrambledFaces
16.329	9.751	8.443	10.757	5.630	5.128	3.848	-1.553	-5.448	-3.194	-10.154	-7.036	-5.124	3.905	10.429	10.578	6.200	3.217	4.506	9.028	6.968	0.010	-2.112	-6.408	-17.799	-15.475	-21.019	-14.551	13	ScrambledFaces
-4.808	-3.310	-0.421	-2.057	-2.427	1.371	2.069	5.642	8.885	1.566	6.975	-1.222	-1.757	-2.902	-5.662	-10.177	-6.236	-3.326	-8.635	-3.839	-3.650	-6.678	-6.310	0.238	3.338	2.825	-1.568	0.526	13	ScrambledCars
3.015	6.723	8.210	5.736	0.242	0.142	-3.091	-6.486	-7.188	0.151	-7.556	-2.195	-1.566	-0.057	2.320	4.622	6.945	1.543	9.718	4.466	4.673	-1.156	-0.108	0.880	0.302	-6.328	-4.757	-4.857	13	Faces
9.916	10.100	11.580	4.701	-1.296	1.061	-9.356	-10.109	-11.776	-13.214	-14.457	-7.976	-4.480	-0.798	12.603	5.495	7.531	9.770	0.216	3.443	1.301	2.529	1.827	-2.561	-3.003	-5.272	-4.193	-9.113	13	Faces
5.637	2.531	5.043	5.013	5.400	4.627	-9.860	-9.086	-11.441	-9.116	-8.273	-8.038	1.399	2.354	6.375	-0.962	2.544	3.707	2.410	4.508	4.643	3.981	-2.885	-1.616	-3.157	-4.580	-1.641	-7.050	13	Faces
-10.977	-7.180	-12.084	-4.257	1.727	-2.300	10.724	4.863	4.280	8.003	2.891	8.791	7.806	9.210	-6.028	1.222	-2.863	-0.584	0.604	1.597	7.103	7.699	6.426	4.323	4.859	1.079	-3.787	-0.951	13	ScrambledFaces
7.694	3.269	3.985	2.733	-0.382	-0.441	2.732	-0.487	-3.962	-2.689	-1.738	-2.364	-2.022	0.019	1.605	3.504	2.161	-1.956	4.927	2.053	3.342	2.349	1.218	-1.022	-3.734	-6.016	-10.882	-3.794	13	ScrambledFaces
3.733	4.502	3.039	2.074	2.250	5.290	-8.103	-5.310	-5.192	1.012	-2.426	0.500	-0.469	2.620	6.792	-13.241	1.926	-1.897	-0.787	1.155	-1.564	-2.495	-5.746	-2.778	-9.543	-5.492	2.537	-2.346	13	Cars
-2.300	0.339	6.217	-1.681	-0.553	-4.053	5.535	0.061	-3.906	-5.212	-3.753	-0.433	1.743	2.698	1.841	9.873	1.269	-4.313	3.050	3.915	4.647	3.867	4.748	3.021	4.896	-2.928	-7.615	-4.002	13	Cars
-0.539	-0.159	-5.083	-0.179	-0.150	-2.681	-3.684	-6.778	-3.525	-1.091	3.200	11.436	5.171	8.235	-0.964	-1.161	1.743	-4.218	0.835	1.297	2.029	3.466	-2.069	6.763	3.908	3.871	3.884	11.056	13	Cars
4.692	5.927	-1.370	5.442	5.197	1.527	-3.845	-7.769	-10.102	-2.453	-11.620	-8.393	2.223	6.859	-0.691	0.755	7.521	3.164	7.570	8.888	7.246	6.087	3.880	1.870	-1.721	-3.796	4.550	-7.528	13	Cars
-2.316	3.045	4.630	3.324	4.623	4.697	-1.985	0.106	-1.943	-4.209	-4.089	-5.187	-5.768	-3.264	6.536	6.110	2.569	-1.125	3.052	3.479	1.441	-0.655	-4.554	-5.624	-9.779	-9.005	-8.460	-10.087	13	ScrambledFaces
-7.913	0.302	-5.422	0.302	1.171	-3.359	8.038	-3.433	-2.371	2.071	1.277	0.551	7.454	10.038	-5.292	3.023	0.828	3.368	0.488	3.158	8.620	4.706	-2.444	7.045	0.931	11.224	-1.905	3.132	13	Faces
3.399	-0.109	5.545	1.104	-0.917	0.150	-4.035	-4.731	-5.220	-4.696	-4.102	2.307	-3.514	-2.366	3.742	-1.941	0.678	4.915	0.260	-3.712	-3.399	-0.815	2.381	-2.308	2.610	-1.690	-2.103	-2.833	13	Cars
-3.578	-1.441	0.315	-3.272	2.066	2.478	-2.569	-1.980	0.984	2.586	0.965	-0.927	3.278	3.891	-0.077	-13.360	-3.216	-0.205	-0.240	-0.627	3.284	1.990	3.555	4.778	8.294	5.454	2.002	2.016	13	ScrambledCars
-5.149	-1.994	-2.571	-0.278	0.119	-0.935	3.604	2.317	-1.087	5.900	0.995	-0.515	-0.302	1.022	-3.533	10.248	-1.317	0.306	1.535	-0.632	1.847	4.625	2.899	2.347	2.782	-0.074	2.389	-1.961	13	ScrambledCars
5.180	1.375	3.844	0.123	-2.718	-3.288	1.580	-0.686	0.278	-0.119	3.555	6.247	-0.409	-4.235	10.790	10.236	-2.902	-5.583	-0.403	0.148	-1.693	-7.066	-7.469	-4.442	-10.266	-1.457	-7.724	5.379	13	Faces
-1.670	9.979	3.720	7.013	7.973	7.562	-4.459	-4.131	-8.480	-9.965	-8.660	-17.597	3.127	5.288	8.283	10.618	8.401	0.548	6.630	8.927	8.636	5.303	0.891	-0.058	-4.612	-10.421	-10.158	-7.216	13	Cars
-1.043	1.232	-6.876	-3.303	0.833	-1.843	10.364	1.290	-1.948	2.196	-0.628	-5.959	-1.380	3.444	-1.036	9.803	2.171	1.625	1.448	2.505	1.739	2.934	2.696	0.890	-0.708	-3.851	19.355	-6.330	13	ScrambledCars
2.504	3.557	3.070	-1.337	-1.613	-3.848	-2.485	-6.387	-6.601	-6.048	-3.121	-0.170	-1.363	-1.462	8.178	1.574	2.453	-2.076	2.684	3.777	2.587	3.072	1.651	0.322	-1.253	-5.167	4.934	-4.098	13	Faces
0.420	0.382	-0.071	-1.242	2.907	7.716	-3.998	-3.362	-4.056	1.697	0.880	2.004	6.092	1.955	-4.064	-5.602	-1.788	0.332	0.213	-0.576	-0.836	3.263	3.285	0.244	2.238	-1.953	-4.275	1.015	13	ScrambledCars
1.069	6.302	1.764	8.049	9.398	5.688	4.051	-1.072	-7.052	-2.841	-6.457	1.168	1.366	0.721	4.408	11.340	2.838	-1.717	7.108	6.716	6.890	3.498	1.049	-2.227	-7.218	-8.140	-5.237	-8.701	13	Faces
-2.644	-2.552	-4.786	-0.560	0.752	-1.448	3.302	1.585	0.974	-0.525	0.574	0.132	-5.500	3.231	-0.137	4.595	-1.245	-2.420	-1.606	-2.998	-0.065	-0.753	3.346	0.250	-2.579	0.550	-1.829	-0.560	13	Cars
2.212	2.180	-0.073	4.543	1.092	-1.037	2.686	-5.676	-2.859	-2.602	-2.181	0.932	-0.751	5.590	1.520	-6.740	2.010	4.155	3.887	4.578	4.995	2.440	1.153	1.851	-3.426	-2.895	-1.989	-4.322	13	ScrambledCars
5.232	-0.184	-10.913	-4.134	0.017	-1.591	-1.842	-5.650	-1.871	6.066	-2.131	-0.882	4.921	1.045	7.247	2.266	2.066	-1.954	3.850	3.423	2.317	1.123	4.463	2.314	-0.242	-0.637	4.205	-0.259	13	Faces
7.225	9.412	2.691	7.770	3.457	3.181	-1.370	-6.414	-3.512	-6.100	-5.403	-7.720	2.992	3.147	1.205	0.412	7.245	-4.252	6.589	8.597	7.830	6.284	0.690	-1.813	-5.887	-6.174	-2.993	-8.111	13	ScrambledCars
5.428	1.471	-6.178	-0.369	0.493	-1.173	-5.965	-9.460	-7.149	-1.915	-7.333	-8.991	-1.509	3.906	8.717	3.417	5.645	4.839	5.865	4.323	3.668	5.345	0.733	-1.248	-2.753	0.389	-2.220	-10.114	13	ScrambledCars
1.689	2.293	5.851	6.376	4.421	6.912	-0.412	-2.339	-5.095	-0.073	-6.458	-2.714	-2.168	0.732	-0.885	2.326	-1.460	-1.390	-1.273	2.393	2.338	-5.027	-0.086	0.739	-6.161	-3.311	-4.644	-3.813	13	Cars
1.066	2.937	-1.355	4.398	1.297	-2.579	4.507	-7.864	-8.573	-1.977	-7.051	-0.118	7.070	10.270	2.138	5.305	6.494	7.210	9.324	10.181	10.010	10.603	8.892	5.903	1.745	-4.254	-6.520	-5.235	13	Cars
1.442	3.812	5.475	3.540	3.170	4.950	0.198	-2.784	-4.465	-2.862	-4.924	-10.356	1.383	0.762	2.119	-4.066	2.929	7.715	2.820	4.251	2.915	2.182	3.066	-1.846	-2.984	-4.107	-7.155	-4.846	13	Faces
2.031	-0.428	5.072	2.703	4.150	6.264	-7.546	-6.188	-7.384	-4.256	-5.454	-3.180	-2.780	0.306	1.240	0.209	1.534	1.240	1.101	-0.335	-1.192	-1.267	-1.239	3.383	-2.853	-0.921	-2.012	1.584	13	Cars
3.846	1.462	-2.700	-0.976	0.585	-2.486	0.424	-1.834	-2.016	-1.756	-0.906	-2.456	3.150	5.715	-0.690	5.859	2.503	0.818	1.968	4.985	3.876	5.059	3.785	4.619	0.575	-5.581	3.271	-4.767	13	ScrambledCars
-0.589	1.581	0.066	-5.072	-8.284	-4.987	-0.606	0.249	1.645	2.955	4.124	9.032	2.119	-2.917	-2.092	-1.456	-2.600	-5.313	-3.937	-5.466	-2.098	-6.236	-1.736	1.132	2.313	5.477	10.352	6.092	13	ScrambledCars
6.206	6.940	3.380	3.675	2.899	2.462	-3.497	-7.404	-10.482	-8.660	-8.811	-8.861	-0.798	4.139	7.595	10.553	9.904	2.306	8.542	9.336	5.984	4.382	1.465	-1.761	-4.808	-6.438	-13.416	-9.385	13	Faces
6.025	-3.644	3.959	-4.941	-4.252	-1.499	-12.199	-4.628	-2.958	-3.030	-0.099	-6.732	-2.837	-4.992	0.665	-7.711	2.787	10.182	1.504	-2.400	-3.835	1.942	2.006	1.310	4.719	3.901	0.204	2.350	13	ScrambledFaces
0.889	3.106	9.337	3.311	4.835	4.322	4.244	0.240	-0.299	-0.410	1.253	-2.231	-0.856	3.363	-1.173	8.842	-0.780	-0.269	-0.589	3.294	4.315	0.070	-1.969	4.695	-8.048	-6.706	-11.210	0.104	13	ScrambledFaces
1.682	0.303	5.568	2.864	-2.856	-2.486	-2.556	-3.885	-1.000	-2.899	-2.690	0.464	-7.600	-4.984	-1.525	-3.662	2.066	2.876	-0.277	-3.088	-5.415	0.725	-2.089	-2.598	0.410	-1.034	2.716	0.761	13	Faces
-3.479	-4.388	-11.217	-2.829	0.174	3.759	1.727	-0.223	0.926	4.292	8.208	5.516	2.251	-0.358	-5.885	-7.287	-2.232	-6.083	-0.258	-0.101	-2.191	5.466	-0.953	6.108	3.126	6.700	0.690	4.144	13	Faces
4.527	1.326	-2.735	-0.612	-0.981	-9.243	0.634	-5.193	-3.291	-5.685	-3.291	-0.688	7.875	7.274	1.167	1.723	2.286	-0.923	1.267	5.025	5.520	6.531	0.307	1.262	-3.679	1.751	-3.078	1.521	13	Faces
-3.650	4.693	2.927	3.083	2.805	-1.617	1.868	-1.624	-4.059	-4.598	-9.511	-9.153	-1.632	3.369	3.397	4.330	3.261	7.741	2.157	4.130	1.737	-4.195	0.730	-1.428	-0.804	-2.947	-11.453	-0.903	13	ScrambledFaces
14.085	5.298	11.988	1.943	-1.276	1.650	-2.314	-2.735	-6.106	-2.685	-0.963	-6.529	-0.919	-1.704	2.494	6.717	0.029	-0.192	0.175	-0.765	-1.394	-3.443	-4.303	-5.665	-6.029	-5.265	-5.027	-2.490	13	Cars
5.931	2.576	4.475	4.159	0.967	-0.340	-1.590	-5.588	-4.078	0.287	-2.663	-5.873	-0.757	3.012	-3.316	-4.959	4.872	5.960	2.331	2.415	1.575	-2.044	1.256	-0.308	0.734	-2.717	-2.144	-1.128	13	ScrambledCars
0.361	1.725	4.547	-0.834	3.231	4.576	-3.343	-8.714	-6.738	-4.340	-5.200	-4.406	0.613	-1.525	2.933	-5.707	2.717	0.137	1.805	2.027	2.034	-1.368	4.857	4.756	0.382	1.887	-1.600	-1.691	13	Cars
-8.231	-3.974	-4.080	-7.928	0.159	-1.271	0.738	1.038	1.806	-4.190	2.163	1.574	2.364	-2.370	-0.849	6.554	-5.008	-1.379	-1.835	-0.980	1.506	2.918	2.847	2.379	4.272	5.295	1.532	0.690	13	ScrambledCars
1.381	1.519	0.211	2.324	0.939	0.199	3.455	-3.337	-2.846	-3.137	-1.529	-0.734	0.348	2.713	1.172	-6.881	-0.023	-1.153	1.650	1.077	3.078	1.868	0.695	-0.754	0.574	-0.935	1.643	-5.465	13	ScrambledFaces
-5.159	0.242	1.093	3.350	1.896	3.965	6.557	1.394	1.074	8.296	0.811	5.579	5.254	1.270	-7.511	-2.886	-1.296	-2.102	-0.640	2.192	1.126	-0.698	5.230	7.236	-1.473	0.773	8.661	-0.760	13	Cars
-6.459	0.608	-0.980	-1.060	6.513	4.210	3.740	-1.565	-3.078	6.457	-1.870	9.375	6.932	6.225	-3.022	2.060	-4.008	-11.059	-3.204	-0.110	6.473	2.924	-3.690	4.317	-0.148	-4.354	7.717	-0.083	13	Cars
-3.905	0.188	0.465	2.889	4.565	3.505	-0.157	0.578	-3.281	2.692	-1.237	3.681	1.025	-1.439	1.100	5.572	-1.205	-0.944	-2.473	0.158	1.205	-4.332	0.418	-1.072	-2.689	1.584	-2.808	-4.392	13	Cars
-2.774	2.828	5.794	0.019	3.841	7.991	-2.262	-2.537	-3.148	1.092	-7.187	-9.200	2.138	2.801	-0.408	1.510	5.775	5.934	4.618	5.036	4.631	2.698	-2.233	-0.450	-7.159	-4.352	-4.379	-7.607	13	ScrambledFaces
17.643	13.011	10.401	8.738	0.284	1.959	-6.596	-11.580	-15.529	-17.175	-16.534	-3.813	-8.428	-0.795	8.830	48.885	8.280	10.553	6.273	7.930	6.402	-0.222	2.383	-7.152	-13.507	-14.544	-14.693	-12.087	13	Faces
7.387	5.818	0.888	4.814	2.876	1.594	-2.793	-12.072	-13.717	-12.563	-9.578	-7.040	-3.266	3.291	15.559	12.106	10.957	7.887	4.799	6.522	5.245	3.757	2.320	-3.959	-3.597	-5.276	-17.247	-3.676	13	ScrambledFaces
8.310	3.730	5.210	3.849	2.518	-1.054	1.648	-7.961	-13.846	-1.991	-9.227	-12.280	3.976	7.556	0.361	12.680	6.750	3.992	8.029	6.042	8.188	7.556	1.870	3.084	-6.092	-2.219	0.279	-3.742	13	Faces
13.562	-0.353	4.223	4.355	-0.743	-0.303	-6.318	-7.905	-12.017	-8.986	-10.121	-12.152	-2.498	1.013	7.247	3.627	4.744	6.689	3.496	4.364	3.025	6.362	1.583	-3.327	-4.711	-7.790	-2.029	-5.918	13	Faces
0.320	0.428	2.489	-0.347	3.311	4.469	-5.489	-1.557	-2.344	-0.812	-2.425	-3.610	3.288	4.798	1.999	-0.672	1.410	2.317	0.913	2.120	4.645	1.138	-0.226	-2.531	-2.581	-0.018	-11.162	-3.326	13	ScrambledCars
4.789	5.289	0.786	0.931	-0.763	-4.804	2.309	-4.545	-10.293	-8.633	-4.546	-10.056	-2.778	1.982	6.671	6.772	7.448	3.915	4.970	2.620	1.021	-3.198	1.571	-2.638	-4.180	-6.707	-2.363	-5.897	13	Faces
-8.320	-2.796	-3.342	-4.282	-2.967	-2.038	-1.641	1.419	4.074	2.250	8.539	9.948	-1.458	-5.297	-2.051	-6.438	-2.956	0.761	-1.541	-6.684	-6.027	-0.780	-0.140	5.470	3.709	10.636	4.098	8.655	13	ScrambledCars
9.090	-0.732	2.153	-1.195	-3.296	-3.421	-2.578	-4.132	-7.429	-5.735	-6.031	-1.314	-4.240	-0.637	3.997	7.407	4.717	10.031	4.601	2.741	1.164	0.755	3.523	2.617	-6.299	-5.556	-15.440	-1.465	13	ScrambledCars
11.699	6.833	4.483	6.032	3.436	-3.671	-1.098	-11.681	-16.232	4.426	-7.605	-4.662	8.724	12.392	4.599	5.773	9.413	5.994	6.949	10.213	13.903	6.917	-3.022	0.214	-8.227	-8.162	1.593	-3.438	13	Cars
-1.755	-4.956	3.969	-1.648	-2.810	-4.226	1.366	-1.606	0.990	3.431	1.738	6.092	0.892	5.135	-2.050	2.363	-0.631	-1.004	1.743	-1.793	1.952	0.923	1.118	0.279	5.233	-1.785	0.338	-1.143	13	ScrambledCars
-0.066	-2.115	-1.570	-1.901	2.261	4.444	-5.929	-0.049	1.244	3.095	-1.266	-5.799	2.098	2.505	-2.155	-12.764	1.743	5.047	3.047	0.615	1.588	4.745	0.273	1.629	3.423	-1.917	-10.671	-4.123	13	ScrambledCars
-0.529	-0.907	-5.192	-0.428	-1.339	-3.300	0.697	-1.275	-0.446	-1.192	-2.328	-4.725	0.932	-2.012	-4.284	7.053	2.141	-1.652	3.440	-1.654	3.022	5.028	2.766	3.716	5.651	2.996	8.558	-1.427	13	ScrambledFaces
7.539	9.565	13.417	6.031	0.535	2.380	2.708	-3.745	-9.477	-5.646	-7.354	-6.817	-2.249	0.867	2.013	11.619	0.647	2.865	-2.098	0.670	1.091	-1.040	-3.599	-0.954	-9.855	-2.339	3.120	-2.777	13	Cars
6.283	4.708	7.710	-0.697	-5.453	-5.846	-9.950	-8.879	-8.688	-4.243	-8.024	-7.204	-4.997	-1.875	7.262	2.343	7.498	8.772	1.181	1.470	-1.389	-3.502	2.087	-1.909	0.109	-0.107	8.772	-4.342	13	Cars
12.661	3.773	5.708	5.716	4.632	2.167	-2.905	-6.532	-7.668	-6.725	-8.565	-9.993	3.830	3.566	6.857	-5.658	5.933	4.006	7.204	7.924	4.648	3.543	1.214	0.250	-11.603	-6.623	-1.799	-6.477	13	ScrambledCars
-0.373	1.924	1.890	4.524	3.910	5.251	-3.095	-8.138	-11.303	-3.825	-7.887	-4.649	-0.661	2.060	7.702	4.400	5.415	7.268	7.890	5.661	8.029	5.151	5.400	0.595	-2.682	-9.886	9.078	-9.548	13	Cars
3.464	5.031	7.855	5.782	2.960	5.902	2.595	-1.245	-4.851	-3.706	-5.564	-5.595	-5.689	0.515	-3.197	2.014	-1.411	0.087	0.535	1.331	0.708	-0.275	0.013	-1.073	-3.582	-1.833	-2.563	-6.363	13	Faces
8.449	1.031	1.487	2.760	1.497	4.355	-6.791	-6.455	-9.493	-5.817	-0.635	2.528	0.379	-0.468	1.500	-1.402	3.351	2.789	1.776	2.956	0.947	2.003	-1.460	1.082	-2.977	-3.991	-1.163	-3.630	13	Cars
-0.022	1.991	2.233	5.851	3.313	0.493	0.973	-1.951	-3.705	1.823	-0.347	-4.386	1.978	5.603	4.082	-2.724	4.019	3.108	2.877	5.689	3.730	4.320	0.152	1.896	-4.345	-5.646	-10.304	-4.879	13	Faces
0.393	-0.961	2.244	-0.899	-1.025	-2.447	6.307	2.251	-2.883	4.251	-2.411	-1.501	1.260	2.208	3.144	6.495	1.602	-5.725	3.369	1.671	0.111	2.484	2.445	-2.128	-4.362	-3.309	7.079	-2.325	13	ScrambledFaces
-6.064	1.429	-3.046	1.698	0.139	-2.650	-2.039	-6.296	-4.858	-4.922	-5.070	-2.156	2.113	2.588	4.443	0.437	2.444	5.311	12.853	1.381	5.896	4.986	5.295	3.572	3.281	0.715	16.065	-2.585	13	Faces
-2.621	1.561	-3.952	-0.296	2.971	0.917	-7.126	-4.718	-2.218	0.731	-1.691	-4.161	-0.602	3.497	0.685	-1.219	0.998	0.449	1.896	2.938	3.024	2.324	-0.299	2.730	4.642	-1.177	5.152	-5.647	13	ScrambledFaces
-3.372	-7.503	-2.710	-6.547	-3.202	-3.813	-4.375	-2.963	0.325	-0.147	4.509	10.028	1.246	-2.955	-2.953	1.984	-3.333	1.238	-3.455	-3.898	-5.460	-3.686	1.934	0.533	7.665	7.381	-4.454	7.488	13	Cars
2.383	-0.449	0.559	1.123	2.604	-0.577	7.853	0.896	-2.448	4.666	-4.083	-4.541	2.915	7.339	-1.250	5.693	2.037	-2.165	2.409	5.371	6.505	4.430	3.064	0.858	-1.660	-5.612	-4.831	-5.444	13	ScrambledFaces
6.755	5.453	7.185	3.696	1.148	0.818	-3.040	-3.514	-7.282	-5.769	-5.050	-7.776	-1.563	-0.357	4.765	-0.157	3.944	5.600	3.362	4.535	2.119	-0.703	0.195	-0.449	-6.518	-6.846	-10.825	-5.788	13	Faces
1.145	4.637	0.251	-0.036	-1.589	2.906	-1.427	-7.368	-8.197	-3.399	-6.281	-3.371	-2.716	-2.145	6.560	-3.048	3.995	4.347	0.332	2.136	1.537	0.404	0.071	1.841	0.892	1.027	-1.880	-7.808	13	ScrambledFaces
-0.298	4.264	7.258	3.517	1.185	2.998	-4.866	-3.200	-3.487	-3.735	-6.376	-6.896	-1.072	-0.370	9.395	-0.588	2.432	1.871	1.528	2.785	2.797	1.698	-0.929	1.519	-2.629	-3.016	-8.822	-8.853	13	ScrambledCars
1.487	2.152	4.435	3.548	-0.189	-1.352	-2.064	-7.839	-7.241	-11.093	-7.500	-10.305	-1.704	1.398	9.374	3.919	3.623	1.961	7.428	4.151	5.475	6.900	4.951	0.222	3.536	-9.089	-3.722	-6.409	13	Faces
5.065	3.350	5.597	4.902	3.671	2.069	-3.928	-3.885	-7.629	-5.863	-7.413	-10.247	-2.843	-1.155	6.777	9.316	4.870	6.132	3.722	4.743	2.108	3.858	1.147	-4.353	-4.000	-9.742	-4.042	-7.462	13	Faces
5.717	4.795	8.522	2.028	1.635	3.077	-17.152	-7.181	-10.426	-6.668	-7.719	-1.901	-2.137	1.663	6.034	5.214	5.068	6.363	4.343	2.862	1.233	3.983	-0.438	-3.875	-0.300	-9.336	-6.371	-9.905	13	Faces
0.591	-2.790	0.965	-3.871	-1.608	-1.748	2.128	1.286	0.725	-1.130	0.243	-3.757	0.928	1.305	-10.737	-1.385	-2.383	-3.247	-4.519	-2.207	-0.664	0.785	0.093	2.235	3.493	-0.258	15.673	8.498	13	Cars
9.823	5.886	-2.944	2.659	0.851	-1.081	5.482	-7.083	-12.175	-4.806	-8.540	-2.372	-0.455	3.909	9.028	17.151	7.929	0.638	4.395	10.061	5.002	2.138	-1.772	-1.350	-5.065	-8.403	-2.658	-9.505	13	Faces
0.491	-4.928	16.736	-1.986	-4.377	-5.019	-1.583	-0.835	1.867	-0.094	2.426	1.027	-1.346	-1.056	-2.979	-16.522	-1.189	0.154	-3.171	-3.791	-4.782	-1.365	-2.584	1.399	4.893	2.493	8.048	5.068	13	Faces
4.020	1.422	1.410	0.500	0.800	-1.572	-3.108	-5.573	-7.375	-8.737	-9.679	-6.038	-1.601	-0.656	12.138	11.820	3.850	12.847	7.527	2.476	1.620	2.071	3.558	-0.215	-4.783	-9.754	-9.564	-10.941	13	ScrambledCars
10.336	0.510	-0.633	-0.410	-2.809	-2.659	-0.139	-4.970	-11.806	-6.613	-6.936	-1.800	-0.811	0.350	0.192	8.865	0.246	0.051	1.460	2.541	5.104	2.710	5.726	1.384	-3.417	-2.544	3.832	-7.985	13	Cars
1.640	-0.317	0.195	-1.791	-1.267	1.096	-3.388	-5.179	-5.381	-1.810	-6.623	-8.841	-0.812	-1.064	-1.544	-0.117	2.198	9.002	3.101	-0.853	0.560	2.078	6.551	0.043	1.781	-0.915	-1.115	-5.858	13	ScrambledCars
6.130	1.315	4.172	0.723	-1.373	-1.951	-6.252	-1.509	-3.617	1.502	-1.552	-5.319	-6.370	-2.529	4.363	-7.411	2.333	6.317	1.767	-2.235	-2.901	-1.588	0.024	-2.348	2.607	4.360	-3.608	-2.155	13	ScrambledCars
-1.367	-1.083	-4.751	2.680	2.552	0.467	-11.330	-9.829	-7.296	4.331	-4.915	4.292	3.547	5.777	2.152	-13.978	1.340	2.137	4.758	3.219	5.067	3.950	4.048	3.554	6.289	2.510	14.967	-1.267	13	Cars
-2.514	-6.031	-7.971	-4.821	-3.110	-6.623	-5.683	-9.755	-6.275	1.205	2.513	18.580	2.408	0.573	2.692	-10.250	-0.789	0.926	0.100	0.090	-0.888	3.260	-2.932	4.938	6.504	10.494	14.419	15.674	13	Faces
1.550	1.508	5.274	-0.751	0.054	1.377	-9.553	-3.861	-6.189	-3.158	-1.773	-5.258	-5.201	-2.387	8.465	9.429	1.362	9.686	1.013	0.581	-2.193	2.530	1.421	-5.235	-0.461	-3.358	-8.296	-6.190	13	ScrambledCars
-10.586	-5.863	-6.761	-1.236	-0.800	-0.682	2.039	0.287	-2.155	1.670	-0.159	5.502	2.321	5.248	-3.952	-2.893	-0.966	6.423	3.303	-0.788	1.259	4.666	6.981	7.698	6.350	5.084	1.136	0.506	13	ScrambledCars
1.717	2.908	5.085	0.944	-2.174	1.053	0.100	0.971	-0.762	-8.206	-5.451	-10.952	-2.085	-0.535	1.630	5.413	-2.369	1.111	1.651	5.714	0.260	1.550	-1.154	-2.106	-5.861	-1.197	2.880	-2.284	13	ScrambledCars
20.410	11.055	12.858	8.995	7.930	9.227	6.474	-4.219	-9.172	-5.877	-9.611	-8.438	-5.485	-1.052	4.774	23.658	5.601	-2.706	-3.612	4.364	2.380	-5.021	-1.953	-8.930	-15.923	-20.351	-3.881	-9.265	13	Cars
12.071	4.149	5.846	9.811	7.914	3.028	7.485	-2.106	-9.577	2.240	-5.918	-7.247	6.700	5.049	-1.083	0.852	0.897	-0.785	1.202	1.448	4.240	3.685	-2.107	4.962	-8.055	-12.132	-2.075	-1.428	13	Faces
5.057	2.317	-1.726	2.214	4.647	1.026	1.084	-2.821	1.012	6.420	4.220	8.546	6.347	2.278	-2.989	-8.283	1.117	-7.122	1.024	2.910	1.833	-3.012	-0.532	-0.115	-1.721	1.341	-0.788	-1.595	13	Cars
-3.143	1.773	1.557	2.587	4.495	4.976	5.590	-7.517	-6.508	-6.242	-5.407	-6.694	-2.065	1.674	-3.815	11.806	1.446	-0.233	3.182	6.616	6.934	5.656	3.120	2.182	-1.471	-3.392	1.082	-3.531	13	Faces
4.407	2.385	-1.330	4.245	3.409	5.315	-6.184	-3.088	-3.222	-3.719	-1.917	-1.344	-1.270	-4.264	1.094	-14.905	-0.539	4.719	-0.236	1.760	-1.619	-1.878	-3.147	0.927	-2.632	-2.387	5.679	-2.340	13	ScrambledFaces
6.912	1.435	5.239	-2.439	0.918	7.260	-8.350	-1.568	-1.801	-3.112	-5.885	-5.207	-5.494	-4.893	-3.075	0.929	1.666	0.008	-1.158	-1.879	-2.980	1.603	4.146	-5.007	1.472	-1.567	1.078	-3.455	13	ScrambledFaces
5.661	5.849	2.009	4.173	4.680	1.588	-10.988	-9.052	-8.507	-3.694	-9.638	-13.519	2.112	5.817	0.504	-2.384	6.430	9.435	5.296	10.119	9.391	9.566	3.252	0.173	-3.552	-2.245	5.922	-8.493	13	Faces
0.695	0.473	-2.683	-0.552	1.078	-1.471	1.301	1.421	0.253	2.520	-1.141	-2.326	5.143	4.959	-5.643	2.680	0.571	-4.693	-0.503	4.139	5.835	5.517	1.728	5.034	-0.902	-1.254	2.773	-0.127	13	ScrambledFaces
8.277	8.419	2.860	5.435	5.176	1.998	-5.832	-9.740	-10.060	-5.855	-7.886	-6.153	2.535	6.270	3.871	2.893	6.221	4.793	5.572	8.763	6.297	5.193	0.597	0.482	-2.600	-7.047	-1.416	-5.261	13	ScrambledFaces
5.103	7.278	4.681	7.953	1.033	-4.578	-3.204	-9.986	-13.299	-8.710	-11.351	-9.135	-5.264	1.666	13.040	18.330	10.345	2.091	6.205	10.253	6.308	-1.347	5.273	-4.536	-7.951	-7.340	13.015	-8.364	13	Faces
5.912	5.196	3.464	3.154	-1.306	-3.747	-1.136	-4.826	-7.858	-6.830	-6.771	-5.771	-1.292	-2.238	3.470	10.443	6.902	-0.383	5.834	3.938	1.274	4.202	4.037	0.679	-1.764	-1.802	-11.987	-3.949	13	ScrambledCars
-3.948	2.009	-1.223	5.380	1.248	4.727	-1.104	-6.407	-7.992	-1.883	-6.520	3.816	0.323	8.276	5.353	1.131	7.260	3.587	6.491	8.122	8.665	4.734	-1.226	2.313	2.895	-6.405	-3.593	-6.531	13	Cars
