FP1	F3	F7	FC3	C3	C5	P3	P7	PO7	PO3	O1	Oz	Pz	CPz	FP2	Fz	F4	F8	FC4	FCz	Cz	C4	C6	P4	P8	PO8	PO4	O2	ID	Condition
1.980	8.103	-5.757	4.109	4.369	5.686	7.117	-7.260	-2.194	7.347	-4.016	-1.319	-3.199	-1.456	-1.520	-4.777	-3.370	-11.653	-1.809	-2.380	5.318	1.732	1.540	-4.894	6.817	9.700	0.628	3.017	14	ScrambledCars
-15.011	-14.914	-13.699	-7.674	-3.824	-4.665	14.942	8.557	16.484	16.517	17.337	14.272	1.691	-4.591	-8.934	-15.192	-6.124	3.591	-7.470	-15.418	-8.159	-0.261	-2.445	4.815	2.018	5.277	19.919	14.243	14	ScrambledFaces
-9.955	-14.577	-16.570	-7.362	-5.133	-7.845	9.745	2.500	10.511	17.562	15.739	17.177	7.465	-0.723	-7.564	-4.507	-10.059	-13.341	-5.586	-2.721	0.537	-1.309	-0.627	6.169	0.296	15.722	22.007	10.412	14	ScrambledFaces
-4.822	-4.185	-8.115	-0.955	1.723	-6.014	6.128	-8.024	-4.083	2.804	1.796	0.415	10.958	6.750	-0.022	3.301	0.348	-0.171	4.773	9.462	8.472	4.066	2.639	5.649	-3.860	-9.750	2.911	0.310	14	Cars
-9.642	-3.933	-2.480	-3.054	-2.732	-4.426	13.374	5.888	9.546	32.160	-9.804	6.065	-3.473	-7.956	-5.258	-12.027	-6.941	-8.686	-3.241	-5.193	-5.335	-2.370	0.913	3.249	0.675	-1.456	15.221	12.041	14	ScrambledFaces
-3.831	1.210	-13.027	-4.200	-4.619	-4.832	9.211	2.234	6.570	13.918	17.352	3.131	6.877	-1.580	-4.887	-6.470	-1.487	-0.485	-6.280	-5.211	-6.522	-2.330	-4.113	0.503	-6.800	9.146	10.824	7.166	14	ScrambledCars
-9.383	-2.523	-14.689	-5.678	-2.481	-3.292	16.560	7.688	6.836	18.845	6.607	6.306	5.833	-2.134	-6.341	-7.072	-8.885	-2.934	-8.845	-9.045	-6.925	-1.156	-1.917	6.041	2.651	6.746	19.167	10.163	14	ScrambledFaces
-13.632	-6.598	-9.472	1.540	3.280	3.311	3.982	-7.995	1.219	10.306	0.652	7.130	2.826	-0.852	-1.706	-0.675	6.291	8.227	6.855	-4.443	-3.140	3.052	9.266	0.461	-5.370	-16.969	14.031	-0.597	14	Cars
-2.953	-6.772	-0.642	-3.344	-2.145	-0.099	2.623	2.918	4.319	-4.703	8.345	4.618	5.603	-5.139	-0.802	-12.717	-6.855	2.374	-0.630	-9.992	-11.334	-0.799	4.848	6.135	4.507	-7.244	4.628	1.025	14	Cars
-0.240	3.239	0.140	-0.331	-1.448	-0.944	2.876	4.690	2.410	-12.821	6.811	3.810	1.127	-2.186	-2.755	-2.095	-2.189	-1.713	2.636	-3.958	-2.605	1.190	2.003	0.667	-10.254	-1.487	7.801	3.953	14	Faces
-1.958	2.992	3.526	-1.110	-2.684	1.480	0.553	0.146	-5.813	1.174	7.476	-2.914	-8.788	-6.139	3.793	-5.883	0.560	0.346	2.388	-11.808	-8.102	2.354	5.718	4.807	-0.658	-1.871	-2.695	-0.309	14	Cars
4.960	-1.055	0.573	2.237	0.550	4.894	1.723	0.746	2.892	2.414	-2.851	8.688	-2.802	-2.660	-3.623	-4.711	-8.066	-11.874	-1.943	-5.919	-6.233	-3.096	0.933	-2.676	3.388	0.965	-0.247	5.743	14	Cars
-3.192	-7.146	-16.677	-5.080	1.979	-2.994	8.743	7.635	9.008	8.738	13.678	4.998	5.530	0.849	-9.184	-12.493	-10.889	-7.406	-6.433	-5.527	-3.091	-0.263	1.077	9.627	6.433	13.098	16.501	10.341	14	ScrambledCars
0.760	5.955	4.807	1.071	3.383	3.126	9.191	0.962	-0.313	22.483	-11.789	4.672	1.246	-0.092	-9.786	-4.199	-0.714	-11.153	-3.521	-6.895	-3.552	-0.901	-1.718	1.558	-4.781	2.962	11.674	6.489	14	ScrambledCars
-7.992	-5.252	-9.448	0.321	7.297	1.651	17.104	-0.643	16.110	6.700	4.387	15.038	6.080	-4.383	-11.744	-8.006	-10.761	-6.568	-5.442	-6.235	-4.624	-1.621	-4.435	3.254	-11.037	3.517	15.672	11.093	14	ScrambledFaces
3.117	1.044	-5.495	4.439	5.355	11.048	9.188	-1.466	6.071	17.103	6.758	1.170	-10.430	-9.219	-10.387	-6.908	-5.532	17.270	-2.845	-7.056	-6.081	-2.495	-2.428	-4.109	-10.157	-6.866	-0.557	0.831	14	ScrambledFaces
7.348	-4.086	2.021	0.828	1.978	1.760	10.492	11.213	12.625	9.546	17.090	8.285	-3.589	-4.459	-17.462	-5.745	-12.895	-15.294	-9.403	-9.852	-9.066	-7.365	-5.803	-5.758	5.304	4.369	9.358	5.862	14	ScrambledCars
-1.124	-8.551	7.384	-4.345	-5.918	-0.983	6.516	10.132	16.305	12.139	27.921	4.673	-8.445	-8.987	-5.942	-9.556	-3.827	-2.204	-4.765	-11.085	-14.472	-8.098	-7.493	-0.496	0.364	-3.293	-1.106	6.894	14	ScrambledCars
-6.750	-3.218	-9.617	-0.910	-0.350	-5.398	1.952	-6.662	-8.227	11.467	-3.069	-4.353	4.132	-0.174	3.019	-1.569	9.065	17.318	10.243	3.146	-2.338	6.393	7.340	2.526	-2.527	-0.796	-4.579	-3.798	14	Faces
1.203	2.640	-1.187	0.418	-1.894	0.055	-1.754	-3.884	-10.400	2.164	0.873	0.646	-1.589	-4.209	1.958	2.427	-0.330	10.524	2.699	1.545	-4.555	1.286	3.009	-0.480	-1.279	-3.599	-2.748	1.308	14	Cars
-0.886	1.942	-1.725	-3.474	-2.204	2.257	2.691	-0.124	6.710	9.025	-4.849	22.655	-5.464	-7.331	1.267	-4.797	-3.067	10.326	-4.259	-9.932	-6.383	-4.196	-3.532	-6.925	-0.516	-2.888	2.697	2.495	14	Faces
-1.549	-2.640	-3.543	-2.942	1.854	-5.346	9.838	2.651	0.623	15.084	11.944	3.227	0.198	-3.797	-6.197	-10.574	-4.767	2.090	-2.984	-11.025	-4.348	-2.598	-0.720	-1.466	-0.633	9.734	2.411	0.934	14	ScrambledCars
-2.289	-0.577	-0.912	-3.625	-2.634	-1.841	9.575	0.184	7.117	14.154	8.708	15.695	-2.439	-5.939	-6.740	-5.671	-12.857	-7.026	-8.228	-8.129	-4.081	-3.528	-2.073	3.862	-0.883	3.285	14.549	8.700	14	ScrambledFaces
-4.399	1.545	-7.786	-1.254	-0.868	-1.889	11.774	-2.577	11.464	15.033	-12.778	12.535	1.313	-3.080	-5.970	-5.021	-6.234	-13.898	-7.077	-8.031	-1.237	-3.772	-4.853	2.352	3.801	5.282	13.725	13.000	14	ScrambledCars
-6.191	1.819	-2.455	-3.210	-1.873	-0.775	16.096	8.038	14.697	13.349	35.180	8.412	-0.952	-9.189	-8.283	-14.143	-14.653	-18.504	-9.170	-15.020	-11.420	-7.683	-4.248	0.979	2.938	2.313	19.811	13.550	14	ScrambledCars
-1.198	-2.200	-15.702	-3.498	-2.918	0.444	10.339	2.161	4.484	17.845	8.081	5.493	1.484	-1.007	-14.362	-8.447	1.277	-13.169	-7.751	-6.087	-0.575	-2.634	-3.188	9.330	-1.290	6.563	23.604	14.055	14	ScrambledFaces
-3.902	-3.715	-0.251	-5.901	-6.571	-4.796	4.666	-4.454	4.250	11.534	-3.870	3.251	3.028	-2.838	-1.582	-3.967	0.045	-4.680	2.535	-4.239	-6.002	6.671	7.249	6.386	6.914	2.943	6.161	6.081	14	ScrambledFaces
-0.912	1.716	-4.131	3.455	2.985	8.030	0.060	-0.855	-0.155	7.152	-2.535	0.478	0.417	0.435	3.098	-9.050	-10.622	2.433	-3.351	-9.118	-1.846	-1.039	-0.546	-0.327	5.788	-0.700	0.246	2.216	14	Cars
-1.785	-4.639	-5.468	-2.962	1.202	-4.781	6.985	-11.689	-4.337	4.571	12.427	5.857	9.053	4.651	-5.493	-0.675	-0.433	3.707	5.543	-0.628	4.055	5.818	0.550	5.793	-5.847	-6.888	4.607	-2.192	14	Faces
-7.348	-0.255	-6.406	-0.030	3.510	-3.263	4.791	-2.086	-1.745	6.449	-7.770	7.393	-1.412	-1.696	-0.561	-2.363	5.092	2.847	5.195	-3.393	-4.118	6.116	3.916	1.613	-2.234	1.459	5.892	-0.128	14	Faces
-4.043	5.696	6.809	-0.315	-0.797	-4.021	7.863	1.242	7.594	14.920	5.554	1.779	2.645	-3.037	-4.224	0.580	-5.048	-9.311	-6.569	-5.578	0.559	-4.261	-4.482	-2.072	-7.533	3.890	6.116	0.191	14	ScrambledFaces
-5.107	-13.990	-16.601	-8.960	-4.665	-2.513	15.399	2.815	13.689	19.481	15.239	12.617	8.319	-0.441	-13.001	-9.871	-8.058	-3.416	-1.592	-8.324	-7.018	-0.252	-0.040	0.178	4.076	5.694	15.840	6.751	14	ScrambledFaces
-1.818	0.718	2.905	2.966	4.079	-1.149	3.471	-2.655	5.063	6.655	14.844	-1.125	0.580	2.110	2.629	2.985	-3.883	-6.445	3.768	0.663	0.837	2.591	1.020	1.273	-6.188	-9.223	-4.253	-5.005	14	Cars
-5.601	-10.654	-14.282	-6.185	-2.616	-6.218	14.206	-1.987	16.092	19.055	2.046	8.509	8.164	6.747	-8.751	-8.763	-7.355	-12.324	-2.244	-6.103	-1.561	0.008	-3.390	11.682	-0.920	5.794	15.683	10.517	14	ScrambledFaces
1.935	-8.690	-0.929	-3.188	-1.401	-0.546	2.794	-0.784	3.695	13.602	6.161	4.250	1.240	3.457	-3.495	-1.258	-0.402	-7.556	3.004	0.179	-3.506	2.558	6.316	2.650	-5.222	-11.292	2.002	2.538	14	Cars
-9.562	-9.175	-3.697	-3.180	1.568	-2.356	8.004	-0.983	6.808	9.139	3.192	6.637	4.755	-1.173	-3.469	-7.721	-7.381	-10.601	-2.202	-2.231	-1.410	-1.634	0.628	5.285	3.513	5.494	17.698	4.927	14	ScrambledFaces
-4.614	-13.593	-2.336	-9.607	-4.108	-4.476	12.633	6.318	5.320	24.164	18.566	16.458	7.590	0.657	-10.661	-18.319	-8.704	8.486	-4.676	-12.728	-9.858	-0.133	-3.503	6.160	-2.840	8.259	11.417	4.642	14	ScrambledFaces
-8.142	9.832	12.774	6.005	2.950	6.794	-4.333	-19.103	-10.191	-11.915	-11.455	-4.226	-3.652	2.571	13.222	5.733	5.019	7.604	6.728	3.226	-0.773	5.202	5.805	-1.644	-9.213	-8.748	-3.044	-7.213	14	Cars
-12.128	-2.121	-3.770	-0.112	-2.941	-1.657	14.511	-8.172	3.732	7.646	30.927	4.065	2.860	-0.860	-7.335	-12.485	-13.384	-0.445	-4.872	-13.417	-6.466	-4.537	-3.827	10.154	-0.693	2.372	14.347	15.326	14	ScrambledFaces
0.247	-2.897	2.006	-3.132	-2.288	2.027	6.844	9.027	13.840	15.629	2.807	2.073	-2.837	-4.254	-6.848	-11.800	-3.640	-18.758	-7.134	-10.427	-6.928	-2.845	-1.754	-0.854	8.353	14.214	18.832	-3.627	14	ScrambledFaces
-11.993	3.731	2.612	2.666	3.556	4.051	4.307	-3.622	-13.122	0.081	-2.822	-0.172	4.909	4.324	10.332	6.705	5.238	-19.573	4.357	6.426	9.620	-0.148	-0.657	2.699	-1.488	2.113	4.446	-9.844	14	Cars
0.334	7.266	-3.680	-1.423	-3.480	0.149	8.356	1.222	1.903	8.123	9.319	9.239	-9.941	-9.699	-6.838	-3.853	-4.089	-6.331	-2.762	-8.907	-7.276	-0.826	2.617	2.708	-2.060	-0.044	16.360	6.935	14	ScrambledFaces
-5.083	1.613	-15.905	-1.224	1.217	-6.165	13.104	-4.411	9.172	20.430	11.043	6.948	10.249	2.672	-3.092	-3.651	-1.349	-7.427	0.114	0.714	0.467	2.529	-2.197	5.385	-4.321	-3.225	4.373	3.525	14	ScrambledCars
-2.904	1.875	-7.599	-0.683	2.768	1.693	4.748	-6.064	-3.462	11.869	9.291	1.828	9.115	3.526	-4.745	1.546	-2.733	4.849	2.318	-1.227	0.857	5.699	2.014	5.212	-9.111	2.080	5.068	3.586	14	Cars
-10.790	-15.964	-3.272	-4.381	1.153	-8.708	14.293	-4.923	6.380	19.348	10.321	8.537	7.672	6.392	-11.190	-5.360	-5.108	-11.872	-2.887	-3.391	1.380	-1.123	-4.499	4.642	1.209	2.905	17.371	9.436	14	ScrambledCars
-10.170	-8.376	-16.637	-5.482	-2.540	-6.116	10.502	8.007	8.145	30.843	12.155	7.268	-0.885	-4.354	-1.764	-6.902	-4.737	-3.643	1.505	-3.249	-4.550	-0.355	1.227	-0.084	-0.999	-2.427	9.263	9.296	14	ScrambledCars
-16.321	-0.854	-0.423	-6.490	-5.194	-8.592	7.100	-2.076	12.311	14.873	9.776	3.250	-2.782	-7.394	3.593	-7.084	1.338	6.430	0.723	-7.754	-10.086	1.947	4.774	0.626	-4.876	3.827	12.231	1.176	14	ScrambledCars
-4.152	3.747	-12.259	-1.624	5.339	1.348	10.581	-4.174	4.634	3.967	9.802	-3.680	9.423	2.740	-1.437	-3.906	1.965	1.256	1.438	0.980	5.776	6.675	4.636	8.764	-7.104	-5.795	2.541	-0.573	14	Faces
0.366	-1.599	-18.713	-2.592	-0.640	2.111	9.517	-6.999	1.414	20.523	10.845	6.183	9.100	3.565	-7.268	-1.632	-3.239	-8.492	-4.144	-5.672	2.552	2.159	-0.696	40.413	2.407	0.610	4.736	-0.480	14	Faces
-3.112	-12.567	-2.507	-5.264	-6.091	-2.349	1.297	1.565	19.102	19.202	34.052	12.238	-6.309	-5.289	-5.925	2.088	-3.562	-18.803	-1.638	-2.464	-5.338	-4.854	-10.844	-8.295	-7.805	11.626	9.778	12.959	14	ScrambledFaces
-1.002	-0.656	4.227	3.380	1.354	-3.998	1.193	-4.835	4.144	-6.574	-8.656	2.666	-10.425	-2.250	-3.989	3.880	2.926	-1.939	8.311	5.543	2.247	3.170	10.532	-6.801	-4.842	-9.268	2.498	2.507	14	ScrambledCars
4.240	7.950	5.994	3.804	5.429	2.013	1.748	-3.211	-7.467	-3.194	-22.501	-6.216	1.193	4.858	-0.018	6.349	4.421	14.418	2.206	4.770	7.072	2.125	-0.043	2.436	-11.469	-19.514	-4.436	-6.623	14	Cars
-16.131	-3.651	-6.103	-7.217	-4.876	-8.733	11.858	3.171	6.600	19.716	22.585	6.609	-4.517	-8.324	-2.680	-12.059	-5.954	-2.473	-0.044	-16.034	-9.496	0.821	5.917	2.331	3.512	14.006	18.187	11.908	14	ScrambledFaces
0.726	7.599	11.300	6.764	6.536	5.345	7.567	-5.500	0.571	-0.030	9.377	-1.110	6.181	0.657	-0.125	0.838	-1.450	-10.473	1.475	-5.959	-3.758	2.007	4.792	-6.953	-11.234	-21.995	-4.631	-7.443	14	Cars
-10.419	-12.407	-4.624	-4.052	-3.879	-5.029	11.478	9.900	10.135	26.434	20.655	8.229	5.020	-3.859	-6.092	-11.469	-13.606	-15.067	-3.164	-10.831	-10.683	-2.370	-1.234	4.378	3.063	10.425	16.252	3.815	14	ScrambledCars
1.997	3.406	5.362	1.449	2.569	-2.209	-0.483	-9.740	2.113	-1.377	4.838	-5.857	-5.664	-0.058	-0.147	3.562	7.212	-6.860	6.103	0.040	4.428	6.888	6.995	-3.814	-9.818	4.578	-8.863	-2.649	14	ScrambledCars
-15.487	-18.218	-19.638	-4.884	-3.158	-8.513	8.346	1.657	10.424	15.439	9.957	5.796	4.762	-0.784	-3.566	-8.343	-0.629	-2.228	0.661	-3.126	-2.267	1.167	3.272	4.058	2.439	5.262	15.114	8.465	14	ScrambledFaces
-8.710	-12.729	-12.478	-6.981	-3.265	-5.486	11.106	8.604	9.646	18.320	-1.931	9.709	0.653	0.014	-2.918	-6.107	-10.509	-4.623	-1.835	0.100	-2.215	-0.398	3.420	4.940	8.438	9.558	7.191	11.268	14	ScrambledCars
-7.619	-12.065	-13.618	-7.027	-0.694	-6.177	12.479	3.741	5.679	12.566	19.695	6.234	4.253	-0.822	-8.211	-11.209	-7.959	-4.761	-4.328	-2.671	-1.258	3.363	5.019	10.418	0.841	2.960	15.549	11.703	14	ScrambledFaces
-0.933	4.736	-4.934	-1.576	2.029	1.061	9.709	-2.326	8.911	9.702	16.174	4.716	-0.783	-2.995	-0.954	-3.707	-4.857	-6.443	-2.124	-4.633	-4.074	-2.605	-4.985	0.509	-4.331	-0.682	1.788	2.002	14	ScrambledFaces
2.486	14.654	0.203	6.669	5.471	6.255	-0.414	-6.310	-15.419	5.163	-9.497	-1.983	0.637	-4.735	1.922	3.219	4.472	6.321	1.997	-2.334	-0.757	1.270	2.473	1.857	-8.047	-8.485	-5.921	-3.817	14	Cars
-5.325	-1.068	-28.152	-6.488	-7.129	-12.988	6.013	-4.824	5.196	13.672	13.562	9.930	-2.627	-5.305	-3.249	-2.884	-1.171	-0.614	3.640	-6.536	-5.792	7.228	5.262	6.876	5.705	1.693	18.978	8.433	14	ScrambledFaces
-3.951	-1.764	22.757	-0.027	2.368	2.740	11.059	10.882	13.759	24.515	26.280	7.010	-0.156	-5.868	-5.498	-13.549	-11.348	-7.116	-12.622	-13.196	-6.400	-9.749	-6.243	-7.787	-11.549	-7.725	4.472	-1.332	14	ScrambledFaces
-4.049	-5.438	2.797	-2.412	-2.938	-3.731	-0.558	-11.006	-2.269	-3.131	-10.342	5.536	-3.319	-3.363	-0.561	-0.086	10.241	1.524	7.977	0.865	-6.818	4.098	7.693	2.157	-4.439	-4.614	4.201	4.837	14	Faces
-11.520	-19.080	-15.941	-11.541	-8.470	-4.202	9.385	4.928	12.583	20.656	13.453	11.488	0.298	-6.893	-7.028	-19.130	-14.983	9.074	-11.790	-17.618	-19.196	-5.983	-4.554	5.456	20.125	21.201	21.434	17.592	14	ScrambledFaces
-0.433	-1.144	13.601	1.203	0.024	1.269	-1.619	-2.610	-1.214	7.753	-0.699	-0.133	-3.133	-0.299	-1.773	-2.518	-0.478	3.577	-1.117	-3.061	-6.443	-1.286	-2.822	0.223	-2.914	2.973	2.606	-0.814	14	Cars
-7.739	-8.696	4.563	-5.096	-3.273	-1.615	7.915	5.407	0.655	16.537	2.894	-2.304	1.998	-5.084	-9.315	-3.030	-1.641	9.081	6.967	-3.234	-6.323	2.699	1.617	5.759	0.703	11.935	8.181	0.029	14	ScrambledCars
10.268	5.776	3.611	3.307	0.415	3.367	-0.417	-2.580	3.428	8.303	-2.247	0.207	-0.272	-0.768	-2.730	4.065	-6.559	3.427	2.592	1.354	7.377	0.035	-3.395	-6.357	-6.996	-15.554	-5.320	-5.015	14	Cars
3.629	-0.886	-6.089	-2.923	-1.466	-1.954	4.730	-3.641	6.527	15.261	3.193	0.965	1.734	1.315	-7.755	-1.280	-3.460	2.558	-2.735	1.017	2.990	-0.164	0.770	-0.708	-6.448	4.015	1.531	4.808	14	Faces
2.695	3.154	-0.237	2.934	-0.251	1.206	-1.622	0.095	1.189	7.180	4.572	-6.812	-2.623	0.854	0.212	5.355	5.084	-2.671	1.627	2.807	-1.427	-0.496	-2.324	-5.071	-0.427	-7.055	-1.816	-4.706	14	Cars
-8.411	-2.600	-5.610	-2.510	-1.167	-3.419	9.007	5.635	4.933	23.294	4.188	1.863	-4.523	-2.653	0.523	-7.589	-3.201	5.813	-1.630	-1.092	-3.746	-2.609	-2.217	1.014	-1.606	2.332	6.239	4.472	14	ScrambledFaces
-0.132	5.238	15.584	0.758	-1.375	-5.443	-5.041	-15.455	-12.966	-9.665	7.602	-2.278	-5.251	-0.630	8.015	2.483	2.834	20.847	7.051	2.440	-1.769	6.532	8.433	-3.819	-8.313	-17.871	-6.102	-5.022	14	Cars
0.551	3.297	-6.744	-1.671	0.288	11.216	3.327	-0.712	3.473	9.910	-16.850	5.819	0.972	-1.741	-0.590	-4.044	-8.409	4.769	-1.912	-2.791	-0.330	-0.243	-1.740	-4.364	6.156	-0.158	4.515	6.643	14	Cars
1.185	3.493	-4.204	0.510	-0.288	-4.066	6.097	0.017	-0.857	6.719	2.512	-0.422	-4.474	-5.490	-5.677	0.394	5.689	-4.856	8.374	-4.683	-2.198	5.214	4.020	-0.469	-4.337	-0.010	-0.885	2.444	14	Faces
-0.246	2.603	-0.614	0.546	2.669	8.187	4.855	5.224	8.093	7.203	12.509	2.598	-3.875	-8.326	-3.090	-12.413	-5.051	6.780	-0.303	-12.645	-9.873	-0.567	0.025	-1.506	-2.439	-7.319	5.270	0.617	14	ScrambledCars
-6.157	1.327	10.000	-1.571	-0.221	3.929	12.068	3.511	5.354	-2.711	13.364	3.376	5.554	2.621	-1.923	-8.921	-11.139	-11.637	-8.196	-7.712	-5.994	-6.950	-7.036	-2.023	3.162	6.735	9.580	6.905	14	ScrambledFaces
-1.306	-3.381	3.469	-4.070	-4.013	-10.568	5.862	-3.752	-0.930	10.347	1.025	5.737	4.576	-0.697	-3.054	-5.474	-10.877	7.474	-1.535	-5.623	1.349	1.128	0.496	1.865	2.013	-7.052	4.776	11.442	14	Faces
-5.623	-1.636	-5.212	-0.938	-4.255	-0.454	-0.367	-1.798	0.881	-0.391	-0.472	-2.979	-2.393	-4.592	4.463	-6.107	-5.554	22.566	-1.166	-6.273	-1.119	1.554	3.391	-0.481	-1.746	-6.200	-0.133	0.564	14	ScrambledFaces
-8.327	-2.312	-4.649	-5.472	-3.318	-3.237	7.395	-0.689	4.625	8.750	13.909	1.732	-3.504	-6.055	-1.592	-13.300	-2.428	5.632	-2.021	-13.735	-6.743	-4.655	-3.477	51.565	-7.658	-7.414	5.791	7.595	14	ScrambledFaces
-2.756	3.025	-13.904	2.486	0.503	7.564	5.838	1.218	4.182	14.634	18.700	-1.712	-3.906	-5.624	-1.776	-6.186	-11.378	13.057	-11.887	-10.038	-7.322	-8.820	-2.531	-2.162	3.133	-0.432	0.011	5.247	14	ScrambledFaces
-5.922	-0.112	0.372	-2.222	-1.078	6.615	16.620	1.449	12.797	21.362	-3.086	7.130	0.462	-2.545	-10.889	-17.257	-14.564	-12.169	-11.633	-13.507	-9.755	-6.093	-9.563	3.404	3.294	47.316	15.330	6.404	14	ScrambledCars
-1.745	7.359	-7.135	-1.169	-1.899	-5.808	1.421	-1.832	2.015	-4.794	8.447	7.090	-0.273	-5.431	2.290	-1.071	0.981	6.071	-0.517	-3.001	-3.015	0.224	-1.476	3.839	-3.924	-5.570	6.027	1.297	14	Faces
3.300	2.803	-2.291	1.502	1.371	-0.132	-1.151	-10.315	-5.697	-12.750	-4.792	3.047	2.248	0.978	0.078	0.161	4.429	-0.786	4.216	3.362	2.311	2.316	4.400	-3.662	4.395	-0.857	-0.922	-0.416	14	Cars
3.541	4.714	7.080	3.874	1.795	8.975	-2.096	-4.050	-5.153	-4.218	-9.261	0.201	0.388	0.556	3.299	0.449	-1.353	-0.221	-2.360	5.234	4.383	0.885	0.134	-1.906	-1.201	-6.722	-8.852	1.892	14	Cars
-5.578	0.497	10.380	3.015	1.018	1.434	5.404	1.365	-1.540	10.902	18.150	5.843	4.123	-4.525	-2.726	-4.070	-3.374	-5.012	-0.848	-3.414	-10.412	-4.419	-6.246	-8.380	-9.904	-4.258	3.150	4.735	14	Faces
4.889	-0.305	-17.490	0.446	0.825	-1.635	0.231	6.834	-2.025	1.502	4.279	11.245	3.074	3.498	-1.711	-2.277	2.055	-10.175	4.529	2.597	13.693	4.382	6.657	13.093	-2.673	-14.329	3.552	-2.595	14	Cars
-11.006	-9.675	17.974	-9.070	-8.701	-0.961	6.424	-0.843	11.472	22.359	3.182	5.451	1.410	-5.351	-0.091	-10.253	-2.174	7.600	-4.061	-7.425	-11.672	-4.192	-4.348	0.329	2.322	-10.030	7.946	5.367	14	Faces
6.064	5.035	6.820	1.097	0.893	3.467	0.320	6.940	-2.118	3.267	20.682	-7.365	-8.191	-7.812	-3.750	0.905	1.768	5.391	-0.293	0.371	-6.248	-0.714	1.801	-3.269	-5.161	-2.777	-6.828	-5.059	14	ScrambledCars
-0.937	8.363	-7.955	1.653	-0.355	-6.895	3.185	-2.432	5.008	8.104	1.842	6.564	-3.935	-3.153	-1.520	-0.365	0.009	-16.169	-0.756	-5.723	-4.154	-2.370	-4.507	7.777	-0.428	15.351	3.483	9.443	14	ScrambledFaces
-12.572	-9.331	-28.780	-6.643	-2.125	-5.917	13.939	-1.778	9.197	20.310	10.148	2.592	6.026	-1.519	-8.977	-13.582	-7.790	-1.538	-0.895	-12.402	-7.940	2.214	3.490	7.441	-0.373	18.875	28.240	14.649	14	ScrambledFaces
-0.005	-9.954	9.595	-0.309	-1.022	3.980	3.853	9.384	6.961	3.873	-4.222	-4.688	0.594	-8.154	-8.348	-6.253	0.225	-0.556	1.030	-8.566	-8.178	1.290	-0.520	-2.339	5.769	-3.167	2.881	-2.493	14	ScrambledCars
-7.135	-5.543	-5.576	-4.524	-0.423	-13.373	9.927	-6.906	6.884	18.170	-14.495	7.442	1.586	1.033	-4.296	-5.453	-2.859	-3.177	-0.180	-2.700	4.048	1.746	3.918	2.892	2.381	1.593	11.747	2.810	14	ScrambledCars
1.221	-3.435	10.607	-7.873	-6.895	-11.541	-0.316	-6.035	-0.763	8.515	33.627	5.334	-1.553	-3.200	-1.141	-9.764	3.909	2.905	0.885	-2.653	-0.585	1.696	2.844	-1.012	-3.009	-1.058	-2.698	-0.267	14	Faces
-1.084	7.537	-2.446	2.220	0.777	-2.361	6.428	-2.336	-0.664	13.922	5.549	3.402	0.678	-1.003	-2.423	-3.235	-2.678	0.823	-0.846	-5.904	-6.908	-1.922	-1.587	-0.676	-1.480	5.811	-0.544	-0.176	14	Faces
-4.241	-3.061	0.667	2.407	-0.340	1.350	-0.408	-1.909	2.070	-8.853	2.270	-3.217	-2.390	-0.555	1.923	1.980	1.146	0.936	4.780	-0.868	-1.238	4.318	10.761	-0.663	-5.233	-10.132	-3.680	-0.310	14	Cars
-11.616	-13.175	-8.214	-3.734	-1.726	-1.127	12.027	5.717	11.297	4.121	7.724	14.370	3.146	-2.349	-6.027	-13.605	-9.289	-4.035	-5.440	-9.422	-9.470	1.037	-0.030	6.138	3.364	6.565	16.694	12.600	14	ScrambledCars
-7.838	-2.475	-2.904	2.644	4.044	1.245	7.716	-6.779	2.669	20.542	17.007	6.420	-6.110	-4.397	-2.142	-4.716	0.810	12.394	-1.406	-2.124	-9.739	-2.818	-3.230	-2.711	-14.480	-0.725	-1.280	-2.406	14	Faces
-7.185	-1.702	8.670	-4.407	-2.746	-4.497	6.020	-4.082	10.856	15.138	8.818	0.793	-3.059	-3.756	0.230	-1.388	-1.222	-4.637	1.031	-1.504	-4.830	-0.511	-2.877	-1.134	1.064	3.464	3.118	2.446	14	ScrambledFaces
-2.863	1.958	-1.821	2.509	4.574	1.947	6.994	-0.626	4.158	22.738	2.183	7.552	6.044	-3.457	-1.442	-4.405	-4.620	-7.854	-0.500	-12.851	-7.951	-1.836	-0.030	0.890	1.369	-4.802	-1.481	1.936	14	Faces
-7.805	-4.899	-6.361	-1.723	-2.965	0.960	8.984	8.184	7.265	15.168	1.290	2.267	0.086	-4.464	-4.069	0.989	-2.136	6.156	1.105	-4.270	-1.466	0.618	2.846	3.180	-3.324	-7.735	9.011	1.881	14	ScrambledFaces
-16.253	-7.387	2.737	0.095	3.466	-1.699	3.910	0.660	7.482	3.048	4.221	-2.624	-4.874	-0.743	6.312	-1.372	-1.498	12.797	0.797	2.136	-0.298	2.027	3.700	-3.168	-2.181	2.635	-3.725	3.014	14	ScrambledFaces
-4.989	-6.292	-2.113	-0.698	0.636	4.554	10.094	8.649	10.629	13.495	17.401	4.522	-1.850	-4.688	-5.708	-12.593	-3.532	17.309	-5.653	-6.635	-7.639	-8.276	-3.504	-5.844	-12.334	-5.052	-0.955	-1.129	14	ScrambledCars
-0.700	-2.277	0.510	-3.183	-4.141	-2.051	7.707	1.820	8.937	21.930	14.175	7.815	-0.908	-9.410	-8.655	-11.715	-5.824	-4.854	-4.874	-11.335	-15.475	-3.920	0.029	1.666	-1.466	4.984	8.141	10.338	14	ScrambledCars
3.267	6.686	4.568	2.728	0.242	3.299	7.224	3.466	1.726	13.580	15.797	3.322	-5.867	-5.837	-3.827	0.213	-0.596	5.898	-3.825	-4.200	-6.586	-4.244	-0.943	-10.567	-7.611	-14.963	-8.409	0.488	14	ScrambledFaces
1.965	-10.041	-14.957	-3.092	0.447	4.543	1.716	-13.817	-7.977	4.326	19.238	7.573	4.665	4.415	-7.629	-8.362	1.961	7.929	3.882	-5.644	-1.826	11.510	12.737	7.885	-7.392	-11.811	10.852	5.603	14	Cars
-7.841	-7.483	4.448	-3.470	1.146	-5.643	11.822	7.880	15.610	15.844	2.809	-2.718	-0.669	-6.136	-7.138	-9.908	-4.138	-4.835	-1.807	-5.382	-12.748	-0.810	-0.995	0.541	5.334	1.411	12.251	6.483	14	ScrambledCars
0.719	0.630	-6.476	0.421	-0.468	0.084	-3.347	2.516	-1.369	13.711	-3.281	0.683	-9.642	-6.017	4.864	3.070	6.080	6.075	2.236	3.832	-1.764	3.248	6.445	-2.003	-2.178	-6.550	-7.519	-5.713	14	ScrambledCars
-3.515	-2.172	13.705	0.822	-0.174	9.155	0.716	3.623	-0.421	-12.200	-9.872	-1.583	-5.459	-2.478	1.451	0.856	1.744	17.729	-1.283	0.548	-1.939	-3.524	-7.151	-2.267	-5.392	-5.473	-6.222	1.661	14	Cars
-4.712	-3.460	3.145	-1.908	-1.388	3.386	7.594	2.429	7.801	28.473	9.904	2.998	-8.356	-8.637	-7.190	-4.053	-10.564	5.324	-9.215	-4.164	-3.573	-5.994	-5.810	3.399	-5.126	0.931	11.485	7.981	14	ScrambledFaces
-1.001	9.906	4.324	3.394	1.068	3.411	3.858	-3.388	4.582	11.591	10.231	2.891	-1.581	-5.719	1.661	-4.572	1.476	-9.451	-0.926	-7.519	-6.241	-1.781	2.754	-1.497	-9.308	-6.630	-4.170	-0.997	14	ScrambledCars
1.178	7.696	-15.215	4.126	1.624	0.446	3.918	-4.546	-1.503	19.281	-18.071	3.111	-0.354	2.116	3.990	2.929	-0.614	6.185	0.783	-1.736	1.108	2.567	5.814	-5.878	-2.767	-8.012	-7.449	-2.357	14	Cars
6.178	6.637	-15.864	1.442	4.353	-2.616	-2.578	-0.632	-5.404	-9.833	10.541	0.445	-3.113	-2.454	3.390	4.009	4.275	7.197	3.323	-3.075	0.093	5.865	2.775	-4.702	-0.690	-8.118	-8.951	-6.191	14	Cars
-3.173	6.041	-8.153	2.490	3.341	-1.896	8.368	-0.826	10.176	14.875	-13.494	5.120	2.375	-1.683	-4.653	-0.858	-3.257	-7.227	-3.148	-5.796	-3.924	-2.847	-3.786	0.595	-5.162	-1.561	8.082	8.506	14	ScrambledCars
-9.427	-7.808	-7.988	0.497	2.780	1.232	13.465	0.039	10.341	9.910	21.384	-0.545	-2.923	-1.101	-5.791	0.043	-3.173	-6.493	-6.455	1.283	-6.624	-1.398	-0.731	0.767	-1.587	4.557	7.423	7.205	14	ScrambledFaces
8.370	-15.640	-20.355	-5.027	-3.132	0.751	8.582	-5.656	6.708	15.071	8.655	13.907	8.120	4.488	-14.582	-12.683	-10.596	6.174	1.083	-3.467	-4.021	2.208	3.714	8.553	-2.776	-4.543	5.413	7.534	14	Faces
-6.722	1.672	-2.949	3.326	5.489	6.351	8.514	-0.276	-4.325	8.126	-1.244	5.193	1.893	1.773	-4.498	4.840	-5.298	3.874	-3.583	3.745	4.584	-2.520	-5.300	2.270	-6.355	-12.439	15.201	1.192	14	Faces
5.664	-2.408	0.226	-0.494	-0.702	2.127	2.091	1.468	2.071	11.518	0.783	1.473	-2.306	-4.978	-2.026	-2.424	-3.318	-4.459	0.024	-1.923	-9.823	-3.697	-0.661	0.122	-6.190	-2.269	-12.466	4.819	14	Cars
-7.122	8.790	19.709	7.745	5.096	1.717	2.308	-0.318	-4.626	-0.037	-8.872	-2.031	-1.813	-3.501	2.649	6.262	5.377	2.311	1.824	-2.489	-5.629	-0.017	-0.061	-2.006	-12.912	-10.675	-1.358	-5.763	14	Cars
-14.810	-15.411	-10.501	-4.619	1.343	-7.540	15.092	-0.731	7.016	32.598	16.220	8.141	9.176	3.367	-8.271	-7.614	-11.016	-4.265	-5.260	-5.602	-3.043	-0.300	-0.751	14.823	-5.085	6.371	15.625	12.614	14	ScrambledFaces
1.320	-2.212	4.558	-0.639	0.795	3.019	1.829	4.797	-8.361	3.929	-2.722	-2.628	-0.242	-0.202	-2.632	0.117	1.782	0.940	3.453	3.688	-4.280	4.059	12.609	0.013	-1.955	-10.915	2.369	-1.116	14	ScrambledCars
-3.793	-2.487	10.933	1.480	4.343	2.948	-0.223	-9.434	-13.102	-6.243	-0.735	-3.668	2.086	0.937	1.168	-0.566	-1.402	6.464	-0.436	1.664	3.771	3.427	1.585	4.231	2.484	1.568	-2.277	1.377	14	Cars
-0.717	7.571	-5.058	5.917	6.152	2.600	-1.437	-11.212	-6.607	3.600	-2.470	4.704	2.930	4.504	0.840	10.297	5.214	-4.140	8.030	12.397	15.270	6.603	6.535	-1.168	-5.098	-1.371	-2.193	-2.590	14	Cars
-2.316	-0.187	-12.884	-1.922	-0.967	2.088	8.522	5.062	11.744	5.703	0.334	10.829	-5.528	-7.087	-0.110	-10.233	-7.300	-5.095	-2.414	-8.532	-5.941	-0.350	-1.452	0.418	2.904	2.359	7.163	5.358	14	ScrambledCars
-2.470	6.748	1.265	0.730	-5.616	1.480	-1.749	-2.617	-6.029	15.759	11.530	2.255	-4.193	-4.333	4.847	-0.495	2.328	-4.344	0.568	-0.930	-4.267	0.336	3.395	-3.199	-11.109	-4.060	1.862	-0.594	14	Cars
-5.917	-0.202	8.010	-3.830	-5.635	-6.947	3.900	-1.986	6.127	19.342	8.894	7.664	-1.964	-7.569	-0.955	-7.281	-2.581	-5.185	0.150	-9.150	-9.094	0.156	4.844	2.416	-0.715	2.654	4.350	4.289	14	Cars
1.944	11.256	15.071	5.763	2.652	11.207	-0.736	-4.385	-0.598	-0.571	5.703	-4.577	-7.472	-5.767	3.447	-3.707	-6.718	6.054	-4.050	-7.570	-5.502	-3.582	-0.876	-6.842	-4.377	-6.587	-8.204	-0.971	14	Cars
-0.841	-7.939	0.683	-2.040	-3.475	-4.619	-0.457	-7.933	0.471	7.561	10.524	-1.603	-3.932	-3.685	-1.698	-9.065	-5.291	8.909	-0.133	-1.831	-4.424	-1.138	-1.235	1.386	-3.836	9.599	1.951	0.232	14	ScrambledFaces
-1.265	-0.649	-2.042	3.764	3.375	-0.434	2.706	0.288	3.944	-1.196	5.262	-0.061	-3.525	-4.170	-3.111	-0.074	0.643	-4.188	2.548	7.740	-4.162	4.453	7.601	-0.851	-0.887	-2.566	4.967	-5.725	14	Cars
4.812	1.803	13.706	1.885	2.357	-1.501	3.218	-4.966	2.567	9.818	13.983	-3.082	-2.286	0.857	-1.570	-3.147	-5.546	-5.790	3.768	4.144	-2.460	2.607	-0.140	-3.582	-5.449	-11.543	-4.850	-0.027	14	Faces
-5.450	3.632	8.359	1.011	-0.093	-9.036	0.133	-7.173	-4.239	9.109	-8.771	8.204	-1.301	-2.271	0.668	0.877	4.179	12.053	2.560	-7.984	-2.600	4.007	3.060	-4.784	-7.184	-11.518	0.719	1.310	14	ScrambledFaces
-5.840	-0.253	-1.377	-1.693	2.363	-1.107	11.689	9.137	9.007	12.779	2.954	8.691	-0.813	-4.734	-8.515	-9.364	-9.719	-4.164	-11.257	-18.777	-12.575	-4.216	-1.052	6.193	1.496	4.001	15.631	11.387	14	ScrambledFaces
0.958	-7.307	-1.204	-1.989	-1.587	4.923	2.715	-14.434	-3.387	9.204	39.251	2.923	0.843	-1.017	-4.021	-2.565	-5.411	-4.233	0.703	-3.215	-2.053	1.967	5.914	1.140	-6.261	3.871	0.590	-2.670	14	Faces
2.115	-8.126	-19.988	-7.033	-0.862	-8.915	17.420	-1.105	6.694	16.824	13.925	9.096	4.919	1.248	-20.882	-8.022	-7.153	-13.348	-6.300	1.961	3.690	-0.916	-3.136	6.246	3.528	11.882	22.096	13.141	14	ScrambledFaces
-5.730	-7.001	-0.725	-6.374	-6.148	-5.162	12.807	16.454	7.548	21.132	-0.918	11.136	2.252	-1.262	-8.424	-9.303	-10.581	-9.230	-7.309	-4.875	-3.326	-2.692	-1.594	5.956	-3.539	10.397	17.366	12.007	14	ScrambledFaces
-0.056	4.253	-6.402	1.468	5.923	-4.386	8.171	-0.668	1.019	18.007	9.717	8.415	4.476	0.952	-3.828	-2.541	-2.970	-5.300	2.853	-2.522	-3.522	0.784	-7.707	4.095	-0.956	-5.288	-0.395	5.667	14	ScrambledCars
-9.074	2.899	-4.715	1.815	4.151	1.439	13.130	0.256	3.970	13.261	10.329	8.064	2.296	-4.479	-5.949	-4.866	-1.639	-14.654	-3.730	-10.474	-5.964	-3.562	-5.888	-3.523	-3.999	8.235	12.478	-0.750	14	ScrambledCars
-4.075	-0.468	-1.789	5.168	6.671	4.543	4.691	-1.481	0.335	2.100	-7.096	0.884	4.314	6.259	-0.902	3.631	-0.611	-17.080	5.713	9.010	5.359	3.933	1.646	0.555	-6.898	-0.631	11.119	-4.434	14	Faces
-10.947	-2.660	-0.720	-1.636	-1.257	-3.153	9.218	12.191	15.508	6.165	12.881	9.507	0.502	-4.897	-1.563	-5.920	-7.631	-0.809	-10.709	-8.946	-12.092	-10.181	-4.900	3.565	0.579	-6.031	9.957	10.120	14	ScrambledCars
-2.734	-3.890	1.193	-3.290	0.166	1.203	15.556	5.098	5.277	22.181	3.392	7.544	0.920	-4.890	-11.875	-7.349	-11.314	-15.176	-7.362	-3.645	-3.473	-1.087	0.505	7.457	-4.896	10.956	10.305	8.829	14	ScrambledFaces
-4.133	0.040	-3.527	-3.453	-4.170	-7.555	6.453	5.762	4.381	15.998	4.542	7.257	-1.240	-1.800	-0.534	-4.808	-3.002	-6.634	-3.129	-0.185	3.401	-2.026	-1.663	1.556	6.334	4.035	0.866	9.106	14	ScrambledCars
-14.881	-0.660	7.863	-2.872	-1.663	-5.449	6.255	0.261	2.194	3.886	-3.221	-1.168	6.495	-1.234	4.763	-9.570	-0.433	-1.140	2.693	-11.128	-0.751	4.105	2.751	0.048	2.560	2.014	9.820	-0.402	14	Faces
1.580	-5.695	-1.021	0.429	0.857	1.142	3.276	0.280	5.516	7.227	9.418	4.368	3.165	2.574	-5.871	-3.969	-8.096	-6.483	-1.930	-3.208	0.584	-0.725	-0.683	6.556	-11.590	3.998	3.074	4.169	14	Cars
-4.635	-12.899	-19.558	-5.821	-0.704	-6.587	13.903	4.171	10.124	29.347	6.418	10.240	1.483	-0.870	-14.156	-5.626	-6.206	-9.602	-6.051	-3.577	-7.494	-2.103	-0.797	8.943	8.039	4.188	17.367	12.468	14	ScrambledFaces
0.128	3.929	2.162	3.775	0.477	-2.515	-6.405	-1.309	-4.356	2.706	-14.769	-8.806	-10.383	-4.487	7.157	8.060	17.113	31.204	8.074	4.263	-7.959	0.704	8.274	-9.414	-10.606	-21.259	-17.144	-10.588	14	Cars
-15.928	-4.745	-0.331	-0.963	0.646	-2.838	13.795	1.848	8.427	23.412	8.461	8.305	5.926	1.340	-3.282	-5.944	-4.044	-1.724	-4.569	-0.366	-4.751	-4.866	-5.609	2.350	-8.984	-4.631	15.153	4.981	14	ScrambledCars
-6.901	-2.549	-13.888	-2.120	-3.289	-0.970	0.007	1.027	-1.333	6.451	-5.163	1.000	-4.594	-5.417	6.758	-9.098	0.484	26.804	-2.475	-7.235	-8.919	-0.874	-0.703	1.869	-0.424	3.904	0.632	3.577	14	Faces
-2.055	4.609	-2.606	0.358	0.377	2.067	7.598	-7.724	0.423	13.530	-0.695	5.958	3.003	-1.741	-1.437	-1.293	-3.927	-8.549	-1.183	-3.654	-5.522	-1.258	-1.347	-0.698	-4.589	1.154	7.820	4.633	14	Faces
-2.709	1.967	-0.557	-1.037	1.446	-8.522	7.269	-4.757	2.626	7.514	11.307	2.144	4.147	-1.118	-6.614	1.118	-6.341	-6.715	-1.764	3.075	4.372	1.203	1.446	-1.178	1.842	8.178	10.327	3.810	14	ScrambledCars
-1.237	18.691	-0.119	13.903	11.476	2.129	3.596	-3.942	-4.023	-13.022	-17.730	-4.220	1.706	3.851	5.149	14.340	2.242	0.055	2.078	8.278	11.965	1.927	0.305	-8.061	-9.498	-14.652	-8.679	-8.129	14	Cars
-0.044	-3.724	-0.759	-3.127	-5.091	-7.769	3.444	1.492	0.703	9.209	13.917	9.693	-6.734	-9.726	-3.401	-2.272	-3.796	-1.620	-1.436	-5.574	-11.359	-3.887	2.880	7.415	-5.115	7.664	0.006	2.494	14	Faces
-1.288	-7.853	-13.122	-1.437	3.475	-0.644	5.768	2.274	4.445	21.425	6.858	6.526	-0.072	-0.967	-0.830	-4.762	-7.420	-6.790	-1.089	-1.730	-3.031	-3.573	-3.901	0.158	7.592	3.148	-1.606	1.471	14	ScrambledCars
-8.825	-4.771	2.420	-3.745	-5.548	-4.444	6.779	7.248	7.453	27.498	4.957	1.018	2.956	-3.105	-1.150	-7.749	-5.963	-0.101	-1.153	-7.260	-7.306	-1.683	1.497	-0.182	-10.378	-4.522	10.769	3.742	14	ScrambledFaces
-1.234	3.579	-2.889	5.627	6.600	6.850	6.975	-1.885	5.343	-1.145	-0.517	-3.461	4.963	4.190	-1.769	-1.401	-5.350	15.444	-3.699	0.929	4.014	-2.571	-5.172	-3.524	-10.492	-14.364	-2.173	-3.287	14	Faces
-1.158	-3.490	-13.310	-3.745	2.222	-10.142	10.700	-12.568	6.094	22.479	6.988	9.293	8.202	3.238	-8.168	-10.962	-10.155	3.846	-6.171	-8.968	-5.087	-0.330	-3.129	19.802	6.435	1.908	9.447	7.981	14	ScrambledCars
-9.030	-0.133	-8.635	-6.466	-7.895	-7.995	4.402	-5.200	-0.163	9.239	3.704	6.134	-1.285	-4.949	3.920	-4.106	-3.464	1.921	1.833	-8.674	-7.687	6.825	10.778	-1.036	6.166	11.838	3.345	10.069	14	Faces
0.418	4.878	-18.175	-0.044	2.058	0.761	11.574	1.108	8.577	15.093	-5.315	-3.701	-2.711	-6.670	-6.008	-6.913	-5.692	3.215	-1.263	-10.765	-8.687	2.586	6.497	5.609	4.153	2.862	5.555	4.247	14	ScrambledCars
-8.811	-6.729	-1.641	1.064	1.243	8.307	7.462	11.028	10.981	11.018	-2.630	9.069	-6.016	-7.210	-1.226	-2.719	-7.310	-3.857	-0.605	-5.981	-7.620	0.846	7.190	4.859	-4.450	-4.981	7.815	-0.333	14	ScrambledCars
-10.070	-1.562	-7.962	-5.153	-1.751	-0.667	10.837	6.831	10.827	18.188	2.315	3.567	1.358	-5.527	0.739	-10.889	-7.384	3.270	-3.538	-14.747	-8.272	-1.206	4.646	-0.071	-3.044	10.137	1.352	1.806	14	ScrambledFaces
3.146	14.177	15.464	10.031	8.566	3.936	3.251	-6.755	-8.789	0.936	-6.308	-2.944	2.767	3.463	-3.681	8.600	-1.679	-4.252	-5.216	3.558	1.669	-1.496	-1.023	0.628	-11.174	-13.489	1.173	-3.171	14	Cars
-12.045	-12.903	-4.330	-6.491	0.453	-6.319	10.249	8.273	10.913	16.408	-7.739	13.355	-10.159	-8.663	-3.565	-15.050	-10.607	4.040	-4.556	-16.696	-13.473	1.941	4.632	7.889	11.667	-2.410	18.791	10.855	14	ScrambledFaces
-4.440	-7.094	1.449	-0.708	1.340	7.564	3.609	-9.280	-3.586	11.099	11.689	-6.714	6.125	2.457	-1.479	-0.981	-0.964	-6.288	3.620	0.621	0.926	9.082	11.050	4.004	-1.196	-3.203	0.268	1.953	14	Faces
-11.178	-11.611	-15.841	-6.118	-2.280	-5.323	10.991	6.065	9.112	23.394	-2.449	6.986	6.999	0.266	-7.913	-7.010	-7.373	0.511	-1.438	-7.450	-0.538	-0.749	-1.791	4.579	3.948	8.371	19.463	11.153	14	ScrambledCars
3.316	9.145	-2.466	2.349	0.861	-0.709	-4.074	-2.347	-4.250	-9.595	-5.876	-1.900	-7.438	-3.072	10.290	2.170	9.206	-4.527	11.000	1.513	2.681	5.206	10.933	-1.877	-3.666	-13.431	-10.447	-8.405	14	Cars
2.128	6.136	4.654	0.806	-1.026	2.776	3.210	3.895	9.679	-1.672	0.664	8.532	-6.518	-9.628	-4.100	-4.012	-1.542	-1.906	-5.983	-6.231	-7.785	-6.180	-10.806	-0.377	-1.902	3.442	3.776	7.459	14	Faces
-1.521	5.885	8.480	0.842	-0.637	-8.858	3.398	-8.602	3.800	6.968	14.868	7.391	1.230	-0.684	4.225	-1.833	-1.198	3.116	-4.543	1.023	-2.026	-4.724	-6.404	-3.746	-3.374	-6.044	-7.841	-0.215	14	Faces
4.962	15.480	5.093	3.577	-0.655	1.534	-4.874	-9.972	-6.417	0.170	-5.183	-1.317	-8.077	-7.718	9.810	-2.946	7.266	0.650	1.954	-7.650	-6.360	3.496	11.334	-7.488	-7.185	-7.474	-13.751	-5.535	14	Cars
-3.223	-4.034	-3.179	-6.196	-6.184	-7.610	2.823	-0.070	-0.443	5.535	-3.958	5.645	-3.860	-4.536	-3.182	-8.199	-4.912	10.317	3.742	-13.601	-6.493	7.997	12.790	5.548	1.769	5.871	7.529	1.086	14	Faces
-0.049	0.601	9.858	5.659	5.180	-3.032	1.113	-7.661	-1.016	-0.058	9.388	-1.424	1.928	2.813	0.330	2.189	-0.158	0.168	2.572	5.908	0.615	2.763	2.435	-2.376	-11.962	-13.465	-4.732	-4.481	14	Cars
2.549	0.447	-4.858	2.983	6.113	4.700	-2.393	-6.548	2.450	0.600	-5.584	-6.310	6.997	4.036	7.220	-1.704	4.630	-4.396	8.021	4.202	1.686	8.370	8.614	-4.628	-4.737	-9.590	-8.843	-13.452	14	Cars
-6.031	-8.363	-4.347	-2.172	0.545	-2.174	8.392	3.115	5.865	9.178	4.614	4.240	-2.017	-3.916	-5.968	-2.174	-6.893	-11.466	-7.342	1.838	2.918	0.346	-2.267	3.101	3.761	13.771	14.189	6.781	14	ScrambledCars
-2.218	1.624	-10.167	-3.146	-5.304	-2.856	3.598	-2.498	-3.955	7.973	-4.357	-4.683	-2.917	-0.849	0.725	-3.443	-2.197	2.861	-1.960	1.920	7.614	2.552	-0.462	4.691	9.782	3.427	7.643	5.852	14	ScrambledCars
-11.832	0.508	-1.589	-5.222	-3.590	0.427	11.922	3.571	11.178	17.839	12.218	8.565	2.925	-5.809	0.349	-10.452	-11.516	-4.580	-2.688	-19.623	-7.348	-3.621	-3.551	5.271	-1.886	4.277	14.658	3.360	14	ScrambledCars
-4.330	-0.901	-1.462	-1.544	-1.634	-2.915	6.827	-0.061	0.463	12.422	7.204	3.759	-1.604	-3.247	-0.665	-11.053	-5.466	-1.148	-2.770	-13.574	-10.593	0.500	5.102	5.965	-2.479	0.023	5.080	5.075	14	Faces
-16.900	-8.240	-12.741	-0.775	-1.025	-10.083	3.526	3.471	-0.660	12.671	6.378	7.883	4.493	1.318	4.223	-2.358	2.196	1.512	1.218	1.662	0.249	2.452	2.814	3.996	-7.123	1.671	11.385	1.497	14	ScrambledCars
-4.838	-4.250	-5.594	-4.438	-4.349	1.495	4.239	1.710	-3.278	17.958	-0.684	5.513	-1.966	-7.796	-1.742	-10.333	-4.954	0.194	-3.330	-12.005	-11.965	-0.817	3.675	2.592	7.314	2.780	12.407	9.512	14	ScrambledFaces
0.103	3.858	-8.318	-2.870	-1.398	-3.140	3.892	-1.713	3.965	18.141	12.915	0.183	-6.419	-7.662	0.333	-2.335	0.255	8.319	1.648	-4.792	-10.555	-0.085	8.632	-4.529	-7.099	-3.863	-2.775	2.257	14	Faces
-7.987	3.785	2.829	0.557	0.515	-2.291	9.421	-2.283	1.581	22.022	8.093	5.576	1.440	-6.004	-2.225	-5.739	-7.651	3.356	-7.246	-9.193	-7.998	-5.643	-6.044	-1.088	-0.990	0.069	7.879	3.827	14	ScrambledFaces
8.896	-7.058	-9.741	-2.800	-2.688	2.689	3.293	6.355	11.701	5.871	15.148	3.171	-7.330	-6.531	-7.693	-7.405	-12.848	-4.111	-1.430	-6.969	-4.959	-4.269	-0.355	0.724	4.191	1.538	0.802	4.168	14	ScrambledCars
-12.915	-9.962	-11.529	-5.558	-4.577	-4.681	9.483	7.260	10.514	17.222	8.648	3.386	-2.587	-3.649	1.092	-8.723	-4.761	6.532	-0.147	-4.671	1.423	0.619	1.824	5.269	-6.992	-1.833	9.638	3.321	14	Faces
-3.782	-6.631	11.217	-1.759	-1.624	-0.019	5.051	0.201	6.992	11.178	13.025	-1.141	-4.292	-2.611	-5.507	-2.864	-2.163	4.997	-2.658	-1.432	-4.269	-3.841	-0.272	-1.829	-8.841	-0.831	-0.689	3.056	14	Faces
-3.644	-0.717	-3.604	2.467	2.431	6.481	7.388	-4.409	1.317	6.319	10.745	2.949	-4.596	-3.217	-1.271	-6.545	-9.416	-2.561	-2.204	-9.997	-8.307	-0.348	0.335	-0.641	-1.641	0.867	5.250	2.624	14	Faces
1.408	1.382	-1.341	1.597	3.398	2.217	1.383	-4.521	-2.045	0.644	-1.999	3.105	-3.389	1.328	0.122	6.285	1.463	1.304	-1.616	4.713	3.223	-1.403	-5.975	0.412	0.005	-0.142	-2.760	-5.538	14	ScrambledCars
6.284	5.068	-2.118	2.356	3.649	7.220	-2.492	-1.322	-8.433	-5.803	-6.419	-5.867	-1.106	1.373	5.037	-4.243	1.226	3.050	11.648	-4.038	-0.914	7.565	15.096	0.208	-3.792	-8.808	-8.292	-10.224	14	Cars
18.328	3.102	-5.047	1.630	5.461	-1.764	5.021	1.494	-3.089	2.138	19.965	-10.847	8.394	-3.657	-17.039	-2.220	-14.339	-5.577	-5.512	-4.687	-6.268	-2.543	-6.348	-3.754	-2.522	-10.816	4.187	-0.705	14	Cars
-1.373	2.237	-3.947	3.733	1.084	7.432	2.927	-11.097	-11.720	9.304	8.504	1.182	2.107	4.022	0.441	1.709	-1.796	-1.767	2.236	2.707	6.226	2.229	1.286	-0.037	-10.458	-3.850	-1.025	3.430	14	Faces
-8.237	-0.766	-15.133	0.538	1.074	-4.611	5.924	-1.239	0.453	1.328	-7.763	-2.656	-3.270	-2.943	2.242	-2.834	-1.990	1.571	1.885	-7.568	-2.487	4.338	6.760	6.329	8.569	6.398	4.937	2.123	14	ScrambledCars
-3.467	-11.130	0.190	-2.720	-2.116	-0.590	6.213	8.061	8.512	6.417	16.632	2.525	-6.358	-5.954	-5.982	-1.950	-10.457	8.875	-4.971	-1.895	-8.313	-5.854	-6.115	7.326	0.631	2.847	3.926	5.086	14	ScrambledCars
2.222	-1.469	15.053	1.942	1.387	1.663	0.864	-1.598	3.881	-1.791	-5.317	4.844	0.347	1.947	-1.030	0.947	1.475	-7.939	-2.142	0.375	-0.261	-0.451	-0.101	0.061	-11.824	-9.992	-1.129	-0.457	14	Cars
-4.795	-2.121	-2.057	-2.122	-2.532	2.434	6.104	3.903	5.556	8.441	20.447	9.263	-2.150	-5.902	-0.206	-9.703	-5.190	10.865	-2.890	-11.602	-13.153	-4.759	-4.302	0.332	1.470	-0.870	0.932	-1.339	14	ScrambledFaces
1.564	14.226	4.994	8.270	5.772	2.370	-4.477	-9.405	-7.013	-3.148	-8.133	-9.600	-1.853	1.280	7.469	1.785	5.438	13.089	3.557	3.801	4.150	3.536	0.302	-2.490	-8.831	-18.956	-6.364	-4.042	14	Cars
-0.803	5.061	13.422	1.628	1.360	-4.935	2.782	-8.563	-6.483	12.558	22.036	7.066	1.526	2.056	-0.832	-0.888	2.373	1.921	4.098	-6.002	-2.093	3.446	3.298	-2.503	-12.951	-19.169	0.158	-5.833	14	Faces
-5.009	3.195	-4.971	2.193	4.426	-1.248	11.204	-0.859	8.439	10.912	1.755	1.427	4.155	-2.465	-8.994	-9.238	-2.940	1.979	-4.327	-8.461	-6.365	6.221	5.291	4.847	-2.752	7.876	12.113	-5.307	14	ScrambledCars
-20.989	7.378	12.208	3.829	-0.551	-2.824	2.597	-2.855	-1.111	-0.853	-0.651	0.351	-8.556	-6.611	14.166	5.880	9.207	4.048	3.325	-2.019	-3.732	-2.674	-5.053	-0.477	-12.533	1.541	-0.180	-1.913	14	Faces
4.582	-2.808	-5.417	2.287	3.360	1.307	5.135	-3.514	3.210	10.287	20.497	5.262	1.646	-1.913	-8.672	-1.313	-7.938	-8.306	-0.248	-7.696	-8.004	2.637	9.098	0.442	-2.187	-6.367	0.249	-3.130	14	Faces
-25.987	-1.864	3.757	-3.310	-7.044	-5.009	6.934	2.671	11.215	12.361	18.100	2.001	-10.323	-12.038	13.069	-0.257	5.720	18.108	0.862	-6.576	-13.722	-7.826	-3.617	-3.806	-11.146	-7.329	1.545	0.778	14	ScrambledFaces
-0.268	-5.948	-2.565	-2.062	-2.219	5.298	8.816	4.484	6.515	18.685	21.864	13.048	-12.513	-13.053	-10.289	-10.967	-14.340	-3.047	-7.073	-12.731	-14.091	-8.510	-3.056	0.553	7.841	6.490	11.059	9.875	14	ScrambledCars
0.893	-3.808	-11.761	-1.686	-5.838	-5.995	2.349	-2.843	-8.800	7.332	9.539	0.532	4.591	3.308	0.920	-5.002	2.555	0.400	5.878	0.950	3.662	4.019	-0.064	2.149	5.617	-2.493	-3.055	2.050	14	Faces
1.920	-0.790	-3.555	2.228	7.038	4.339	10.224	2.005	0.336	20.763	2.852	-5.568	5.674	6.502	-6.100	-4.522	-6.907	-6.279	-3.121	0.368	0.390	0.366	-1.952	0.664	1.218	-8.540	7.644	-4.602	14	Faces
-12.202	-4.231	-14.663	-3.217	-0.417	-5.670	6.653	1.755	-2.518	7.927	-12.557	3.068	-0.990	-3.510	-3.117	-3.912	0.756	-0.745	2.552	-4.141	-4.584	2.618	1.914	16.430	-0.128	13.285	16.851	11.750	14	ScrambledFaces
-6.258	-1.427	0.313	-1.554	1.813	-7.546	8.931	-3.705	13.802	19.437	12.829	4.171	4.503	-1.875	-3.147	-4.001	-4.870	-11.832	-3.817	0.094	-3.146	-3.107	-8.419	1.819	0.140	8.502	6.528	2.686	14	Faces
3.182	10.005	1.141	5.825	3.466	4.200	-0.958	-9.480	-13.583	3.356	-3.121	-7.547	1.846	1.927	2.507	6.788	3.592	3.039	7.232	5.563	10.096	4.917	4.656	-0.344	-9.698	-18.244	-5.428	-5.569	14	Cars
-16.958	9.029	-5.233	3.981	2.278	-0.678	2.299	-5.184	-3.722	-4.421	-31.928	-3.491	2.569	6.632	18.489	8.807	10.606	5.298	10.040	5.038	10.653	5.916	3.913	0.397	-2.978	-6.643	-4.537	-4.939	14	Faces
0.938	5.356	9.447	3.833	3.835	5.372	5.109	12.691	4.606	-0.696	19.764	3.747	-13.748	-5.803	-1.079	-3.740	-13.565	-2.725	-8.153	-0.886	-4.520	-10.501	-8.053	-1.096	-6.310	-1.605	6.461	-0.067	14	ScrambledFaces
-2.184	2.349	4.326	-1.767	-0.887	-5.110	11.999	1.019	11.896	16.129	19.133	4.379	-4.413	-7.104	-9.365	-11.270	-11.875	-4.065	-5.778	-17.569	-8.785	-2.140	3.868	-0.377	1.160	3.146	9.098	4.132	14	ScrambledFaces
3.035	-0.436	6.481	-2.472	-6.631	-1.614	-2.680	-3.268	-6.221	-0.684	6.716	0.736	-4.878	-1.945	3.071	-8.118	-0.767	1.019	4.843	-9.687	-6.476	8.378	13.951	4.341	-2.926	-4.600	-7.039	-2.736	14	Cars
2.956	-11.307	2.125	-2.862	3.085	7.371	2.142	2.139	-3.774	7.492	20.886	-2.335	-3.703	-2.363	-9.824	-12.385	-8.874	-2.702	-5.363	-8.641	-8.003	-0.706	1.882	4.661	10.057	2.989	14.701	1.955	14	Faces
7.497	1.069	3.247	3.778	7.597	4.501	0.141	3.134	-1.279	-8.716	-1.727	-0.903	3.056	5.294	-6.348	7.737	3.764	-10.152	3.652	9.856	5.266	2.456	0.552	2.923	1.527	-7.320	-5.629	-6.270	14	Faces
-5.831	-5.997	-4.398	-3.216	0.841	4.736	7.039	3.266	3.552	14.338	11.253	4.354	-6.236	-8.811	-7.056	-14.636	-11.578	10.961	-6.589	-13.194	-2.090	-3.092	3.016	-1.672	-2.677	4.215	11.470	9.762	14	ScrambledCars
2.297	2.184	-1.417	-2.205	-6.700	-10.530	1.505	0.253	1.688	18.025	2.839	0.148	-9.594	-7.640	-3.486	-8.078	-7.664	3.220	-1.149	-7.458	2.244	-2.475	-0.540	-3.250	5.787	4.749	6.716	7.168	14	ScrambledCars
-8.999	2.318	-8.565	0.345	-1.321	4.186	11.502	5.746	6.767	13.577	-0.360	2.794	1.244	-4.932	-0.159	-4.129	-7.941	0.056	-3.623	-7.010	-4.612	-0.398	2.564	2.787	-4.546	4.415	7.928	4.853	14	ScrambledCars
-5.710	0.864	-6.337	1.872	4.037	-2.460	9.901	5.669	4.403	16.663	-1.303	5.205	-0.426	-1.074	-3.937	-1.035	-6.186	3.966	-2.227	-0.917	-2.895	-1.598	-3.520	2.082	-10.745	-0.352	6.460	6.013	14	ScrambledFaces
8.990	12.178	3.186	5.795	1.038	5.090	-8.079	-10.571	-14.365	-8.989	-11.104	-10.856	-5.593	0.889	3.861	9.493	7.855	21.326	8.003	7.250	4.227	6.268	2.897	-3.116	-6.650	-17.086	-9.450	-8.505	14	Cars
-1.436	3.068	4.158	2.312	1.692	1.327	-2.383	-6.796	0.206	-0.943	1.648	-2.385	0.144	1.338	3.476	-0.842	1.443	14.888	1.518	3.444	4.814	-4.053	-5.588	-5.760	-9.985	-4.915	-7.018	-4.826	14	Faces
-0.618	6.338	-2.352	-0.647	2.628	1.267	17.197	5.822	7.358	13.406	-2.145	9.261	0.403	-3.891	-14.703	-12.171	-16.646	-7.432	-16.142	-19.834	-12.445	-7.082	1.402	1.667	7.332	12.456	24.157	6.229	14	ScrambledCars
-8.508	-18.447	-3.417	-6.414	0.067	-0.224	7.509	5.606	2.262	28.526	5.482	7.349	-3.614	-7.693	-5.782	-14.497	-7.137	1.836	-2.086	-12.374	-17.357	3.297	8.112	8.129	7.739	7.984	8.216	7.951	14	ScrambledCars
-4.946	-10.932	-13.955	-5.526	-2.477	2.864	8.801	6.417	8.056	27.407	33.145	8.528	-14.087	-13.112	-5.659	-12.756	-9.753	-1.307	-8.342	-13.919	-21.836	-12.108	-11.526	-5.318	15.279	17.035	10.258	8.825	14	ScrambledCars
-4.733	-6.044	-7.665	-6.619	-3.334	0.479	11.805	5.962	10.827	13.870	4.993	14.084	4.769	-3.068	-5.694	-5.744	-8.123	-7.868	-4.073	-8.612	-7.212	-2.708	2.150	2.189	-4.156	3.064	7.876	12.183	14	ScrambledCars
-0.268	6.160	8.811	2.264	2.062	3.039	5.054	-0.229	1.224	2.086	5.125	6.941	1.246	-6.345	1.297	-3.161	-1.748	-10.488	1.195	-6.129	-2.348	-1.701	0.932	-5.010	-0.668	-11.358	-6.896	-0.121	14	Cars
-6.387	9.929	-1.072	3.321	-0.642	-3.714	-5.603	-11.269	-6.956	-17.598	-22.587	-7.593	-6.157	-4.509	12.481	9.562	15.101	20.703	9.886	7.814	2.008	4.833	7.068	-10.442	2.452	-16.258	-9.326	-5.310	14	Cars
2.705	7.716	7.809	5.022	2.182	5.731	-3.073	5.794	4.395	-3.553	18.492	23.770	-5.278	-7.884	2.684	-10.502	-7.430	-24.887	-5.133	-8.093	-7.934	-6.158	-6.908	-1.265	-4.391	-1.194	3.294	13.195	14	Cars
-6.393	-4.523	4.981	-3.133	-5.553	-0.066	2.100	-1.609	2.884	3.950	-6.345	4.884	-8.386	-8.252	-0.628	-8.683	-6.403	-4.591	-3.436	-9.633	-10.705	-1.956	-2.736	3.418	2.767	16.444	15.725	8.958	14	ScrambledCars
-6.102	-6.568	-3.705	-5.992	-3.598	-4.509	13.534	7.560	7.751	24.079	23.145	18.159	0.764	-4.144	-8.888	-13.642	-13.749	-10.963	-8.910	-10.275	-9.652	-9.069	-6.837	5.038	3.926	5.810	17.763	10.103	14	ScrambledFaces
-3.858	4.377	5.867	-0.912	-3.077	1.017	10.673	3.725	8.674	10.807	0.518	9.715	-3.879	-10.615	-5.683	-6.463	-6.230	10.743	-11.336	-13.861	-13.662	-10.641	-2.387	-2.847	-10.427	0.319	1.630	6.509	14	ScrambledCars
-2.013	3.206	-8.203	0.087	1.799	0.009	5.482	-6.961	1.568	4.750	-21.426	4.030	-6.287	-5.258	-0.346	3.908	6.546	0.341	5.641	-2.483	-4.653	5.156	10.515	1.569	-1.606	-1.234	-3.483	3.220	14	Faces
-6.449	-3.316	2.800	3.038	6.185	1.894	0.699	-2.638	-0.516	-1.648	-4.270	-1.749	-1.983	-0.415	1.063	-0.009	5.376	12.345	8.201	0.203	-5.654	6.056	5.101	0.002	-3.674	-5.135	-3.196	-3.102	14	Cars
-2.780	-1.075	7.974	1.331	0.926	-1.659	6.499	3.173	1.306	-8.758	-8.659	2.363	2.355	0.524	-2.563	4.069	-5.274	-4.140	-0.862	2.935	-5.725	-2.005	0.264	0.056	-1.303	-0.863	3.564	1.126	14	ScrambledFaces
-5.808	-6.872	-9.500	-3.789	-3.075	-7.793	6.561	-5.927	5.408	14.243	-25.220	-1.283	-3.522	-1.645	-3.566	3.361	0.980	-8.991	1.351	6.293	4.283	1.744	-0.308	5.005	5.941	10.138	7.943	7.202	14	ScrambledFaces
-7.583	-10.179	-6.155	-5.341	-4.435	-4.777	7.079	8.795	14.673	11.232	26.652	5.416	-0.190	-3.849	-5.975	-7.307	0.312	-0.383	0.738	-1.970	-6.386	-1.089	-2.911	3.180	-10.783	0.374	10.037	2.759	14	ScrambledCars
-4.358	4.404	2.054	1.185	-1.809	-1.133	-0.298	-12.103	-7.397	-8.940	6.431	3.449	6.650	5.692	4.953	2.779	7.782	-1.450	4.602	5.225	3.581	3.832	2.206	5.457	-10.451	-6.631	-4.922	2.498	14	Faces
-4.904	1.227	10.742	-1.250	-0.656	1.946	4.508	-3.614	-4.444	9.534	-5.777	-1.647	1.388	-0.012	2.098	-6.144	6.127	1.485	4.365	-6.063	-4.752	3.299	2.270	0.570	2.401	-10.127	-0.540	-0.676	14	Cars
-5.607	-3.532	-5.230	-3.947	-6.146	-10.237	2.480	9.759	-2.573	1.970	0.224	8.209	5.500	-0.402	-0.172	-7.206	2.214	-3.829	7.129	-1.454	-1.412	5.555	8.766	4.006	-3.761	-3.328	7.043	6.013	14	Faces
-2.029	3.002	-8.349	-1.291	-2.456	2.938	0.941	-14.423	-8.512	-2.243	-4.073	7.816	-0.104	-4.798	0.368	-5.313	-3.023	13.749	1.148	-7.929	-3.967	2.278	7.080	1.425	1.857	3.981	4.360	-1.284	14	Cars
-1.674	-0.150	-13.285	1.076	4.429	-3.195	14.526	3.560	7.614	26.852	20.407	5.978	0.674	-3.060	-7.425	-6.158	0.857	-6.224	-4.467	-10.549	-6.393	-1.222	-4.125	-0.971	-7.086	2.264	-5.143	2.152	14	Faces
-6.394	1.573	-5.782	2.241	4.155	0.287	10.441	-3.952	0.283	13.149	-6.560	1.418	3.506	4.184	-1.455	-4.919	-7.761	7.897	-4.071	-5.464	5.137	-1.024	-2.641	-0.290	-5.003	-12.851	10.499	3.640	14	Faces
-5.423	2.268	-8.354	3.010	3.510	2.219	8.678	-2.074	-3.725	4.261	3.449	-1.014	4.174	1.335	-5.003	0.216	3.645	-4.894	2.693	0.374	1.195	3.902	6.831	-1.140	-12.430	-3.912	7.051	-1.238	14	Faces
-5.495	1.130	-7.048	-2.747	-1.371	-1.788	7.692	1.833	4.450	4.090	-2.002	6.709	-2.438	-0.858	-0.826	-8.464	-0.404	1.073	2.258	-9.743	-5.021	3.715	1.372	7.990	3.122	-6.121	12.184	7.402	14	ScrambledCars
0.487	2.058	11.013	0.391	1.662	-5.649	7.930	0.137	6.651	17.376	1.512	10.043	-8.539	-9.905	-11.218	-11.125	-13.095	-6.007	-5.970	-14.409	-15.278	-1.126	-3.165	1.573	4.052	11.484	15.284	6.575	14	ScrambledCars
-2.364	-1.677	6.315	-2.726	-1.298	-10.007	13.158	0.936	10.816	8.646	10.052	9.698	4.518	-2.244	-8.340	-12.951	-13.446	-5.646	-6.901	-13.693	-6.459	-2.082	-1.993	6.041	2.259	-6.580	9.044	8.473	14	Faces
-8.208	-6.050	-6.425	-6.263	-2.673	-5.096	9.715	3.312	18.653	17.726	-8.368	8.029	-4.107	-3.923	-4.734	-8.411	-8.954	-8.781	-2.088	-9.105	-3.170	-1.123	-3.650	4.399	6.441	11.927	13.984	10.967	14	ScrambledCars
-3.004	5.182	1.517	0.296	1.685	-8.614	7.598	-2.768	1.064	14.091	9.882	1.393	0.584	-6.373	-0.002	-3.212	-5.147	3.546	-0.330	-2.215	-2.396	2.004	-0.559	-5.247	-5.479	-9.973	1.904	-1.068	14	ScrambledCars
-7.211	3.534	6.347	-1.353	-0.829	-8.686	6.135	1.093	-2.328	9.549	32.096	2.794	-2.040	2.081	2.759	-3.355	-0.605	10.362	2.669	-3.603	-2.724	-0.021	-5.196	-1.249	-8.506	-5.698	-3.491	-2.162	14	Faces
-0.624	3.292	-6.724	-3.847	-0.819	-4.935	11.712	-2.153	9.798	25.212	21.666	14.118	-0.947	-5.382	-4.768	-10.308	-16.050	-3.610	-12.884	-8.458	-8.138	-9.835	-12.870	0.189	6.764	-0.379	10.699	10.980	14	ScrambledFaces
1.808	2.889	-11.003	-1.959	-1.835	-2.168	10.342	2.347	10.582	9.092	23.010	7.641	-3.633	-4.445	-5.331	-9.383	-4.610	-5.807	-1.697	-13.000	-7.787	-1.491	1.486	0.915	-3.840	-4.743	5.233	5.889	14	ScrambledCars
-11.632	-4.303	-3.632	-1.417	0.028	-1.271	12.934	5.131	6.976	19.001	21.305	9.373	-0.016	-4.742	-2.895	-6.498	-4.609	-10.056	-3.011	-13.943	-10.596	-0.926	-0.310	1.182	7.513	-4.027	7.344	5.450	14	ScrambledFaces
-3.168	-5.842	-7.938	-1.450	3.175	-4.919	7.226	-5.174	5.558	19.730	9.546	-4.618	4.067	1.506	-3.981	-3.276	-8.374	12.239	-1.248	1.302	-1.039	2.021	-1.759	-5.936	-4.562	-4.993	6.682	3.425	14	ScrambledCars
-0.716	-1.995	3.822	2.523	1.958	-0.115	-4.700	-12.670	-7.925	12.417	-1.486	-8.838	0.994	2.355	3.166	6.374	6.176	-8.220	5.574	6.829	-1.643	8.315	9.070	3.295	-1.642	-6.100	-1.422	-8.043	14	Cars
-8.642	-9.978	-5.550	-7.461	-4.654	-5.713	5.007	3.382	2.504	12.494	4.032	6.520	-2.451	-5.592	-2.151	-4.852	-0.100	5.687	2.641	-5.676	-5.044	1.735	10.399	2.284	-2.917	-2.719	11.601	4.179	14	ScrambledFaces
-8.173	-8.039	-9.541	-6.206	-3.144	-3.907	8.910	5.387	10.191	18.927	14.465	7.740	2.620	-5.929	-1.392	-3.213	-4.187	-19.844	-6.131	-1.032	-4.131	-4.903	-5.452	7.454	13.474	11.725	12.234	4.685	14	ScrambledFaces
3.008	-1.238	0.766	1.223	-0.023	-1.738	0.947	-1.949	-1.505	2.056	-1.087	4.926	-2.004	-1.995	-1.213	2.475	1.870	-3.125	-1.644	4.019	-0.419	3.277	4.664	3.081	-3.071	-13.229	-3.997	-0.900	14	Cars
-2.232	-7.108	-5.307	-0.064	0.211	6.370	13.365	8.096	7.637	18.698	13.559	3.020	-0.428	-4.708	-10.718	-6.282	-8.078	-1.567	-7.220	-2.151	-5.299	-5.590	-4.383	-0.696	-6.715	1.609	4.186	3.610	14	ScrambledCars
0.311	0.070	-2.243	-2.422	-0.814	1.498	7.845	7.223	7.873	11.177	0.639	-1.163	8.970	2.596	-2.188	-5.337	-4.263	-8.489	-2.208	-4.043	-2.915	-1.366	-5.817	1.644	5.364	-9.291	2.824	4.584	14	Faces
-3.544	0.720	-17.135	-3.251	-0.630	-1.793	6.360	3.116	8.784	14.578	8.681	0.552	-2.383	-6.183	0.784	-7.757	-5.309	-8.298	6.363	-3.184	-6.374	5.077	5.621	4.837	2.932	0.115	11.028	2.915	14	ScrambledFaces
-0.073	1.891	-10.799	0.594	1.679	2.413	3.955	0.053	1.188	13.328	-3.030	-4.666	-0.438	-0.853	-3.303	-6.025	-5.664	9.946	2.318	-4.684	-6.968	5.079	3.040	9.666	-2.554	4.050	4.812	0.972	14	Cars
-0.513	2.473	-8.374	-1.773	-2.228	-5.141	3.854	-5.380	-1.589	5.056	-7.426	8.609	1.923	1.274	-1.203	-4.693	-6.465	8.900	-1.191	-4.353	-3.550	0.349	0.773	4.078	6.795	-4.506	8.249	6.502	14	Faces
-3.155	0.701	-0.224	-3.256	-3.782	-9.210	7.186	-1.371	0.262	6.252	-4.677	-0.012	-0.245	-1.890	-1.283	-10.279	-4.439	16.678	5.780	-11.500	-5.033	6.664	10.647	-2.499	-0.951	-14.401	10.549	0.629	14	Faces
-2.341	8.204	-5.022	-1.041	-1.485	-4.268	7.225	-5.374	1.463	8.797	13.222	4.910	0.051	0.093	0.105	1.309	-6.626	-8.051	-3.310	-2.809	5.120	0.392	-4.028	6.486	-2.794	-0.341	8.238	4.637	14	ScrambledFaces
17.458	14.998	-4.662	6.086	3.858	3.608	-5.338	-13.999	-11.946	-2.967	2.908	0.312	-5.323	1.067	-2.615	5.017	1.357	13.220	1.018	4.044	6.154	1.952	0.020	-5.212	-8.145	-18.217	-5.750	-8.861	14	Cars
4.887	3.198	1.579	6.374	6.246	5.720	4.704	-0.850	4.061	11.872	-9.175	0.396	0.650	-1.934	-4.582	-0.256	-1.933	-8.396	-0.173	-0.875	0.581	-1.878	-0.015	-2.075	-9.201	-15.010	-4.322	-2.173	14	Cars
-3.538	-10.547	3.813	-6.187	-3.344	-0.825	3.185	4.318	9.292	10.523	17.034	9.704	-1.650	-3.403	-3.370	-8.739	-6.012	8.498	-4.459	-3.049	-8.696	-4.747	-5.553	-6.046	-1.951	5.753	3.104	2.156	14	ScrambledCars
2.659	-4.579	-4.037	-4.055	-4.340	-3.075	4.376	0.423	0.292	7.318	1.996	5.128	-4.734	-4.243	-3.507	-9.927	-3.876	-6.236	-2.689	-5.852	-6.330	-3.557	-5.803	2.161	4.506	15.139	7.830	6.525	14	ScrambledCars
1.312	-0.426	-0.370	-1.509	-2.964	9.216	7.619	0.558	6.028	10.945	4.580	-0.699	-4.067	-2.108	-0.562	-5.127	-6.932	-0.023	1.440	-3.651	-4.307	6.157	7.141	0.217	-2.350	-6.044	-0.021	-0.204	14	Faces
-0.836	2.263	-9.045	-1.694	-1.872	-0.014	2.297	8.853	4.297	10.855	3.557	6.411	-4.018	-1.168	0.615	-2.821	-1.091	1.932	-2.113	-5.329	-0.895	-0.645	-1.869	1.662	-4.288	-2.093	4.762	2.804	14	ScrambledFaces
-1.966	6.468	3.802	0.961	-0.911	-3.984	-2.255	-14.026	-3.901	1.282	1.982	-2.903	-5.555	-0.605	2.407	1.952	5.202	18.512	3.808	1.089	3.568	3.379	7.208	-0.469	-6.384	-14.086	-0.949	-2.667	14	Faces
-6.305	-0.122	1.849	-0.895	-1.049	-3.377	10.928	3.807	1.657	16.410	7.552	6.658	0.205	-2.837	-3.887	-7.336	-10.491	8.930	-5.452	-9.256	-3.434	1.224	-0.336	-2.198	-3.822	-7.140	8.044	2.908	14	Faces
-8.178	-11.928	-16.897	-6.094	-0.416	-5.888	14.820	5.716	12.166	20.041	13.120	11.858	5.796	-2.936	-13.882	-18.105	-13.750	-1.755	-8.328	-14.785	-9.449	-1.098	0.913	18.434	-0.201	22.570	16.758	11.252	14	ScrambledFaces
-4.084	-4.779	1.156	0.954	-1.698	4.783	3.964	-5.854	6.905	8.703	-5.583	6.866	-5.965	-1.617	-2.024	-2.664	2.950	1.876	3.106	-2.118	-6.352	1.969	-0.210	-5.581	-2.237	-5.972	3.049	1.628	14	Faces
-3.232	-9.580	-24.676	-2.456	0.781	-1.866	5.243	3.713	0.279	12.395	8.475	4.183	1.264	0.156	-6.047	3.078	-5.918	5.172	-2.700	2.196	-2.803	0.014	-2.014	0.843	2.244	-2.030	14.829	6.871	14	Faces
-5.060	1.944	2.815	1.583	0.485	5.275	11.642	13.398	18.225	33.272	14.947	-3.560	-0.423	-5.745	0.685	-3.982	-15.977	-3.212	-10.788	-3.889	-5.455	-10.656	-7.753	-2.114	-4.976	2.252	3.784	-1.335	14	ScrambledFaces
1.466	7.356	16.795	5.170	0.872	2.405	-6.579	-9.758	-9.459	-6.182	-15.326	1.789	2.446	-0.214	8.074	6.331	1.512	1.803	6.365	5.431	7.539	2.302	6.659	-6.972	-12.507	-15.951	-9.404	-8.969	14	Cars
-7.582	-2.212	-2.452	-4.423	-4.810	-5.635	6.248	-0.924	4.935	15.582	17.900	13.318	0.362	-2.817	-5.044	-6.650	-2.550	-7.754	-0.358	-7.082	-8.298	1.121	5.104	2.970	-3.998	14.235	13.642	14.325	14	ScrambledFaces
3.382	6.952	12.168	3.851	3.304	3.878	0.844	-2.116	0.115	2.086	-7.205	-0.792	-8.124	-3.650	1.970	2.772	-3.069	-1.018	5.616	-6.580	-3.226	2.492	4.603	-3.400	-3.553	-10.881	-8.494	-2.363	14	Cars
3.019	4.784	-15.547	0.880	-3.192	-12.790	-0.549	-14.929	-4.381	4.502	1.714	3.429	4.504	2.175	-1.784	-0.198	-1.256	-9.018	2.569	-3.907	2.295	4.501	3.203	10.949	3.035	0.261	2.833	1.287	14	ScrambledCars
-1.313	0.609	0.421	0.109	-0.477	2.866	1.885	-2.319	-2.915	-6.963	-1.440	-2.805	6.599	5.677	0.499	-2.587	4.239	10.722	0.701	0.837	3.628	4.677	-0.598	1.586	-1.363	-8.815	-4.227	-1.125	14	Faces
-2.460	2.016	-4.296	-2.032	2.230	-3.301	14.350	-0.502	6.194	18.675	1.730	7.796	-1.370	-5.104	-7.618	-6.602	-8.711	-10.433	-8.013	-7.864	-7.719	-5.707	-10.922	11.322	5.814	9.539	14.074	9.016	14	ScrambledFaces
-2.549	3.746	2.796	2.759	6.880	1.452	14.060	-5.539	6.022	5.637	-2.436	-1.981	2.394	0.583	-9.710	-4.279	-4.752	-8.131	-2.213	-7.911	-0.886	3.014	-2.383	8.130	-6.979	0.473	9.487	3.150	14	Faces
-13.361	-16.647	-17.341	-6.257	1.988	-1.201	16.284	10.807	14.075	14.513	9.386	7.001	-0.121	-7.495	-12.458	-13.330	-10.107	-10.768	-3.552	-18.595	-17.774	-1.248	0.664	6.590	6.525	21.228	24.210	13.607	14	ScrambledFaces
-0.393	-2.088	-2.394	4.339	4.598	5.065	0.957	4.361	0.319	-12.640	-0.875	-4.868	0.549	3.538	3.369	3.072	-0.128	5.749	2.793	0.158	4.185	4.076	10.934	-13.395	-5.607	-17.788	-7.402	-8.771	14	Cars
-2.998	-4.882	-12.790	-6.847	-5.417	-4.801	1.765	-7.203	-2.072	10.284	15.448	5.548	3.682	-2.406	0.074	-11.229	-2.105	6.614	2.333	-7.862	3.923	3.663	8.909	-0.477	3.118	-0.481	3.836	-0.565	14	Faces
-3.111	-10.248	-5.131	-1.201	0.932	1.548	9.951	0.019	8.780	2.442	22.162	4.180	0.097	1.928	-10.140	-7.088	-2.948	-10.430	-0.038	-1.261	0.554	0.483	-1.978	5.429	-0.144	-1.965	11.392	6.335	14	ScrambledFaces
-6.786	-5.363	1.071	1.605	2.908	2.474	9.502	2.632	4.598	7.155	0.069	2.528	-2.179	1.594	-1.894	-0.715	0.988	-1.352	-1.115	3.502	0.153	1.015	-0.990	2.695	-0.295	-3.596	4.420	-4.344	14	ScrambledCars
3.791	0.415	-6.416	3.539	1.643	4.694	0.192	-0.906	1.320	-10.563	0.901	-0.292	-1.297	0.060	-1.556	3.115	3.025	4.508	4.757	6.737	1.216	4.514	4.786	1.670	-5.990	-4.960	-4.540	-7.103	14	Cars
-3.577	1.018	-1.128	2.995	2.344	7.587	6.179	-3.976	4.145	5.559	-4.646	-3.514	-0.543	0.311	-0.492	-3.194	-1.168	3.817	2.321	1.908	-2.330	-0.505	-1.418	0.324	-2.972	0.297	-0.255	6.088	14	Faces
4.343	5.995	-15.151	4.404	5.425	-0.125	-0.950	4.407	-8.888	2.670	2.370	-2.013	-4.263	-2.823	3.430	0.165	0.819	2.720	2.054	1.246	-1.915	3.665	7.125	0.875	-1.069	-1.862	-6.683	-7.245	14	Cars
0.273	10.048	-5.027	7.042	8.142	6.350	1.724	1.615	0.781	-3.825	-6.985	-0.484	-3.310	-2.017	-1.127	-4.163	1.604	10.300	1.104	-6.616	-2.634	2.655	3.420	-4.821	-7.734	-0.829	2.281	-5.913	14	Cars
-3.904	2.482	-5.399	-0.219	-2.415	0.137	3.108	6.653	9.252	5.092	-1.615	3.955	-9.288	-7.951	-0.725	-3.188	-1.542	0.420	0.139	-10.597	-10.657	-0.782	-1.529	0.027	-2.883	7.049	2.923	4.997	14	ScrambledCars
-13.382	-11.521	-5.072	-5.489	-2.988	-4.551	5.306	1.926	4.550	5.303	8.648	9.136	0.746	-5.633	1.814	-8.632	-2.964	1.906	-0.152	-2.343	-3.608	0.968	-2.609	1.418	-0.913	-9.184	16.344	9.271	14	ScrambledFaces
0.783	-1.561	0.986	0.142	-3.285	-9.500	-8.813	-8.906	-12.191	-8.164	2.525	0.921	-0.598	-0.245	7.680	3.992	7.895	7.772	6.237	3.305	6.214	1.602	3.844	-4.655	0.458	-9.897	-10.862	-4.058	14	Faces
8.309	6.169	2.907	5.696	4.274	10.243	-8.564	0.015	-1.836	-13.936	2.080	-4.625	-14.345	-6.347	4.887	4.967	6.033	14.370	4.816	2.592	-2.925	-0.601	1.226	-11.086	-8.039	-15.251	-13.309	-6.640	14	Cars
-2.017	-3.450	11.047	-2.319	-4.040	4.467	1.058	3.736	6.463	11.420	2.460	0.141	-4.670	-6.394	1.768	-2.842	0.547	-6.685	2.479	-2.940	-10.642	-1.912	-2.269	-4.694	-0.671	-1.327	-0.549	-2.066	14	Faces
-1.900	-8.249	-3.413	-4.397	-3.110	-6.785	8.014	-6.644	6.558	19.471	16.730	8.245	4.332	-1.799	-11.373	-9.404	-4.261	-0.177	-1.766	-7.785	-13.326	-2.862	3.341	2.063	-8.366	4.671	11.975	9.639	14	ScrambledFaces
-7.083	-3.860	-1.649	-2.725	1.157	2.851	9.742	-4.058	2.534	17.814	-1.272	8.380	0.754	-3.702	-1.813	-14.066	-6.817	12.951	-2.907	-11.509	-11.553	-1.396	-2.763	5.539	-5.270	-4.765	6.643	7.959	14	Faces
-4.768	-4.359	-15.447	-5.143	-3.658	-0.505	8.901	7.114	13.801	25.853	15.315	5.666	-8.097	-8.579	-4.374	-11.110	-4.210	5.406	-3.719	-10.666	-12.903	-2.251	-6.516	7.955	6.694	0.574	12.398	5.746	14	ScrambledCars
5.048	11.809	4.731	4.641	0.045	-1.018	-4.461	0.940	-8.827	-11.491	2.535	-11.333	-4.681	-0.087	4.666	4.243	4.206	18.467	4.107	-0.214	-2.482	5.533	9.918	-7.921	-8.643	-17.723	-10.298	-6.091	14	Faces
-2.243	0.499	1.438	-3.084	-1.071	-13.709	0.575	-2.835	-4.724	4.095	4.667	-1.298	3.032	-2.073	-2.810	-0.005	1.327	8.132	3.427	0.668	0.590	7.343	6.185	4.517	-7.008	-1.413	6.274	0.695	14	Faces
0.334	5.653	-11.657	-0.052	-1.128	-2.851	2.691	-6.179	-6.073	4.084	13.296	0.189	-3.358	0.952	-2.611	-3.749	4.022	2.488	6.786	-1.877	7.137	7.100	11.895	6.175	-4.908	-9.734	4.835	-0.961	14	Faces
-2.448	0.980	-8.975	-1.327	-0.802	1.704	6.367	0.165	4.393	5.097	1.331	1.244	2.461	-2.151	-4.688	-8.506	-2.167	-11.232	7.674	-11.969	2.260	5.579	7.112	7.243	3.640	-1.521	13.362	1.249	14	ScrambledCars
-4.621	-1.567	-1.547	-0.734	-6.154	-7.116	0.364	-5.082	6.237	6.747	12.903	1.275	-13.518	-10.043	2.174	2.310	6.075	9.690	6.911	-5.119	-14.027	1.645	7.723	2.490	-7.552	-10.726	-0.260	-7.267	14	Faces
-2.627	-7.572	4.809	-1.351	-1.878	1.067	-4.594	2.508	-0.216	-7.206	-1.536	2.133	-3.579	-7.699	-3.349	-7.416	4.708	21.972	4.527	-8.244	-11.376	1.468	7.417	-2.280	-0.304	-1.500	-1.846	-0.949	14	Cars
-10.790	-16.223	-1.121	-7.288	-0.871	-0.323	13.094	7.757	14.293	28.847	11.497	12.350	-4.683	-5.561	-7.697	-10.865	-11.123	-3.680	-6.593	-8.884	-14.315	-5.984	-7.027	3.561	-4.342	5.146	14.707	16.441	14	ScrambledCars
2.031	-0.880	5.279	3.341	5.522	0.427	-1.321	-1.609	-3.603	-4.792	-10.296	-2.577	13.473	-1.722	-0.985	2.461	6.763	6.875	7.197	2.147	-2.995	4.508	4.822	-6.863	-5.725	-11.145	-13.859	-6.828	14	Cars
-5.788	-0.801	-9.225	1.804	1.997	5.472	8.343	0.518	4.464	13.329	-7.975	1.377	0.901	-3.095	-2.408	0.183	-1.238	-3.694	2.500	-2.822	-6.187	1.289	3.438	-2.691	-7.996	-6.615	7.866	-0.799	14	Faces
-1.284	1.044	13.845	4.153	1.057	2.509	-8.335	-4.003	-18.823	-5.583	-3.892	-12.039	-9.507	-3.089	4.978	8.946	13.243	10.627	14.766	11.002	1.682	4.953	8.138	0.156	-11.499	-12.809	-8.416	-3.548	14	Cars
-3.380	-3.097	5.445	3.786	4.118	-0.200	-2.147	-9.917	-7.267	-3.450	-15.541	-5.617	2.656	3.955	3.927	7.802	6.732	8.669	11.130	13.122	10.066	7.157	9.369	-2.286	-10.483	-9.641	-11.361	-6.234	14	Faces
2.293	3.976	-3.612	3.563	1.647	2.944	-0.095	-4.252	-2.533	1.090	-7.816	-1.564	-1.655	3.038	2.165	0.556	4.068	5.498	3.196	6.116	8.868	5.550	3.860	2.113	-7.908	-5.098	-5.468	-5.591	14	Cars
-1.393	-1.858	-18.697	-2.891	-0.363	-2.471	10.919	14.255	7.432	22.530	4.656	11.367	-1.117	-8.295	-11.643	-15.945	-15.323	-10.604	-6.950	-15.704	-10.673	-6.579	-11.070	9.244	5.914	27.316	20.886	12.461	14	ScrambledFaces
-1.040	6.685	-2.796	6.001	7.735	0.864	9.091	-3.574	0.495	0.956	15.938	-0.783	10.030	3.594	-2.559	-7.006	-1.651	-2.826	0.559	-2.867	0.590	3.319	-4.744	0.299	-4.140	-14.320	-2.288	-1.349	14	Cars
-2.509	4.046	-16.201	0.940	1.463	0.443	8.618	-0.152	6.262	1.663	-2.618	-4.808	6.339	-1.328	-4.056	-5.665	-3.761	0.171	2.341	-5.348	-4.346	0.384	0.320	1.047	3.729	2.168	10.104	6.572	14	Faces
6.370	13.522	8.738	8.899	5.286	9.682	3.718	-5.723	0.473	3.677	-20.609	-3.860	-4.136	-3.826	-0.453	4.379	7.077	-13.935	3.034	-2.509	-1.401	3.416	2.427	-9.544	-6.860	-5.718	-12.141	-6.209	14	Cars
-10.547	-2.125	-9.634	-2.750	-2.217	5.726	7.985	8.859	9.815	-1.026	11.723	6.158	-7.795	-12.653	2.048	-10.467	-0.291	6.603	3.187	-19.610	-10.887	2.717	5.878	4.117	0.405	-1.455	2.265	1.776	14	ScrambledCars
4.237	5.816	3.059	5.802	3.980	1.620	-4.220	-13.973	-9.892	-2.960	-13.806	-8.645	-1.123	2.719	0.735	2.601	9.422	17.330	7.948	0.755	3.539	8.862	4.752	2.905	-10.683	-14.852	-8.490	-7.875	14	Cars
-3.713	-0.992	-4.793	1.071	0.210	0.246	9.334	5.814	4.563	14.946	2.042	2.451	7.300	-3.576	-3.764	-7.248	-7.886	-7.104	-6.604	-5.215	-4.503	-2.724	2.438	-3.208	-6.419	1.513	3.935	0.397	14	ScrambledCars
