FP1	F3	F7	FC3	C3	C5	P3	P7	PO7	PO3	O1	Oz	Pz	CPz	FP2	Fz	F4	F8	FC4	FCz	Cz	C4	C6	P4	P8	PO8	PO4	O2	ID	Condition
2.236	9.178	5.136	5.609	1.788	-0.458	-8.405	0.395	2.334	-6.452	-7.277	-5.287	-8.068	-7.997	4.315	3.703	0.411	0.786	-0.405	0.585	-3.542	-4.123	1.754	-5.530	1.297	1.078	-2.133	-1.818	15	Cars
-2.221	0.849	-5.982	-0.874	-0.602	-4.528	-1.077	5.264	4.200	-1.088	-4.588	-7.616	-7.997	-7.412	-2.035	6.621	4.509	1.944	2.586	3.143	-0.534	0.712	3.710	1.111	6.960	7.707	1.634	-1.784	15	ScrambledCars
1.378	5.193	4.987	4.312	1.540	-4.828	-4.036	-2.560	1.326	-3.562	-5.157	-8.551	-5.946	-2.528	1.324	9.660	2.279	1.055	3.950	7.395	1.674	1.567	1.421	-0.550	-0.725	4.006	-0.217	0.840	15	ScrambledFaces
-0.552	1.176	-0.787	-0.279	-1.068	-6.327	-8.070	-7.890	-2.165	-6.412	-2.582	-0.619	-3.241	-0.329	2.075	6.224	6.123	4.716	5.993	6.669	1.946	3.399	6.579	-0.429	3.144	2.320	3.470	2.340	15	Faces
2.040	2.431	5.678	1.567	-2.557	0.855	-2.462	14.858	9.811	5.768	5.447	0.091	-4.747	-2.334	-2.158	4.936	-4.427	-6.477	-5.635	2.486	-1.607	-9.471	-9.778	-5.642	-5.656	-1.767	-0.298	-1.063	15	ScrambledCars
-0.287	1.998	6.835	-1.068	-1.764	0.418	-0.076	5.000	4.721	1.980	0.495	-5.093	-5.770	-6.738	8.380	4.543	3.747	1.938	1.227	-3.605	-7.552	-4.556	-1.457	-8.297	-5.282	-7.550	-4.435	-4.602	15	Faces
4.521	-0.669	-1.304	-2.570	-4.409	-2.248	-6.637	1.786	0.272	-0.122	1.779	-0.881	-8.375	-8.432	2.120	2.059	-2.114	-0.709	-1.712	1.718	-5.266	-3.231	0.442	-0.443	4.630	3.188	0.113	2.916	15	ScrambledCars
0.242	-7.053	-11.492	-4.768	1.094	1.338	6.319	18.844	17.243	7.938	3.946	-0.423	4.392	9.484	-3.655	-3.501	-5.636	-3.731	-1.806	1.678	4.369	1.583	-5.057	2.390	-1.287	0.888	3.677	-0.522	15	ScrambledFaces
8.773	-5.251	7.245	-6.757	-8.164	-1.324	-6.482	1.911	-1.863	-6.906	-2.569	-3.140	-12.961	-8.920	13.418	0.435	5.858	2.601	-0.727	-5.907	-7.788	-3.208	0.159	-9.567	-4.357	-4.437	-5.831	-3.017	15	Faces
4.081	3.624	4.744	3.040	1.979	-2.619	-4.269	-7.603	-9.233	-6.184	-3.541	-5.326	-8.163	-6.637	7.297	6.434	3.685	3.038	2.150	-0.049	-1.191	-0.567	2.385	-4.936	-1.778	-1.103	-4.939	-1.856	15	Faces
2.802	0.319	5.024	0.792	-2.260	0.956	-5.507	4.467	10.719	-4.200	0.578	-7.107	-7.063	-4.024	10.047	-0.254	-4.599	-1.164	-6.099	-3.822	-2.457	-6.411	-3.604	-5.875	2.431	3.718	-2.658	-0.404	15	ScrambledCars
-5.977	-11.100	-8.998	-4.858	0.368	0.731	4.318	13.281	12.218	9.802	5.840	0.348	5.815	-1.355	-3.439	-11.474	-11.676	-3.111	-5.889	-4.756	-0.860	1.747	1.204	7.617	5.334	6.639	7.985	3.993	15	ScrambledCars
6.378	2.598	0.982	0.161	-6.325	-2.672	-10.671	-8.695	-7.679	-7.094	-6.183	-5.486	-6.009	-4.320	14.884	7.721	10.495	7.299	7.907	8.720	-0.338	3.132	3.217	-5.797	-11.232	-10.622	-5.949	-5.948	15	Faces
2.454	3.250	2.025	0.386	-2.724	-6.946	-1.124	-10.737	-7.393	-4.028	-7.019	-8.897	0.204	1.334	7.525	4.714	4.238	4.578	6.297	7.651	2.525	2.355	2.072	5.531	-1.892	-3.855	-1.041	-5.038	15	Cars
5.769	0.113	10.395	-0.215	-3.591	1.410	-7.524	3.436	0.296	-5.400	1.761	-0.584	-8.026	-11.396	5.225	0.476	-4.489	-2.906	-4.723	-4.069	-7.697	-5.384	-1.399	-7.821	-2.903	-1.015	-2.278	1.429	15	Cars
-1.495	6.136	0.030	7.218	8.219	7.425	5.596	-0.990	-8.106	-0.237	-4.850	-5.433	6.544	10.178	-0.003	6.909	4.901	2.259	6.820	7.779	11.106	2.834	-0.327	1.078	-12.641	-8.720	-2.019	-4.491	15	Faces
-2.491	-0.004	-4.243	-0.272	-3.179	3.749	0.970	-3.351	3.929	5.662	9.246	5.846	3.356	-0.693	-9.084	-9.193	-7.206	-2.865	-5.223	-7.039	-2.124	-1.098	2.548	6.266	5.584	3.981	6.739	8.244	15	Cars
-2.733	-1.875	0.219	-2.754	-4.181	-1.024	-3.347	6.635	14.166	1.642	2.495	-3.095	-7.463	-5.932	-0.525	0.104	8.790	0.377	3.157	-1.661	-4.104	-2.314	-5.200	-3.721	-2.145	2.627	-0.479	-0.084	15	ScrambledFaces
4.042	3.161	1.972	-1.607	-2.677	-4.288	-1.744	-0.940	-0.868	3.190	1.663	-2.264	-1.407	0.313	-2.015	5.342	7.385	-1.060	1.490	4.876	0.750	-3.202	-7.135	-5.092	-8.921	-7.441	-2.122	-6.181	15	Faces
-3.113	-4.905	-1.594	-5.732	-7.075	2.912	2.727	8.210	6.546	11.035	6.201	1.749	1.075	-2.276	-2.154	-6.846	-7.389	-3.563	-4.718	-6.829	-8.739	-3.849	-3.252	3.229	3.130	4.343	2.473	3.044	15	ScrambledCars
1.482	7.807	-0.054	6.792	4.696	2.174	-0.808	-5.831	-6.072	-4.217	-5.849	-7.941	-0.135	2.092	3.580	8.355	7.136	2.086	3.480	6.172	3.310	0.786	-3.695	-4.262	-6.891	-6.888	-7.359	-8.878	15	Faces
-0.353	-5.148	-3.291	-4.844	-3.434	-1.985	2.073	3.627	1.977	2.891	-0.977	-3.945	1.387	1.232	3.679	2.141	-5.797	-0.712	-0.501	-2.758	-2.732	0.360	-1.797	2.992	2.414	3.529	5.333	-0.950	15	ScrambledCars
-6.952	-0.821	-7.049	1.737	1.070	0.075	-2.942	-2.566	9.674	0.501	-0.908	-0.573	0.207	2.581	-7.881	4.656	4.290	0.827	5.508	10.559	2.576	5.486	0.140	3.438	5.705	7.082	7.073	2.689	15	ScrambledFaces
-3.640	-10.360	-4.625	-9.753	-7.247	-3.907	0.211	2.924	4.672	4.809	5.773	3.602	-0.407	0.122	-2.862	-12.474	-3.903	-0.691	-2.696	-8.395	-8.285	0.529	1.248	6.307	11.739	13.202	11.186	6.936	15	ScrambledFaces
-8.575	-8.280	-9.345	-4.642	-0.494	-0.494	6.151	4.817	11.424	6.266	4.913	1.723	6.033	4.912	-3.254	-8.002	0.507	1.711	-1.651	-4.806	-2.205	-0.392	2.820	11.191	4.123	4.898	7.278	2.730	15	ScrambledCars
1.535	-6.561	-8.458	-3.804	-2.364	-3.700	-2.900	-1.506	0.575	-0.935	-0.809	-0.455	-1.992	2.749	-4.789	0.282	6.887	1.687	1.938	4.201	0.808	2.665	1.847	3.328	5.905	7.448	4.417	3.582	15	ScrambledFaces
-5.273	3.134	2.483	1.179	-0.257	3.635	6.680	4.081	-1.094	7.332	2.536	-5.830	4.593	2.206	-7.940	4.791	4.323	-1.112	-1.332	2.711	-0.584	-1.384	-1.621	0.098	3.478	-1.949	1.492	-4.430	15	ScrambledFaces
-12.494	-0.841	-7.238	-0.639	-1.515	-0.141	5.902	6.908	3.337	7.887	4.799	3.571	3.139	-0.467	-8.045	1.324	3.511	-1.233	-0.876	-3.092	-3.367	-2.919	-6.269	6.087	5.489	8.658	6.725	5.183	15	ScrambledFaces
6.381	2.564	2.846	0.644	0.981	3.435	0.243	-3.563	1.370	-3.847	-5.694	-7.503	-5.800	-2.051	8.407	5.004	3.399	3.187	4.277	1.898	1.666	2.553	2.525	-7.031	-5.443	-7.026	-7.869	-10.556	15	Faces
-3.529	-8.409	-8.777	-4.768	-5.782	-4.810	2.833	10.593	15.249	8.596	10.699	10.348	0.611	-4.978	-8.448	-34.137	-4.954	-2.615	-5.865	-2.497	-4.857	-4.514	-0.776	3.167	8.370	15.303	12.254	14.019	15	ScrambledFaces
8.912	1.077	7.132	-0.926	-2.460	1.716	-9.951	-1.539	0.408	-6.654	-1.818	-3.264	-14.356	-16.464	8.555	-1.931	0.725	0.146	-2.787	-7.303	-8.366	-5.391	-0.112	-11.505	-0.326	1.708	-5.396	0.309	15	Cars
-2.222	6.395	2.015	5.910	2.814	-1.031	-0.533	4.062	6.026	-1.765	0.405	-4.255	-5.971	-4.780	0.640	8.894	5.502	1.407	1.494	5.468	-0.262	-2.250	1.108	-3.255	-4.825	-3.236	-4.685	-2.416	15	Faces
-11.670	-7.922	-4.456	-7.284	-2.571	2.175	6.179	11.869	13.398	5.762	8.752	6.030	0.620	-3.855	-7.171	-5.374	2.068	-1.436	-1.543	-9.451	-5.234	2.187	-1.165	4.526	3.551	5.525	4.433	4.448	15	Faces
-2.238	-7.811	-3.127	-0.786	4.641	-2.229	7.721	16.341	16.210	13.608	9.964	5.872	0.544	-1.145	-10.335	-8.988	-11.268	-7.160	-10.117	-6.356	-2.315	-4.936	-4.127	-1.850	8.015	8.590	6.230	6.203	15	ScrambledFaces
-2.571	-2.426	-1.115	-0.029	-2.390	8.839	3.954	6.671	8.936	4.741	2.570	3.835	-6.752	-9.915	0.390	-6.432	1.144	-0.997	-4.736	-10.136	-11.735	-5.645	-3.602	-1.672	-1.125	-0.800	0.974	-1.789	15	Cars
4.594	0.335	-3.337	0.330	-3.764	-1.934	1.083	6.268	7.820	5.764	4.234	-5.725	-4.162	-4.317	12.452	4.517	-2.746	2.015	-1.677	6.202	-2.971	-2.385	-0.846	-3.753	-8.467	-8.245	-1.664	-8.909	15	Cars
2.802	8.623	5.771	10.868	8.362	7.991	0.632	-2.427	-3.848	-0.935	-4.008	-7.776	-6.176	-2.287	2.631	7.317	5.738	2.431	4.089	9.352	6.873	4.168	2.018	-7.336	-6.096	-9.361	-8.495	-10.443	15	Faces
3.091	0.651	-2.842	-0.455	-4.871	-6.058	-1.556	5.799	10.620	5.116	7.310	1.792	-6.276	-8.229	-3.319	2.283	-3.654	-3.737	-5.573	-0.446	-4.415	-6.639	-3.761	-3.299	0.270	2.734	1.618	5.503	15	ScrambledFaces
0.646	0.914	2.787	-1.485	-6.185	-0.302	-8.860	3.543	6.609	-4.040	-0.777	-4.568	-11.441	-8.621	9.213	3.252	0.199	1.176	-1.810	0.285	-4.363	-4.378	-0.112	-2.702	3.654	2.779	-2.721	-2.545	15	Cars
-2.984	-3.470	-5.985	-1.557	1.647	-4.539	4.840	4.078	0.758	6.176	1.069	-0.756	3.239	-1.639	0.930	-2.585	2.059	2.912	2.657	-2.521	-1.184	0.585	1.446	1.711	4.757	4.222	5.588	1.817	15	ScrambledCars
-8.115	-4.751	-10.661	-2.397	-4.096	-1.394	-2.876	-2.276	4.184	-0.482	-2.817	-3.319	-2.003	1.939	1.708	2.185	11.047	7.982	8.819	-0.093	-0.871	9.821	9.748	6.342	2.852	4.309	1.959	-0.529	15	ScrambledCars
4.901	2.775	-0.337	6.097	5.138	2.037	1.868	-3.945	-6.069	-0.376	-7.150	-7.951	1.372	8.172	5.121	4.762	-0.093	1.494	0.547	7.636	6.780	2.313	-0.507	-0.615	-2.572	-5.701	-4.260	-9.142	15	Cars
2.777	0.214	3.019	-1.436	-5.463	-6.627	-8.438	-10.481	-9.481	-8.070	-10.849	-9.793	-1.873	4.105	9.440	6.239	9.058	6.387	5.802	4.438	-1.159	5.465	5.233	-2.342	3.873	-3.417	-4.158	-6.579	15	ScrambledCars
-2.971	-4.054	-3.338	-7.900	-6.582	-4.697	-1.644	-7.326	-1.505	4.475	-1.305	-1.743	1.886	2.028	1.795	-1.017	0.620	3.049	3.717	-5.493	0.064	5.200	3.120	6.752	6.297	6.406	5.759	2.209	15	ScrambledCars
-4.794	1.944	-1.147	0.852	0.973	-1.035	2.145	15.082	14.148	5.361	4.211	2.057	-7.379	-9.887	-6.776	1.459	0.909	-2.434	-2.746	-4.148	-7.758	-5.382	-0.758	-6.075	3.439	4.849	0.851	2.329	15	ScrambledFaces
-2.888	0.233	0.565	0.688	-1.194	-4.620	1.125	3.177	2.856	3.475	3.576	4.653	-2.190	-2.187	-7.644	0.882	2.001	-1.516	1.386	-2.706	-2.280	1.605	-0.301	2.240	-1.451	0.252	3.888	-1.176	15	Faces
-5.768	-0.966	-2.451	0.052	1.967	-1.411	8.921	9.437	13.265	10.697	7.386	7.523	7.598	5.004	-11.225	-18.502	-9.427	-7.648	-7.769	-8.302	-4.060	-5.238	-10.711	3.731	0.878	7.348	7.698	8.891	15	ScrambledFaces
5.073	-1.547	-7.045	-1.256	-1.794	0.250	-0.228	-4.658	3.177	2.446	1.164	-4.446	1.101	4.878	5.200	11.164	6.794	2.489	3.026	9.145	4.433	0.954	-4.747	-5.816	-6.285	-10.041	-3.095	-9.194	15	ScrambledFaces
-9.224	-9.824	-16.119	-4.720	1.966	-3.432	14.057	1.305	4.441	11.584	5.869	2.037	10.634	7.631	2.385	-6.696	5.308	6.820	6.296	0.953	2.880	5.261	3.713	3.496	-0.877	3.098	2.946	2.328	15	Faces
9.178	8.490	3.871	5.275	1.297	0.801	-5.596	-1.995	-0.376	-7.099	-6.934	-7.444	-8.937	-2.445	3.539	34.555	-0.431	-0.678	1.522	6.079	1.092	-3.433	1.533	-5.805	-2.539	-9.757	-6.458	-9.742	15	Faces
4.814	1.340	3.018	3.165	2.777	7.784	2.138	11.620	6.030	5.214	9.765	1.154	-3.753	-8.813	-9.321	-5.583	-8.708	-8.733	-6.270	-2.287	-2.828	-6.850	-6.912	-5.117	-5.970	-0.376	-3.088	2.790	15	Cars
-2.384	2.676	1.989	-0.460	-5.563	-8.962	0.687	8.236	10.632	7.563	13.821	7.729	-6.201	-13.844	-8.318	1.391	-2.212	-4.003	-4.152	-5.212	-7.179	-8.865	-2.351	-3.403	4.274	7.704	4.220	8.742	15	ScrambledFaces
-15.156	2.301	-0.908	1.901	1.152	5.832	4.870	13.413	16.843	5.854	5.219	-1.940	-1.443	-1.925	-3.817	3.471	8.626	0.911	0.247	1.189	-1.823	-3.887	-2.334	-2.779	-2.518	1.230	-3.503	0.438	15	ScrambledFaces
7.140	1.389	2.193	-0.361	0.838	-2.675	-1.124	-2.624	0.675	0.978	1.184	-3.375	0.182	-0.259	5.654	-1.349	-1.688	-1.286	-4.878	2.305	-1.678	-4.632	-4.764	-3.586	-6.913	-6.707	-6.256	-7.669	15	Faces
-2.134	0.381	-2.416	0.779	-0.131	1.980	1.853	10.715	11.457	2.518	3.324	-3.249	-5.067	-8.186	-6.919	-27.804	4.187	-1.355	-0.402	-6.973	-6.034	-2.306	-3.229	-1.759	4.287	4.823	2.147	2.841	15	ScrambledCars
-8.971	-1.989	-7.338	-1.946	0.097	0.389	3.395	6.340	7.319	8.655	9.750	4.885	-4.222	-4.879	-2.270	-0.086	0.926	-1.171	-4.464	-4.047	-6.680	-5.530	-6.580	2.352	1.593	7.126	5.021	6.194	15	ScrambledFaces
-3.249	-7.167	-6.075	-6.718	-3.291	-3.257	1.850	1.594	6.942	6.988	10.923	7.478	1.895	2.502	-4.645	-6.590	-1.012	-1.486	-0.847	-3.060	-0.496	0.265	-2.648	1.331	-1.020	1.588	4.165	6.959	15	Cars
-2.003	-10.626	-8.224	-10.358	-5.862	-4.369	4.133	3.927	11.279	6.306	9.294	7.666	5.775	3.011	-6.990	18.970	-12.970	-7.757	-11.086	-5.101	-2.354	-4.167	-7.996	6.618	7.876	12.180	14.478	10.913	15	ScrambledFaces
-2.254	-1.849	0.288	-2.968	-0.806	4.237	6.618	3.105	7.193	8.479	9.595	3.837	4.168	0.861	-8.465	-6.339	-7.693	-4.829	-5.177	-7.136	-8.574	-2.001	-2.112	3.314	1.438	2.883	5.272	4.588	15	Cars
0.836	3.125	-5.077	4.955	-0.131	-2.873	-1.260	-1.874	1.071	-3.477	-1.600	-1.173	0.251	0.653	0.139	2.183	-3.540	-0.341	-0.066	4.888	1.295	-0.828	-1.413	3.369	5.945	5.265	5.453	3.009	15	ScrambledCars
-0.595	-0.243	1.508	-8.270	0.580	1.316	3.746	7.978	10.088	7.985	7.332	6.269	1.382	0.518	-6.311	-3.505	-9.913	-7.630	-7.547	0.672	1.023	-4.619	-8.457	0.710	-5.119	0.416	4.884	7.156	15	Cars
-5.607	-2.854	-1.688	-0.153	-2.070	-11.495	-0.466	6.864	10.617	3.637	14.458	3.919	-5.844	-7.871	0.592	-3.561	2.485	1.093	1.355	-7.235	-5.615	-3.967	-0.835	0.166	-1.856	3.719	3.841	5.774	15	Cars
-3.850	-11.721	-10.908	-14.369	-10.037	-11.327	-4.893	5.865	3.889	-0.749	3.409	11.257	-6.803	-8.482	-0.505	-6.593	1.298	1.229	-0.834	-13.577	-11.408	-0.662	2.753	3.091	9.716	13.053	8.118	12.931	15	Cars
-9.818	-7.769	-5.215	-5.655	-5.017	0.420	3.593	10.930	14.121	6.734	11.381	3.524	3.071	-0.723	-7.390	-10.790	-2.359	-2.751	-0.681	-6.402	-4.513	0.620	-3.669	5.676	3.146	7.833	10.624	5.189	15	ScrambledFaces
-7.563	-3.716	-1.089	-3.578	-2.223	2.549	7.795	15.093	14.849	8.800	7.850	5.521	0.267	-1.288	-5.555	-15.105	-8.955	-5.410	-6.894	-13.914	-10.652	-3.152	-4.912	3.803	3.365	5.567	4.476	7.949	15	ScrambledFaces
-4.453	-1.826	-3.026	-1.822	-0.991	2.108	9.033	16.040	20.505	14.902	14.865	9.610	0.984	-3.815	-3.426	-5.526	-12.375	-6.432	-9.778	-3.654	-5.081	-8.971	-7.036	-3.804	-3.175	-0.664	3.195	5.368	15	Faces
4.550	-0.531	-4.132	-3.243	-2.950	-0.608	-4.909	4.570	7.699	-0.482	2.050	0.236	-9.827	-5.826	3.184	2.559	1.339	0.952	4.738	5.155	-0.838	0.446	0.433	-5.508	3.004	-1.731	-4.423	-2.286	15	Cars
-2.327	0.388	-4.882	0.203	-3.179	2.747	-0.521	7.865	12.355	3.953	10.686	0.664	-9.170	-11.633	1.064	-0.110	-1.427	-0.257	-3.860	-2.657	-7.118	-7.107	0.556	-6.524	3.466	3.515	-1.111	3.978	15	ScrambledFaces
-1.510	-2.713	-4.203	-1.570	-2.943	-3.847	3.092	13.386	10.363	8.785	7.424	1.710	-3.139	-6.790	-5.302	-1.981	-3.819	-3.910	-4.856	-5.390	-4.890	-7.256	-4.565	-3.170	8.205	11.240	1.317	6.770	15	ScrambledFaces
-2.175	-1.872	6.641	-1.888	-2.910	-2.295	3.474	16.334	16.994	10.917	11.685	5.106	-8.039	-10.933	-6.407	-8.608	-11.228	-9.295	-12.998	-11.679	-11.034	-12.431	-9.917	-3.897	2.727	10.518	5.641	6.698	15	ScrambledFaces
-3.825	-0.248	0.555	0.631	-0.507	1.392	6.248	5.378	14.279	10.126	11.058	6.128	0.489	-0.570	-4.292	-31.629	-0.867	-0.946	-1.031	-3.603	-1.890	-1.387	-2.274	-1.197	-3.832	-0.686	2.374	0.809	15	Cars
-6.432	-10.213	-4.239	-5.926	-4.192	-4.124	7.347	11.063	12.181	13.450	18.368	13.105	6.032	-1.344	-0.554	-23.542	-19.787	-5.407	-11.836	-16.320	-3.535	-2.998	-3.850	7.543	6.392	16.569	17.758	15.620	15	Faces
-3.911	-4.517	-0.044	-3.692	-1.112	1.325	3.810	5.469	2.588	8.122	6.407	3.750	-0.558	2.035	-6.170	-4.267	-2.303	-2.830	-2.360	-0.050	-3.145	-0.960	-2.887	0.944	4.207	7.908	4.434	3.738	15	ScrambledCars
2.620	1.809	6.899	2.034	1.266	9.052	3.271	-2.002	5.290	2.166	-2.427	-1.644	1.833	4.311	-4.717	1.186	1.412	-2.578	2.173	2.964	4.204	0.561	-3.890	-4.303	-8.600	-5.671	-3.020	-3.099	15	Faces
-0.998	-2.891	-1.295	-2.838	-4.533	-3.362	-0.010	-1.420	2.997	2.304	3.970	4.712	4.581	1.626	-0.866	-3.287	-1.017	-0.692	0.857	-0.335	0.158	1.599	-1.906	3.259	-1.793	-1.210	0.269	3.516	15	Faces
0.711	1.303	9.665	-1.497	-6.211	-0.624	-2.538	5.084	6.513	-2.266	3.495	3.171	-11.574	-9.998	1.185	-2.919	-1.939	-2.162	-1.049	-7.727	-9.997	-5.175	-1.383	-7.978	3.507	3.289	0.400	3.421	15	Cars
-0.569	-1.470	-3.282	0.471	5.695	-1.511	5.435	-7.507	-4.777	6.554	0.828	-3.949	9.405	8.765	-0.643	2.093	1.492	1.608	3.236	9.228	6.455	3.739	-1.601	3.016	-5.529	-4.277	1.822	-1.672	15	ScrambledCars
-1.500	5.636	0.810	7.943	2.337	2.401	3.734	1.687	-2.385	1.341	-0.268	-9.064	-0.064	5.519	5.334	7.034	5.074	3.156	5.275	10.060	5.226	0.562	-1.747	-1.747	-4.900	-2.349	-3.199	-8.818	15	ScrambledCars
-4.543	0.661	-3.534	0.712	-2.141	-2.515	0.190	2.568	7.525	2.570	3.891	0.056	-0.482	0.486	3.548	0.591	-4.862	1.039	-2.493	3.350	-0.338	-0.397	2.986	0.351	4.285	3.103	1.143	1.207	15	ScrambledCars
-0.220	-0.234	-5.016	2.782	6.006	2.309	4.946	-5.187	0.673	4.466	-5.218	-7.683	6.977	8.845	3.187	3.505	0.776	3.816	2.828	5.085	6.671	5.282	4.048	3.813	-3.585	-4.871	0.278	-8.461	15	Faces
3.519	2.697	10.877	2.707	3.487	1.051	1.851	-9.676	-7.327	2.385	-4.225	-5.483	2.472	6.502	4.273	1.659	5.653	3.149	7.624	3.462	2.597	3.403	1.080	-1.113	-10.091	-12.972	-7.518	-7.213	15	Cars
-4.383	2.633	-4.214	1.898	-2.924	3.754	-1.505	10.246	5.779	3.560	4.214	-3.529	-2.871	-5.071	-3.230	3.276	2.035	-1.906	-1.014	0.679	-2.063	-5.519	-5.405	-0.739	-2.081	1.957	2.236	0.705	15	ScrambledCars
-3.896	1.347	-2.436	2.367	4.641	8.168	1.155	4.269	4.021	1.088	-1.594	-4.517	-3.525	-1.033	0.533	-2.255	1.350	1.248	2.585	-2.225	-1.899	-0.505	0.202	-1.473	2.797	0.364	-0.935	-0.134	15	ScrambledCars
-4.223	-22.810	-17.836	-17.545	-6.566	-10.320	7.522	9.129	15.025	14.579	13.360	5.896	7.181	4.503	-3.693	-12.807	3.571	2.459	1.064	-5.175	-0.535	5.714	1.191	7.762	7.505	7.819	10.759	6.775	15	ScrambledFaces
7.287	5.656	12.084	3.161	2.276	-1.737	0.689	3.244	1.508	-1.261	0.662	-2.855	-4.697	-3.262	4.023	-0.603	4.149	-2.468	-4.306	-2.989	-3.581	-7.648	-7.705	-8.693	-15.565	-12.361	-9.722	-2.453	15	Faces
-4.643	-7.645	-16.250	-8.157	-6.273	-6.355	6.483	8.602	14.033	11.957	14.851	9.113	3.333	1.014	-3.214	-6.138	-6.582	-2.233	-4.878	-5.189	-5.277	-3.145	-4.317	0.654	6.333	7.669	5.739	7.974	15	ScrambledFaces
-2.040	-7.948	-4.608	-4.256	2.863	4.537	3.852	8.675	6.297	6.933	7.650	6.498	4.943	1.139	-4.485	-8.675	-3.061	-2.276	-3.882	-6.835	-1.905	-4.165	-1.860	-2.236	2.706	1.103	2.755	5.031	15	Faces
4.023	4.056	6.905	1.027	-4.156	0.195	-5.463	-2.945	-6.618	-5.084	-4.563	-5.585	-3.211	-4.522	5.362	4.681	0.090	-0.882	-0.493	-1.575	-4.792	-1.864	-3.538	-2.843	-2.631	-2.374	-4.308	-2.640	15	Faces
-2.467	6.143	-3.185	3.758	0.238	3.725	2.569	7.247	4.104	0.482	-1.582	-6.268	-3.328	0.057	-4.567	5.503	9.595	1.956	7.881	4.479	-0.629	2.293	1.504	-3.858	-2.764	-3.700	-7.319	-6.580	15	Faces
12.055	3.782	3.159	0.426	-4.588	-0.663	-4.043	-8.192	-12.773	-8.839	-9.693	-10.013	-1.748	4.878	6.323	7.542	10.418	3.882	6.926	1.603	-1.310	0.833	0.648	-2.140	-6.740	-8.539	-5.268	-11.376	15	Cars
-3.932	2.633	2.991	7.655	12.178	9.219	11.525	0.708	1.980	10.780	1.018	1.274	10.837	9.663	-8.698	5.579	-9.416	-5.154	-5.963	5.528	9.152	-2.479	-4.516	0.724	-1.477	-0.621	4.621	0.093	15	Cars
-5.831	-1.362	-4.507	-3.183	-4.859	-8.047	-1.014	-1.784	4.016	4.064	8.372	7.991	3.714	4.532	-9.141	-5.407	-1.919	-1.683	2.502	1.230	-0.285	2.965	-0.466	5.611	1.463	2.795	8.505	7.177	15	Cars
2.795	1.289	0.012	-0.089	-0.141	1.451	-7.452	-2.224	2.021	-3.198	-2.483	-6.530	-7.615	-3.448	11.271	4.360	5.180	4.336	3.742	8.665	-2.812	0.286	0.764	-4.680	-6.601	-4.757	-2.894	-4.325	15	ScrambledCars
-2.834	2.186	-4.570	-0.713	-5.783	-6.385	-4.738	-4.944	-7.965	-3.611	-5.268	-5.272	1.628	5.224	3.006	3.904	5.144	5.352	9.768	4.211	2.434	7.534	4.954	6.148	6.941	3.906	4.092	-3.046	15	ScrambledCars
1.450	-1.121	1.583	1.291	2.673	6.133	6.960	1.460	1.031	4.993	2.156	2.819	3.977	-0.036	-11.044	-5.215	-7.484	-6.284	-3.799	-4.474	2.080	1.941	-3.616	6.502	-0.442	1.520	2.778	-0.303	15	Cars
4.285	0.663	-4.101	0.266	2.654	0.737	4.095	-1.446	4.581	6.383	4.314	-0.477	2.068	2.577	-1.488	2.529	2.674	-1.954	-0.622	0.494	2.294	-0.401	-8.613	-6.676	-9.677	-7.007	-5.763	-3.084	15	Faces
6.142	5.447	11.141	3.194	-1.100	0.413	-1.725	3.328	-2.170	0.230	0.413	-2.095	-6.974	-6.484	-1.334	3.150	-1.222	-3.529	-2.026	0.228	-4.088	-4.256	-2.773	-4.877	-6.572	-6.720	-2.284	-3.794	15	Cars
-0.437	-7.999	-7.718	-5.298	-1.458	-1.926	7.989	13.291	22.131	15.214	12.167	4.671	5.708	-2.489	-0.125	-8.876	-14.063	-6.251	-10.701	-6.922	-2.295	-9.624	-9.415	-2.491	-0.901	4.364	3.287	4.876	15	ScrambledFaces
-1.877	-1.523	0.439	-2.086	0.051	0.090	-1.895	-3.388	-4.559	-1.462	-5.784	-9.520	0.580	-3.110	-1.944	-0.547	10.643	5.318	11.823	1.662	0.781	8.012	8.381	2.217	-2.841	-2.855	-2.758	-6.903	15	Faces
4.316	3.440	-2.299	6.189	8.563	6.924	3.388	-1.346	-3.953	-1.427	-8.020	-8.164	0.875	7.094	-2.619	7.054	2.100	0.301	5.620	15.292	9.490	4.498	-1.116	1.862	-2.076	-3.173	0.466	-5.758	15	Faces
-0.601	-0.130	4.266	1.599	1.529	1.005	-0.442	-1.849	0.928	3.302	1.095	-0.625	-2.745	-6.444	3.350	1.185	1.117	1.713	0.392	1.640	0.160	-0.281	1.638	-1.993	-0.878	-1.990	0.067	-1.111	15	Cars
2.272	1.116	5.815	0.772	-2.183	-1.367	-4.045	1.242	-1.049	-2.090	-3.246	-2.201	-1.938	-5.150	2.998	2.061	-5.283	-2.264	0.008	1.436	-0.320	-0.773	-2.776	0.273	-2.548	0.166	1.827	3.300	15	Faces
2.815	3.139	8.155	0.109	-1.552	1.793	-1.863	1.472	-0.585	0.793	-6.160	-8.880	-0.925	3.906	3.044	1.269	1.106	0.487	1.962	-0.518	-0.475	0.733	1.480	-2.298	-4.152	-3.021	-4.763	-5.859	15	Faces
-7.228	-7.719	-15.031	-4.017	0.233	3.527	1.139	-0.549	-1.418	7.643	0.870	4.216	6.147	5.792	-1.847	-1.835	0.653	1.628	1.224	-0.704	2.287	4.091	-1.589	4.361	3.528	3.136	4.805	3.554	15	ScrambledFaces
3.270	-1.520	-7.351	-0.272	0.662	-3.193	-2.302	-5.240	-3.098	-1.259	-5.829	-10.613	1.773	8.265	7.896	3.922	2.892	5.939	4.924	11.602	8.115	7.042	5.825	4.773	0.952	1.691	3.837	-7.231	15	ScrambledCars
-0.732	0.512	-2.888	-1.969	-5.913	-6.361	-2.663	-3.173	-3.216	-6.565	-1.404	-2.129	-2.797	-0.350	12.403	3.837	11.195	8.011	7.079	-1.389	-4.777	2.128	4.394	0.329	-7.737	-6.659	-2.738	-4.324	15	Faces
2.806	6.900	2.047	5.828	2.680	-2.073	-5.578	-10.065	-6.924	-4.303	-8.481	-12.868	-5.923	0.593	8.762	11.227	9.714	6.680	8.656	6.937	3.588	3.377	3.487	-4.367	-2.454	-6.489	-4.575	-9.355	15	Faces
0.028	1.436	-4.135	-0.001	-3.485	-7.415	-7.096	4.785	5.141	-3.459	1.795	-1.230	-3.064	0.597	1.663	5.977	5.087	1.111	1.384	5.076	-0.984	-0.511	-0.837	-2.862	-1.669	-0.981	-1.628	-2.514	15	ScrambledCars
-4.107	0.155	-1.610	-1.070	0.179	6.360	0.446	2.544	4.112	2.214	0.432	1.907	1.053	0.741	-2.756	0.006	0.281	-0.476	-1.087	0.927	-1.066	-0.424	0.598	-1.303	0.355	-2.124	-1.093	-0.208	15	Faces
0.457	-0.561	3.227	-0.962	-1.200	3.812	-2.976	7.757	4.835	-1.127	-0.528	-5.220	-8.150	-4.509	6.842	0.547	7.645	1.395	1.642	-1.022	-6.861	-4.145	-5.436	-6.435	-2.535	-1.897	-4.186	-5.757	15	ScrambledFaces
-5.060	-3.563	-3.576	-4.246	-1.427	8.549	6.257	6.752	12.012	3.864	3.164	2.800	-1.990	-0.604	-4.658	-2.680	-3.828	-3.433	-3.941	0.017	-1.770	-1.352	-4.323	0.986	2.401	4.301	4.871	4.482	15	ScrambledCars
-0.104	5.976	0.099	4.556	-1.359	1.852	-1.462	1.423	2.639	-1.271	-1.793	-5.211	-4.529	0.268	-1.662	7.267	9.501	0.368	1.899	4.249	-1.510	-4.749	-5.297	-3.918	-1.587	-2.251	-5.548	-5.450	15	Cars
-0.133	-2.627	3.830	-4.458	-1.890	1.929	-0.427	11.311	7.783	4.422	4.336	-0.827	-2.427	-1.745	-2.074	-4.104	-5.277	-4.502	-3.420	-8.148	-7.402	-5.210	-4.343	-2.788	-0.800	-2.798	0.494	2.235	15	Faces
-4.457	-3.559	-7.729	-6.164	-8.291	-5.881	-2.640	3.604	4.705	3.883	5.870	2.494	-3.067	-3.412	0.205	-3.246	0.919	1.593	-0.380	-8.127	-6.859	0.536	1.412	4.227	7.944	10.088	7.037	4.678	15	ScrambledCars
2.330	17.262	6.714	15.070	10.362	5.773	3.909	-4.151	-2.954	1.502	-4.837	-9.200	4.690	6.774	-4.396	13.887	2.014	-1.022	1.365	10.933	9.009	-2.856	-1.851	-1.602	-13.817	-8.137	-3.239	-8.709	15	Cars
-1.552	2.186	1.354	1.900	0.795	4.718	6.379	6.875	7.158	7.050	0.558	-7.744	2.921	-0.801	-2.517	3.663	-3.582	-2.729	-2.125	-1.146	-0.508	-1.265	-3.180	-1.244	-1.098	-2.508	-1.192	-3.872	15	ScrambledFaces
-1.019	2.673	-4.013	-0.159	-2.163	-4.130	-1.949	-3.096	-6.213	-0.776	0.563	-6.457	-4.348	-6.702	4.941	4.478	8.207	6.349	5.822	-0.474	-4.606	2.453	7.004	-0.731	-1.184	-1.530	0.470	-3.864	15	Faces
0.714	2.417	2.174	1.518	0.341	1.442	1.947	-1.860	-2.029	-1.668	-5.285	-5.942	-2.912	-4.716	13.907	1.559	7.466	7.113	4.531	-0.038	-1.947	-0.039	4.363	-3.843	-7.527	-12.270	-7.199	-7.681	15	Faces
3.329	-0.313	5.591	0.032	-3.208	0.178	-5.852	-3.837	-0.075	-3.894	-0.204	-2.990	-6.988	-10.363	2.082	-0.677	0.378	0.700	-0.945	-6.597	-6.716	-0.281	4.206	-4.490	3.573	2.348	-0.645	1.164	15	Cars
-1.715	-1.300	1.556	-5.348	-11.773	-7.944	-9.930	7.201	8.530	-0.175	3.321	-0.680	-12.651	-17.687	5.432	-6.223	-1.083	0.993	-4.690	-13.172	-15.150	-7.017	2.980	-2.991	10.460	10.849	6.708	4.742	15	ScrambledFaces
0.276	4.479	6.503	2.737	1.708	2.653	-1.524	-2.153	-1.720	-4.100	-0.791	-4.855	-1.407	2.646	-4.075	2.572	10.463	0.843	5.007	2.601	2.388	3.258	-0.610	-5.328	-5.017	-7.720	-5.529	-5.921	15	Cars
-7.258	-3.687	-6.024	-1.246	0.127	5.621	4.225	9.705	11.215	8.894	4.532	3.377	-2.516	-1.795	-3.200	-9.104	-0.364	-0.523	-1.985	-6.582	-6.710	-2.813	-1.987	-1.360	6.866	8.146	2.122	6.091	15	ScrambledCars
-4.081	-2.192	-6.774	-5.687	-7.429	-0.940	-4.723	4.146	3.141	-1.436	4.525	-1.748	-9.275	-8.941	7.269	2.289	6.100	4.867	1.886	-1.338	-7.943	-3.764	3.471	-2.660	6.016	7.495	0.591	3.631	15	ScrambledCars
-1.360	-8.395	-0.510	-4.897	-7.410	1.256	-1.047	3.078	2.350	3.358	4.746	2.079	-0.706	-6.699	3.828	-11.307	-5.862	-0.879	-3.119	-11.636	-9.851	-0.507	-1.502	3.130	5.555	5.481	7.263	5.758	15	ScrambledCars
-0.151	-11.629	-12.070	-12.132	-12.172	-16.038	-4.761	-1.311	8.608	4.539	10.564	7.291	-0.093	-5.592	1.581	-4.597	-3.738	0.255	-3.319	-5.901	-4.191	-1.868	-0.961	4.180	10.548	14.164	10.369	12.466	15	ScrambledFaces
-10.162	-8.774	-4.669	-10.878	-10.100	-9.925	2.905	6.599	13.765	4.358	5.808	0.442	3.925	-3.505	5.872	-7.704	-2.999	1.861	-2.852	-13.508	-7.007	-0.897	0.731	3.119	7.331	8.166	6.697	4.671	15	ScrambledFaces
-3.453	-1.445	-0.458	0.593	-1.235	6.255	0.908	6.666	7.116	5.862	5.911	0.259	-3.862	-2.734	1.355	0.224	0.102	0.385	-1.099	1.245	-2.160	-2.132	0.083	-3.537	-0.656	-0.141	0.850	0.875	15	Faces
3.243	8.037	-4.752	7.869	7.704	-2.774	-4.921	-7.056	-12.165	-7.516	-9.236	-12.382	-5.134	-0.649	8.108	15.084	14.606	8.759	14.739	13.821	8.665	7.840	4.937	-1.991	-8.005	-5.919	-6.723	-10.413	15	Faces
-1.094	2.116	0.446	1.175	-3.323	-0.700	2.935	12.078	16.188	8.583	9.823	2.105	-3.656	-12.495	-5.392	-2.262	-6.967	-8.174	-11.334	-4.781	-9.832	-17.020	-14.605	-4.564	-0.594	9.483	7.425	7.177	15	ScrambledFaces
-1.533	-3.250	-6.239	-0.192	0.562	-1.678	1.815	8.372	6.788	2.421	2.468	-4.458	-4.406	-4.334	0.658	-0.042	-1.200	1.594	-0.177	-0.645	-1.132	0.253	5.269	1.586	6.232	6.754	1.318	2.100	15	ScrambledCars
-1.995	4.309	0.218	2.194	1.647	5.535	2.031	-1.867	-3.644	0.161	-3.567	-7.748	0.825	-1.041	-1.640	4.246	6.445	4.154	7.480	3.897	1.796	4.580	7.919	1.914	-3.236	-4.068	-1.571	-6.647	15	Cars
1.702	4.968	5.605	3.545	-1.074	-2.997	-1.036	9.144	9.621	0.233	-0.190	-1.833	-6.369	-7.109	-2.336	0.991	-8.600	-5.515	-7.504	-2.125	-5.724	-5.113	-2.644	-4.428	2.936	4.921	-0.555	1.203	15	ScrambledFaces
5.094	6.070	4.013	10.444	3.666	0.486	-1.007	-8.571	-5.720	-2.347	-4.135	-7.958	-0.145	8.445	2.344	3.531	-1.898	-0.383	-0.706	4.026	6.297	5.906	-0.380	1.203	-7.063	-10.534	-6.079	-5.224	15	Faces
-2.745	-8.143	-3.580	-10.631	-11.150	-7.034	3.066	13.953	18.631	11.228	11.301	7.764	-1.548	-9.669	-7.344	-12.246	-11.074	-7.320	-12.152	-18.437	-15.415	-9.879	-5.931	2.121	7.852	13.793	11.723	11.022	15	ScrambledFaces
-0.767	0.633	-0.746	-0.646	1.084	0.451	1.389	-6.529	-4.931	3.008	-2.132	-4.106	9.169	8.204	-2.101	-2.956	-4.478	0.517	2.518	0.612	3.174	6.789	3.653	10.304	-0.913	-5.146	5.532	-2.795	15	Faces
-4.058	-20.570	-8.557	-18.098	-12.181	-5.585	14.220	22.569	28.739	25.644	23.341	19.665	10.831	-1.992	-21.730	-29.707	-25.289	-16.054	-21.573	-26.406	-15.762	-13.312	-11.722	8.409	18.249	22.116	18.024	21.205	15	ScrambledFaces
-1.160	3.715	-4.098	3.039	6.476	-2.471	-0.434	-11.427	1.623	-1.638	-4.201	-7.916	2.228	8.333	7.771	5.846	4.992	5.742	6.125	7.286	8.440	6.790	2.136	0.989	-6.179	-7.894	-3.558	-6.954	15	Faces
-0.910	-2.468	0.612	-7.603	-10.459	-6.157	-7.729	13.009	12.214	1.438	8.459	1.316	-10.285	-9.787	2.492	-4.373	1.802	-1.693	-2.939	-9.591	-10.390	-4.245	-3.068	-4.358	-1.303	0.758	-3.388	4.312	15	ScrambledFaces
-0.078	-5.414	2.470	-2.763	2.583	4.706	7.588	11.881	13.205	10.008	7.133	5.674	1.840	-5.704	-10.263	-8.048	-12.611	-10.330	-13.677	-8.369	-4.972	-10.090	-10.877	1.281	2.582	12.147	8.080	5.548	15	ScrambledFaces
-0.222	-6.726	-2.650	-6.133	-4.025	-0.739	2.272	2.251	4.460	2.437	4.675	2.962	2.170	4.302	-3.165	-3.609	0.023	-1.114	-1.166	-4.093	-1.377	0.941	-0.526	4.186	-0.308	-0.960	2.490	2.447	15	Faces
-11.286	-14.966	-7.990	-14.730	-10.120	-7.948	4.014	10.493	13.390	15.654	17.563	22.549	3.347	-1.102	-12.229	-24.428	-15.797	-7.949	-10.147	-16.414	-8.949	-4.148	-5.695	8.840	11.821	15.494	16.125	26.636	15	Cars
-6.433	-1.126	-6.567	-1.510	-1.344	0.008	9.011	4.546	12.382	10.622	8.676	3.161	2.889	2.156	-0.860	-2.470	-0.663	-0.075	-1.226	0.537	0.841	-3.492	-4.339	-0.457	-2.889	-2.035	2.439	6.096	15	ScrambledFaces
-0.542	0.862	1.305	2.842	2.172	8.380	4.530	8.457	10.671	5.474	8.131	-3.080	-3.246	-3.846	-4.635	-0.769	0.916	-2.283	-1.619	-2.686	-2.765	-4.809	-2.643	-3.859	-3.395	0.067	-0.813	-1.642	15	ScrambledFaces
-1.826	-3.024	2.529	-6.181	-1.802	1.919	5.916	11.594	10.682	8.767	5.381	3.911	5.868	-1.587	-2.372	-10.445	-8.505	-5.527	-9.949	-9.428	-3.714	-7.750	-6.139	-0.427	-0.238	0.926	2.861	1.820	15	Faces
5.001	1.048	1.568	0.274	2.247	-3.113	-0.879	-10.426	-13.619	-3.124	-5.687	-6.160	5.997	6.106	1.299	3.251	3.382	3.524	6.922	7.628	8.339	6.675	5.929	3.147	-8.531	-5.809	1.561	1.135	15	Cars
1.702	4.764	6.630	5.207	1.150	0.703	-5.735	2.095	-2.253	-4.136	-6.047	-4.719	-8.140	-7.194	6.206	2.014	5.038	2.645	2.994	0.602	-1.222	-0.958	2.484	-8.147	-2.362	-3.243	-7.378	-5.708	15	Faces
-5.296	-0.781	-8.030	2.857	1.081	-0.610	-0.347	-3.458	-4.828	-2.758	2.021	-0.821	1.280	2.521	0.099	-0.936	4.662	4.022	5.034	-0.288	4.800	3.856	2.621	3.517	3.768	3.914	5.471	5.444	15	Cars
-8.639	-6.859	-15.082	-5.036	-6.991	-13.782	4.237	12.362	16.658	8.726	6.052	0.043	0.690	-2.717	-2.602	-2.983	3.379	3.378	5.640	-3.552	-3.169	3.219	3.610	5.644	4.828	8.135	7.238	3.957	15	ScrambledFaces
-3.373	-5.960	-3.460	-4.396	-2.205	0.059	5.756	5.652	2.193	8.746	9.212	9.617	5.303	1.050	-11.938	-12.015	-6.213	-5.948	-5.739	-6.915	-3.573	-0.546	-6.018	6.014	7.048	9.579	9.515	9.476	15	Cars
-0.329	-2.867	8.270	-5.087	-7.712	-3.053	-1.794	0.204	1.615	0.741	2.975	3.907	-6.360	-8.364	-0.692	-3.367	2.419	-1.607	-2.878	-9.382	-8.897	-3.110	-2.424	-1.199	-1.100	1.493	1.529	-0.509	15	Faces
-6.468	5.715	5.356	3.991	2.821	5.134	-0.403	5.223	5.716	2.303	3.340	1.089	-6.445	-0.850	-1.481	-2.623	1.950	-2.559	-2.855	-5.610	-4.930	-3.400	-7.349	-5.001	-2.876	-0.950	-5.042	0.493	15	Cars
3.710	4.354	5.504	2.408	-1.713	-1.760	0.742	-2.693	-2.045	0.718	0.592	-3.200	0.947	1.057	8.040	0.357	1.131	0.735	1.091	1.913	1.957	-2.812	-5.581	-2.881	-9.749	-4.882	-2.914	-7.605	15	Faces
-1.208	4.459	4.270	1.098	-3.143	1.432	-3.157	2.550	7.707	-3.303	3.528	-2.640	-10.697	-12.406	5.019	0.071	7.429	2.822	1.038	-7.102	-9.938	-3.884	1.362	-7.563	-1.532	0.042	-3.301	-4.945	15	Faces
-0.511	-5.388	1.059	-4.332	-6.009	2.068	1.560	8.291	8.378	7.526	9.318	4.596	-4.382	-13.634	-2.550	-6.092	-0.671	-2.377	-1.254	-13.548	-11.227	-5.134	-3.846	-3.059	-1.277	3.850	5.605	5.915	15	ScrambledCars
0.526	4.465	7.845	0.126	1.021	1.496	-1.634	-5.510	-7.889	-5.303	-4.610	-4.043	-6.729	-1.251	0.541	-2.418	10.322	2.072	6.055	2.860	-1.040	1.866	-0.810	-5.244	-9.906	-9.615	-5.054	3.067	15	Faces
-9.408	-12.350	-12.062	-15.754	-11.918	-5.181	2.010	4.312	12.484	5.905	5.586	6.721	4.712	-1.201	-0.793	-15.574	-3.298	1.009	-2.570	-12.152	-8.544	2.048	1.778	8.180	13.516	14.730	9.955	7.411	15	ScrambledCars
-0.384	3.635	0.266	0.160	-7.141	-2.053	-4.564	-1.599	15.657	-5.094	-3.653	-5.878	-6.416	-1.972	10.281	8.256	8.807	4.468	4.513	2.652	-3.592	-1.390	-1.049	-6.254	-5.870	-7.798	-6.424	-7.618	15	Faces
-5.000	4.113	4.608	6.183	4.220	8.411	5.195	3.927	2.028	2.508	-2.311	-9.325	0.998	-1.556	-1.255	8.646	1.811	-1.186	1.774	5.690	-0.245	0.779	-3.411	-2.832	-10.654	-9.620	-4.704	6.247	15	Faces
4.875	0.695	6.140	0.696	-0.148	-3.407	-4.787	-3.752	0.870	0.490	-2.813	-3.502	-0.510	3.285	7.690	-3.106	2.118	2.374	1.618	-0.100	1.488	-0.031	-0.051	-1.328	-3.183	-4.782	-2.191	-8.622	15	Faces
-4.551	-5.935	3.452	-5.920	-6.188	1.260	-0.322	9.953	17.798	6.841	6.012	1.171	-5.752	-10.255	7.691	-4.343	-0.784	-0.490	-6.901	-11.442	-12.315	-8.244	-4.361	-5.293	-0.030	2.081	-0.885	0.701	15	ScrambledFaces
-6.647	-0.466	-4.179	2.717	4.767	2.018	8.766	5.389	5.642	8.978	5.095	-0.407	4.586	-0.544	-1.136	-4.420	-1.359	-1.065	-3.316	-4.623	-1.656	-3.992	-5.727	1.636	-1.861	1.879	-0.132	0.317	15	Faces
0.485	0.161	6.551	-0.882	-7.067	-5.314	2.815	11.486	11.174	6.022	2.290	-4.106	-4.205	-11.252	4.608	-1.407	4.875	0.284	0.580	-7.976	-10.941	-6.978	-3.713	-7.971	-7.481	-5.181	-4.482	-8.169	15	ScrambledCars
4.176	1.802	4.787	0.847	-2.611	-4.230	-5.575	4.045	7.776	-2.141	4.162	-2.135	-7.734	-6.483	1.936	-0.215	-4.620	-3.328	-4.832	-3.766	-5.339	-4.927	-4.342	-1.631	4.354	4.491	1.997	-0.001	15	ScrambledFaces
-4.131	-5.475	2.911	-4.941	-4.503	-1.024	0.135	-6.032	1.138	1.301	3.100	3.654	1.498	-1.563	-0.660	-8.008	1.784	0.231	-3.820	-6.784	-8.411	-2.578	-0.879	0.603	1.380	6.664	4.610	8.599	15	Cars
5.432	2.109	7.045	-0.597	1.343	3.462	1.648	-8.820	-5.499	-1.961	-4.081	-3.536	5.808	6.703	0.230	1.388	1.761	-1.069	-1.177	-2.124	2.030	-1.277	-3.173	-0.448	-10.183	-8.450	-2.134	-2.015	15	Faces
-5.230	-1.230	2.943	-2.598	-5.447	0.805	0.557	14.029	17.527	8.182	10.358	7.478	-4.678	-7.256	-0.902	-1.980	-10.538	-7.223	-11.704	-8.410	-10.203	-11.593	-10.052	-1.860	1.402	9.020	3.874	7.690	15	ScrambledFaces
-4.285	0.219	2.217	1.587	3.387	5.226	3.512	0.470	1.791	7.262	0.373	1.787	5.707	6.329	-8.929	-0.705	-2.192	-2.629	0.047	-0.275	1.348	2.283	-1.721	6.716	-0.050	2.741	7.435	-5.876	15	Cars
0.897	5.136	2.641	3.491	0.783	-0.213	-3.597	-2.726	-1.147	-7.243	-1.304	-4.198	-6.782	-2.195	3.091	4.821	3.386	1.408	3.276	3.559	-1.813	1.704	0.541	-3.486	-0.906	-3.686	-3.926	-3.740	15	Faces
-5.880	3.401	2.787	1.400	0.143	6.838	4.419	9.750	12.865	7.273	3.807	-1.281	0.555	-4.702	-5.393	2.300	-4.568	-5.122	-4.868	-2.621	-2.695	-4.792	-6.731	-0.218	-3.176	1.196	1.375	2.242	15	ScrambledCars
8.914	6.088	9.537	5.493	2.589	8.958	-7.084	-4.518	-3.641	-7.817	-7.413	-6.318	-7.615	-3.001	6.020	3.867	5.724	0.707	1.770	5.275	0.631	-1.946	-1.759	-7.450	-8.135	-11.406	-10.278	-8.170	15	Faces
-5.826	-5.001	-2.288	-3.190	-1.976	-0.623	2.570	12.175	20.575	9.549	12.496	3.637	0.693	-2.399	-13.537	-11.224	-7.865	-8.239	-5.396	-4.004	-3.176	-4.630	-9.451	2.242	6.451	9.274	9.076	6.843	15	ScrambledFaces
3.506	1.684	-1.596	0.968	0.180	1.898	0.289	-3.075	-3.861	1.329	3.623	1.912	-1.129	-3.883	-0.758	3.419	1.248	-0.424	-1.269	-1.962	-2.916	-1.813	-1.083	-6.252	-7.625	-2.033	-0.068	1.176	15	Faces
-0.957	-9.106	-2.152	-7.723	-7.918	-4.127	2.144	10.424	11.800	6.118	6.405	2.500	-4.495	-9.547	0.943	-5.382	-5.548	-2.332	-4.143	-7.943	-8.977	-2.499	-1.562	3.022	5.186	7.250	3.669	7.904	15	ScrambledFaces
4.248	9.600	12.546	7.217	3.570	-2.182	-3.113	-9.469	-14.819	-4.052	-11.242	-12.461	1.188	5.947	8.818	9.733	4.385	2.535	5.100	6.482	3.063	1.734	-2.487	-2.949	-9.390	-10.741	-5.281	-11.693	15	Faces
2.743	-8.146	-7.864	-9.416	-12.127	-6.590	-1.474	21.740	20.183	5.361	10.407	5.327	-7.479	-9.928	-3.861	-7.199	-6.006	-5.807	-7.833	-11.111	-11.300	-8.109	-4.914	-3.051	6.193	8.303	3.489	7.851	15	ScrambledFaces
-5.245	-3.505	0.919	-4.032	-4.095	1.782	2.062	2.893	2.629	6.868	2.994	4.441	5.721	-0.661	-6.570	-6.075	-5.913	-3.222	-3.698	-5.595	-2.841	-2.183	-0.852	5.438	4.037	9.708	7.587	9.265	15	ScrambledFaces
7.383	1.910	1.354	0.056	-4.320	-4.979	-1.620	-8.403	-5.118	-3.292	-2.652	-5.452	1.082	-1.357	6.754	3.036	2.858	3.643	1.273	-0.036	0.164	0.893	4.738	1.326	-0.736	-3.775	-4.386	-4.051	15	Faces
1.291	-4.112	0.813	-5.817	-9.374	-8.303	-1.492	8.314	10.687	3.141	6.922	1.306	-6.794	-11.338	-7.031	-3.734	-0.249	-1.170	0.734	-6.408	-10.055	-3.211	6.043	1.589	7.200	5.789	3.664	6.659	15	ScrambledCars
-6.444	-5.967	-22.977	2.937	9.134	-9.099	14.650	6.899	15.393	16.107	13.919	4.446	15.955	15.339	-7.417	0.831	-1.389	0.230	0.456	10.080	15.830	2.667	-4.734	9.213	-2.140	6.852	5.498	3.503	15	ScrambledFaces
0.443	-5.100	6.605	-3.192	-1.842	7.408	6.138	4.408	10.106	9.016	14.699	5.790	4.567	-4.651	-12.171	-16.163	-11.305	-7.554	-7.050	-17.562	-7.610	-3.792	-1.035	3.052	0.148	3.669	4.877	8.207	15	Cars
-0.738	4.154	-4.466	3.798	2.124	-2.181	7.677	7.450	6.454	10.440	8.538	1.963	-0.948	-1.238	-5.281	4.330	-4.064	-3.379	-2.993	3.367	-0.587	-4.472	-5.748	-0.308	-1.288	-0.430	3.766	0.044	15	ScrambledFaces
-12.221	-6.013	-2.276	-3.748	-3.037	-1.202	3.377	2.668	3.719	3.396	2.986	2.630	2.322	-2.117	-0.312	-8.276	1.140	2.169	0.862	-7.670	-5.458	2.769	2.044	4.817	5.995	11.813	5.818	6.358	15	ScrambledCars
-5.043	-0.776	-4.574	0.758	-1.236	0.413	-5.462	0.031	-1.055	-5.617	-2.877	-8.414	-4.744	1.065	5.832	8.504	9.441	4.451	5.901	6.206	1.237	4.732	-0.669	0.163	1.322	2.263	-1.799	-2.533	15	ScrambledFaces
2.547	8.368	2.404	6.975	7.663	7.021	4.961	-5.060	-5.115	1.725	-4.266	-5.183	4.815	2.150	-2.088	3.191	-1.529	-0.401	1.082	2.735	5.974	1.720	0.324	1.444	-7.450	-6.271	-0.823	-9.174	15	Cars
0.733	2.254	-2.336	-0.139	-5.454	-11.303	-5.714	-11.650	-6.836	-6.621	-6.573	-4.416	-1.777	-4.062	12.772	12.524	13.705	9.129	9.101	4.282	1.561	3.081	3.464	-3.295	-5.323	-3.466	-2.383	-6.233	15	Cars
4.459	0.515	4.736	-3.139	-5.222	-9.754	-1.509	-3.400	1.811	4.931	2.336	-2.633	-0.412	-2.412	9.080	-1.383	-1.988	0.945	-2.915	-3.682	-4.941	-5.365	-2.565	-2.591	-1.700	-0.266	-1.067	-4.340	15	Cars
3.433	1.420	-0.801	2.161	3.274	8.405	5.033	5.015	5.380	5.050	3.632	-1.200	0.273	0.160	-0.329	2.519	-7.122	-3.419	-4.640	0.240	1.258	-5.408	-3.672	-3.541	-3.773	-2.426	0.498	-0.516	15	Cars
-2.099	-9.889	-13.048	-8.415	-10.104	-6.394	0.146	7.229	12.302	7.250	7.706	2.788	0.414	-6.789	-6.671	-3.297	-4.691	-0.162	-0.760	-6.553	-5.598	-0.024	5.954	5.558	13.709	15.455	13.930	10.832	15	ScrambledFaces
-4.585	-4.068	1.969	-1.704	0.372	6.272	9.896	25.430	30.802	10.872	18.791	5.484	-2.472	-6.829	-11.881	-10.937	-9.625	-10.095	-8.872	-9.468	-6.618	-8.225	-8.458	-5.816	-4.014	-0.689	-0.798	0.993	15	ScrambledFaces
2.608	-6.997	-5.082	-8.402	-10.743	-9.172	2.610	12.406	14.855	9.689	12.663	2.314	-1.302	-5.570	-0.359	-8.398	-5.784	-2.961	-4.662	-9.212	-9.630	-8.057	-3.698	0.125	1.890	5.814	6.614	2.352	15	ScrambledCars
5.487	7.963	10.949	4.636	-2.839	1.849	-6.121	3.087	-3.664	-6.466	-2.288	-8.195	-11.551	-9.420	3.262	4.440	1.123	-0.737	1.327	-2.354	-7.150	-2.229	0.769	-8.631	1.028	-1.025	-5.710	-1.486	15	ScrambledCars
-16.444	-14.442	-12.604	-11.602	-6.770	-5.126	14.746	15.674	14.965	18.336	16.291	15.808	13.408	4.485	-12.356	-16.690	-8.165	-5.082	-8.935	-13.853	-4.733	-3.567	-6.112	10.130	7.260	11.848	15.354	11.522	15	Cars
-3.148	4.074	1.849	4.018	-0.590	-2.895	-1.366	-1.709	-3.494	-1.026	-0.570	-2.025	-2.829	-1.705	3.481	8.287	5.439	2.128	5.401	7.199	-1.662	1.738	-2.714	-0.642	-5.287	-2.758	-0.728	-2.365	15	Faces
0.620	-8.693	0.209	-7.810	-6.481	2.230	2.688	10.721	12.447	8.133	4.732	1.429	-0.988	-2.773	-7.135	-7.747	-5.918	-6.150	-7.480	-9.187	-10.588	-3.836	-4.936	1.792	6.765	5.650	2.838	2.664	15	ScrambledFaces
-0.733	3.866	0.242	0.967	0.334	3.669	-1.859	-4.898	-7.322	-2.593	0.026	-0.389	-4.059	2.045	4.091	-0.274	-0.006	1.054	0.897	-2.149	-0.280	2.102	-1.884	0.679	1.076	3.188	1.378	-0.410	15	Cars
-4.259	2.325	-3.349	1.498	-2.822	-9.533	0.726	-8.293	-3.961	0.502	1.287	0.002	5.765	1.585	1.821	1.049	4.542	4.436	2.489	0.501	-1.015	2.389	3.499	6.291	-0.490	0.401	4.536	-1.742	15	Cars
-1.057	0.437	-8.950	4.024	8.763	6.493	10.140	9.221	6.657	7.066	0.953	-8.181	5.080	9.075	-6.792	0.834	2.184	-0.439	-1.316	3.992	2.295	-0.338	-0.201	1.102	-4.113	-3.639	1.191	-7.931	15	ScrambledFaces
-0.587	6.542	-0.551	6.923	2.787	4.792	-3.419	-10.043	-11.377	-5.148	-6.041	-8.271	-1.941	1.123	0.649	12.269	11.013	4.958	7.997	10.855	5.053	3.714	2.938	1.472	-2.332	-3.423	-1.093	-6.515	15	Cars
-2.958	-10.250	-0.113	-10.830	-7.550	-2.246	1.420	15.208	11.149	7.256	5.547	-0.493	-1.665	-4.855	-3.148	-10.731	-2.473	-1.828	-5.498	-13.261	-8.999	-2.235	2.354	3.384	8.377	7.152	7.115	1.832	15	ScrambledCars
5.978	3.605	1.195	-1.164	-4.293	-4.913	-3.174	6.990	8.524	-3.462	-1.635	-10.649	-6.552	-5.761	2.738	-1.166	-0.124	-0.897	-2.176	-6.926	-5.298	-4.044	0.531	-6.186	0.018	0.653	-5.606	-3.100	15	ScrambledCars
-0.868	4.180	1.642	2.708	1.666	-0.153	-1.836	-2.504	-1.052	-3.471	1.541	-3.628	-4.361	-6.471	3.750	9.258	5.389	2.487	4.095	2.515	-3.104	-2.635	-0.628	-4.349	-2.249	-3.976	-0.732	-0.494	15	Cars
-5.922	-8.943	-4.566	-7.072	-8.125	-0.038	3.152	13.940	11.899	4.979	13.931	6.830	-0.692	-8.305	-12.185	-10.461	-6.161	-6.028	-6.284	-11.653	-9.660	-3.787	-2.053	2.859	10.335	12.454	8.844	11.865	15	ScrambledFaces
0.747	1.213	-2.603	1.288	3.120	3.298	4.290	1.435	4.147	7.040	5.994	3.936	0.753	2.951	-5.178	-1.421	0.347	-2.218	-0.026	4.835	4.182	-0.035	-4.497	-2.729	-8.342	-3.684	-1.294	0.854	15	Faces
-2.224	-10.377	-7.671	-11.459	-10.952	13.747	4.413	9.563	8.481	12.831	16.491	12.007	0.405	-0.073	-2.569	-13.365	-15.340	-7.084	-14.193	-10.970	-9.131	-6.694	-7.313	2.939	7.934	10.907	10.705	10.098	15	ScrambledFaces
-7.121	-8.520	-11.381	-5.474	-7.916	-5.107	-2.164	10.930	12.988	1.515	5.680	0.998	-3.063	-5.478	-1.919	-3.034	-0.633	0.475	-1.977	-1.891	-3.401	-0.101	1.559	6.964	12.198	13.415	10.291	8.328	15	ScrambledFaces
-0.889	-3.928	-6.171	-3.867	-4.289	-6.190	1.751	8.005	5.856	6.558	10.495	8.708	-1.322	-6.151	-4.934	-6.892	-8.641	-5.764	-8.802	-8.032	-6.026	-8.005	-8.569	0.768	8.943	10.677	9.809	10.433	15	ScrambledFaces
6.112	6.787	3.843	0.440	-1.162	-2.074	0.126	3.868	7.560	-2.423	3.187	0.232	-8.449	-7.788	3.361	6.458	1.395	-0.004	0.724	0.960	-2.823	-2.362	1.793	-7.077	-10.447	-7.497	-7.743	-2.902	15	Faces
-1.812	-0.750	-2.998	-3.312	-7.278	-4.142	-1.301	8.234	10.982	2.286	9.090	2.919	-7.228	-11.294	-0.854	-1.921	-2.939	-2.847	-4.829	-5.431	-7.417	-5.352	-4.158	-3.611	5.188	8.306	1.981	4.194	15	ScrambledFaces
1.272	0.762	2.619	-1.194	-0.154	-1.028	2.017	12.965	6.175	5.159	4.061	0.377	-7.428	-8.002	4.964	-5.450	-4.258	-1.761	-2.464	-3.422	-5.091	-2.485	-2.991	-6.179	-2.612	0.003	-3.418	-3.665	15	Cars
-2.127	-1.252	-2.277	-0.550	0.027	0.578	3.991	5.607	6.005	7.607	5.792	3.089	-0.390	-0.371	-0.501	-7.088	-1.517	-1.542	-4.146	-2.971	0.185	-3.231	-3.707	-1.887	-5.742	-3.485	-0.986	1.992	15	Faces
5.207	2.630	2.470	2.823	-3.880	-7.495	-6.336	-3.888	-1.190	-5.284	-4.648	-6.987	-3.427	-3.086	3.831	6.990	6.390	3.599	4.887	6.761	2.458	2.424	5.367	1.430	-4.271	-4.065	-3.085	-3.656	15	Cars
0.099	-1.694	-1.205	-1.684	-4.152	-5.881	-2.086	11.028	10.417	4.647	7.874	-0.361	-8.325	-9.954	-3.786	-4.523	-3.453	-1.251	-0.974	-4.604	-7.972	-0.979	4.909	-1.228	7.647	6.491	1.760	2.851	15	ScrambledCars
-1.778	0.728	-4.664	3.534	3.788	1.814	1.340	4.415	9.012	2.573	-2.273	-10.503	-4.683	-1.341	6.980	8.776	7.962	5.529	6.586	9.509	4.441	2.758	2.618	-3.850	-3.727	-2.794	-4.605	-7.790	15	ScrambledCars
-2.511	-8.170	-8.612	-4.881	-5.265	-9.378	-2.064	2.525	-0.437	1.243	2.242	-1.450	1.044	4.465	6.437	-2.059	5.894	5.399	4.980	2.013	2.685	4.375	2.321	3.102	4.612	4.244	3.903	0.034	15	ScrambledCars
5.043	2.565	4.905	2.073	-2.422	-3.582	-2.667	-5.231	-1.162	-0.439	-2.489	-3.878	-5.102	-3.501	3.742	-0.722	4.639	1.822	4.460	0.013	-6.514	-0.911	-0.723	-3.094	-2.503	-3.759	-5.549	-3.493	15	Cars
-1.939	2.159	6.577	1.164	3.526	9.457	-1.448	-0.147	-4.281	-8.694	-9.868	-7.880	-4.860	-1.906	8.586	-1.601	6.654	2.254	0.910	-4.466	-3.770	-3.394	-3.618	-4.783	-3.376	-4.916	-5.560	-2.291	15	Faces
5.365	3.801	-2.526	2.494	-0.900	-2.742	-4.289	-4.718	-6.214	-3.125	-3.902	-2.664	-4.340	-2.836	7.888	7.207	0.467	2.330	2.343	7.136	2.169	0.117	0.194	-4.822	-3.608	-3.012	-3.568	-0.387	15	Cars
-1.281	2.395	-8.055	6.297	6.785	-3.554	1.107	-2.919	-2.753	0.175	-2.526	-6.453	7.148	10.443	-0.898	6.924	3.561	3.611	5.943	17.363	16.976	7.551	3.414	7.199	-3.827	0.090	3.316	-1.650	15	Faces
2.067	-1.880	6.079	-5.749	-9.737	-4.377	-7.273	0.463	6.897	-1.287	-1.285	-5.173	-10.715	-14.770	11.935	-2.019	1.764	2.459	1.407	-7.308	-11.910	-3.102	-0.329	-2.485	-0.664	-0.844	-1.342	-2.131	15	Cars
9.695	2.321	8.487	3.390	-1.091	3.528	-0.466	-2.165	2.989	-2.666	-4.937	-1.499	-3.269	-7.016	7.976	-4.698	-5.341	-1.730	-3.214	-3.520	-2.371	-7.147	-3.835	-7.750	-4.609	-2.426	-3.936	-0.005	15	Cars
0.892	-1.145	-4.752	-0.662	-4.644	-2.454	-2.576	-2.677	1.684	-0.715	0.788	-0.517	-0.680	-2.433	4.077	0.187	4.860	3.769	3.438	-2.338	-0.479	2.492	3.568	-2.512	-6.367	-1.575	-0.473	-1.605	15	Cars
-7.272	-5.108	-3.226	-2.961	0.179	1.504	4.205	4.245	6.690	8.667	7.526	8.255	7.627	5.465	-15.319	-4.652	-2.230	-4.169	-0.470	-6.216	1.917	0.624	-2.011	5.382	2.546	4.629	9.639	6.620	15	Cars
-10.353	-8.237	-5.913	-9.677	-11.321	-6.416	1.323	21.324	19.403	9.721	16.563	11.751	-7.239	-7.815	-5.040	-8.770	-8.683	-5.175	-10.988	-12.266	-12.242	-6.359	-2.748	2.494	7.193	15.580	12.473	11.116	15	ScrambledFaces
-4.124	5.885	-3.462	3.909	0.428	0.988	3.894	5.786	4.607	5.792	-5.044	-7.503	0.311	1.367	-1.708	10.542	5.736	1.482	5.560	7.381	1.935	0.799	-0.894	-0.654	-5.525	-4.989	-6.166	-5.400	15	ScrambledCars
-5.174	-3.292	2.628	-2.544	-4.887	1.217	0.264	3.620	7.036	5.729	2.548	1.754	1.896	-2.889	-9.644	-4.594	-7.380	-4.585	-3.961	-8.458	-4.279	-1.420	0.301	6.015	9.226	7.602	6.991	6.835	15	ScrambledCars
-2.942	0.434	-3.376	-0.171	-2.428	-0.005	-2.831	-0.567	4.882	1.425	5.470	1.679	-4.564	-2.348	2.413	-4.712	0.472	1.111	3.269	-3.673	0.034	2.156	-1.602	-2.899	-0.358	1.398	-0.420	3.569	15	ScrambledCars
5.973	10.927	9.737	8.915	8.649	5.981	5.189	0.240	1.298	1.698	-1.788	-7.365	-3.297	-0.527	-3.522	8.967	1.894	-2.250	-0.926	5.440	4.561	-5.235	-1.880	-9.957	-9.622	-8.659	-7.977	-2.375	15	Faces
-6.341	-8.885	-1.734	-9.165	-9.557	-2.180	0.235	11.044	4.877	2.674	7.140	1.771	-3.662	-6.384	-0.675	-6.642	-0.695	-1.713	-3.236	-10.508	-10.565	-2.809	-2.924	2.515	6.199	8.071	5.649	7.282	15	ScrambledFaces
2.181	1.426	-4.838	0.806	-3.931	1.270	-7.634	2.042	4.866	-2.526	-0.621	-6.953	-6.769	-3.103	1.086	3.757	1.747	-0.003	1.437	5.928	-1.245	-0.850	-1.824	-2.581	6.286	2.892	-2.332	-5.651	15	ScrambledCars
-4.099	4.071	0.537	3.655	1.882	-0.684	4.873	-2.375	4.541	6.022	4.057	-0.901	7.686	7.674	-4.573	5.770	4.127	-2.578	-0.140	6.702	4.448	-5.215	-11.635	-4.443	-11.462	-5.602	-2.161	0.733	15	Cars
1.446	4.838	6.984	5.108	4.849	-0.713	0.179	-11.136	-5.986	-6.014	-12.052	-8.867	2.979	8.970	1.332	11.099	10.943	4.070	7.494	13.356	9.987	8.403	2.426	0.865	-8.199	-9.983	-5.185	-8.473	15	Cars
-2.717	-0.445	-5.907	-1.164	1.794	-1.076	1.798	-0.171	-1.069	0.890	-0.670	-6.237	5.702	14.012	-3.629	2.733	4.530	1.990	4.745	5.744	8.006	6.350	1.459	4.512	2.527	3.686	2.408	-3.058	15	ScrambledFaces
0.779	0.599	-1.013	-3.336	-2.170	-8.085	1.610	0.982	7.164	4.392	-0.550	-3.057	2.658	6.631	2.628	1.689	1.788	0.284	-0.489	4.345	1.057	-1.286	-4.091	1.256	-3.442	-1.391	-1.148	-3.933	15	ScrambledCars
9.116	6.986	5.947	4.443	1.028	5.725	-6.000	-10.044	-7.172	-6.736	-5.520	-7.814	-3.999	1.155	7.120	12.697	11.382	3.980	8.784	6.879	1.804	-0.210	-1.018	-7.709	-12.067	-11.327	-9.919	-8.168	15	Faces
2.517	2.541	3.207	-1.471	-3.015	2.026	0.556	5.535	6.603	-1.421	-1.923	-4.190	-2.243	-2.819	4.633	0.173	-1.364	-2.773	-6.205	-2.514	-5.859	-7.153	-7.623	-1.091	-1.227	-0.397	-4.908	-4.994	15	ScrambledCars
-5.871	-1.040	-8.516	-2.928	-3.871	-0.809	-3.513	4.147	10.229	5.906	0.147	-1.655	-4.401	0.760	-2.631	5.247	6.728	2.953	6.032	3.187	-0.666	3.345	2.557	-0.838	4.487	2.599	-0.835	2.121	15	ScrambledCars
6.050	1.669	-2.965	0.863	-3.365	0.069	-2.273	7.779	0.575	0.439	4.867	-1.920	-4.776	-3.367	1.618	1.671	-3.916	-0.900	0.106	3.363	-0.457	-3.818	1.167	-5.991	2.314	1.609	-0.239	1.096	15	ScrambledCars
3.085	1.311	8.851	4.400	7.452	10.140	9.569	4.499	6.819	10.483	9.030	4.071	6.302	4.317	-5.710	-6.617	-14.235	-9.513	-7.744	-2.514	1.981	-7.185	-11.888	-2.649	-9.515	-3.747	-1.721	1.207	15	Cars
-0.663	-2.981	-0.387	-0.771	0.926	2.081	-1.010	-1.303	2.726	5.204	4.085	5.126	-1.337	-2.421	-5.572	-0.743	-0.572	-1.213	-0.521	-0.213	-1.356	2.955	1.845	-0.813	-3.226	0.687	1.778	3.376	15	Cars
-4.688	-3.005	-10.955	-1.815	-0.999	-1.600	0.126	-9.407	-1.504	-1.789	2.697	5.999	6.537	5.122	0.596	-1.966	5.618	4.049	1.520	1.799	0.190	2.090	0.770	3.211	-3.035	-0.271	7.833	2.535	15	Cars
3.815	-0.978	-0.651	-2.338	-4.093	3.545	-1.737	-0.881	2.437	-1.091	0.943	0.744	-3.621	-2.008	2.447	-0.849	-4.847	-2.209	-5.065	0.038	-2.549	-3.060	-3.019	2.101	0.877	4.795	2.400	4.229	15	Cars
-3.250	-3.109	-3.560	-1.363	-6.873	-6.810	-0.621	6.330	5.528	3.488	4.709	4.218	0.392	-1.297	-3.522	-4.811	-4.244	-0.847	-0.700	-1.833	-4.311	2.965	3.054	4.891	5.752	7.104	7.427	5.287	15	ScrambledFaces
-0.342	-10.748	-13.414	-9.088	-5.166	-7.341	-0.316	-11.412	-7.297	1.613	-4.051	1.409	7.137	5.160	6.625	1.108	5.906	8.010	6.853	-0.400	0.463	5.217	6.742	9.546	1.431	3.677	8.315	5.309	15	Cars
-2.839	-3.239	-2.126	-3.802	-3.962	-4.110	-4.811	8.775	6.424	0.773	2.950	-1.954	-6.372	-11.168	-2.739	-3.685	-4.386	-1.476	-4.065	-5.541	-7.216	-2.228	3.707	-1.341	13.451	9.922	4.940	5.113	15	ScrambledCars
-3.180	-6.843	-4.857	-5.629	-7.068	-3.660	1.622	10.587	14.044	7.043	10.065	9.675	-5.404	-9.264	-0.081	-5.061	2.988	-0.397	-3.009	-4.509	-7.267	-6.692	-3.564	-3.932	-0.140	2.542	1.811	6.509	15	Faces
-6.078	4.926	3.949	3.843	5.693	6.402	5.823	7.591	-1.647	6.461	-2.569	-7.519	1.459	1.438	-4.557	-1.696	1.891	-1.093	0.479	-4.419	-4.591	-2.062	-2.254	-0.602	-0.869	-0.505	-2.133	-4.949	15	ScrambledFaces
-3.951	3.159	0.816	3.624	2.911	2.905	2.514	5.469	6.493	-0.369	-0.835	-8.723	-2.272	0.702	-2.035	4.159	0.679	-0.602	3.940	3.972	1.079	5.211	-1.343	1.875	1.559	-0.501	-1.194	-4.890	15	ScrambledCars
4.943	-7.179	-3.737	-6.248	-2.735	-4.504	2.393	6.828	5.129	6.151	2.447	-1.935	-2.662	-7.448	6.335	-8.612	-1.372	0.153	-6.189	-11.944	-8.506	-5.935	-3.422	-3.326	3.921	3.514	4.022	-1.419	15	ScrambledFaces
4.177	7.753	6.780	5.361	3.831	-0.029	1.186	-5.362	-7.265	2.465	-5.803	-9.189	0.683	2.457	3.096	1.311	-0.493	0.353	1.180	3.760	0.895	0.848	0.050	-0.268	-10.750	-8.640	-6.768	-8.656	15	Cars
-6.767	3.876	1.850	2.713	-1.985	-3.306	-0.602	3.356	1.895	4.988	4.422	2.278	-0.613	-1.748	-4.039	-0.723	3.347	1.205	1.652	-2.202	-3.639	-0.523	2.833	2.092	-1.718	0.643	4.357	2.347	15	Cars
8.497	2.595	12.777	1.672	-0.519	2.907	-7.746	-6.697	-7.232	-5.800	-6.673	-5.397	-9.122	-4.098	11.988	-0.532	-0.894	-0.082	-1.761	-3.368	-5.379	-2.959	-3.817	-5.328	-7.045	-5.624	-6.120	-4.333	15	Faces
0.387	-5.827	-1.684	-4.728	0.397	-4.594	5.418	11.917	13.198	11.544	9.752	6.180	3.101	-3.484	-14.329	-2.607	-6.750	-6.620	-5.965	-3.029	-1.043	-6.003	-2.361	3.428	3.074	7.700	10.339	10.347	15	ScrambledFaces
-12.674	-10.887	-14.809	-10.933	-4.665	-1.358	8.508	12.183	15.385	13.934	11.409	6.123	10.159	-1.900	-11.578	-14.525	-14.013	-5.024	-10.071	-15.867	-9.443	-4.003	-0.887	13.308	15.232	19.894	19.975	16.034	15	ScrambledCars
-1.185	2.883	-3.749	-0.395	-1.457	-0.779	-2.729	1.294	-1.941	-1.709	2.113	-4.981	-1.168	-1.991	-2.240	5.934	-0.388	-0.812	1.764	4.088	-0.717	0.253	-0.884	0.435	0.722	1.376	1.901	1.520	15	ScrambledCars
6.130	3.705	6.511	1.914	-4.472	-6.456	-6.448	-1.689	-2.110	-5.829	-6.054	-9.119	-11.169	-7.118	12.445	5.968	7.570	5.358	3.982	0.811	-3.618	-1.232	4.140	-7.695	-2.425	-5.050	-6.214	-7.952	15	Faces
-8.842	-8.561	-2.310	-10.167	-11.666	-0.294	5.754	18.883	22.020	15.253	17.406	12.850	-2.142	-10.119	-13.237	-18.814	-8.334	-8.111	-13.646	-23.754	-19.133	-9.999	-5.841	5.649	9.047	11.208	12.998	10.374	15	ScrambledCars
-4.575	-2.205	-4.873	-2.244	-2.119	-3.711	1.266	-3.888	3.187	1.713	2.004	-2.736	6.117	3.654	-2.226	-2.672	-0.415	0.068	0.998	-3.258	0.127	2.362	-2.227	2.451	5.405	3.775	2.776	2.481	15	ScrambledCars
7.119	5.172	11.204	4.746	2.120	4.281	1.207	-6.202	-8.874	-1.599	-8.009	-4.839	4.002	6.111	-1.443	-1.978	-2.128	-2.548	-1.668	1.308	1.206	1.156	-1.441	-1.665	-6.043	-7.889	-3.903	-6.273	15	Faces
-0.379	-4.284	2.920	-2.933	-2.688	0.663	-0.114	3.105	3.940	3.639	5.935	4.710	-2.584	-1.662	-5.074	-3.975	0.322	-1.828	0.728	-4.457	-4.698	-0.168	-0.470	-0.582	2.792	2.197	0.697	-1.163	15	Cars
-2.772	5.395	-0.380	2.804	0.277	0.500	-4.786	-4.658	-0.658	-6.643	-10.138	-5.394	-1.902	3.894	4.600	4.439	6.719	5.161	7.797	7.685	5.854	7.360	4.766	2.548	-0.137	-0.824	-0.952	-5.274	15	Faces
-1.506	3.266	-0.212	1.651	-0.674	0.092	3.209	11.388	20.974	11.078	12.665	4.641	-1.477	-1.419	-10.056	-1.920	-5.501	-7.391	-7.321	-2.355	0.466	-7.890	-9.133	-7.946	-2.745	-0.124	1.152	1.270	15	ScrambledCars
1.136	-0.230	-0.311	-0.991	-2.845	0.272	1.204	2.818	6.349	1.951	1.525	-2.105	-0.413	-0.864	0.732	0.074	-8.470	-2.439	-3.681	-1.149	-3.261	-0.673	0.142	2.510	0.555	1.251	3.426	0.648	15	Faces
-0.510	-4.301	-2.723	-3.630	-1.557	-6.146	1.236	10.323	12.805	3.925	6.426	-3.449	-3.296	-5.523	0.595	-3.289	-2.724	-0.363	-1.448	-5.663	-2.783	-1.001	1.721	-1.708	4.614	6.635	2.127	2.080	15	ScrambledFaces
-3.189	-1.042	-4.572	-1.118	-0.525	3.576	3.111	5.464	7.880	4.840	1.866	-1.329	-1.438	-0.230	-6.638	-5.450	3.159	-0.477	3.146	-7.067	-2.668	1.672	-1.404	0.271	5.275	5.714	1.293	0.567	15	ScrambledCars
-2.934	-3.540	-4.644	-6.279	-5.917	-5.109	-6.248	0.816	5.851	1.900	4.651	2.548	-6.206	-3.575	1.950	-3.626	-4.406	0.198	-2.483	0.612	-1.269	1.637	2.369	3.733	7.749	8.753	4.817	4.471	15	ScrambledCars
-0.821	-7.732	2.460	-5.684	-5.993	-0.626	-0.245	5.752	4.244	2.048	4.276	4.894	-5.517	-5.618	1.035	-11.279	-8.325	-2.839	-7.912	-11.530	-11.989	-4.459	0.416	2.924	10.802	8.884	3.437	8.505	15	Cars
1.332	8.233	4.883	6.475	3.854	-2.425	-4.967	-7.714	-6.845	-8.078	-7.695	-9.839	-4.743	4.249	2.927	10.949	8.387	4.032	6.078	9.802	8.010	4.769	4.386	-5.112	-3.935	-3.579	-5.821	-2.501	15	Faces
0.940	-3.320	-1.120	-2.239	-5.701	-5.850	2.317	-2.155	5.646	3.418	-0.333	-4.622	0.887	0.319	-3.004	-1.508	10.500	3.254	3.365	-1.819	-3.627	0.908	3.357	0.283	-2.839	0.322	-0.285	-4.002	15	ScrambledCars
