FP1	F3	F7	FC3	C3	C5	P3	P7	PO7	PO3	O1	Oz	Pz	CPz	FP2	Fz	F4	F8	FC4	FCz	Cz	C4	C6	P4	P8	PO8	PO4	O2	ID	Condition
-23.042	-6.395	-12.626	-10.814	-4.888	-7.901	11.643	24.469	24.174	19.142	40.021	8.327	6.325	-1.767	-23.100	-13.675	-13.698	-13.690	-12.808	-11.705	-3.897	-4.251	-5.644	9.834	12.157	28.015	17.985	23.140	16	ScrambledCars
2.366	-5.326	-7.835	-14.743	-10.498	-16.013	2.675	-0.846	14.555	16.675	4.177	2.392	-3.715	-4.703	-1.589	-3.322	-0.973	1.044	-5.285	-12.398	-8.295	-6.009	-1.293	4.364	3.524	23.085	7.255	12.475	16	ScrambledCars
9.509	6.767	-8.419	2.996	-3.298	-8.549	-5.167	-3.429	2.305	-8.972	-18.789	-0.795	-4.210	2.525	7.963	4.309	3.698	2.873	2.541	1.569	2.390	5.359	0.918	-5.089	0.709	1.658	-5.102	-3.590	16	Faces
-20.112	0.863	-16.263	-5.049	-11.578	-2.986	15.885	23.770	30.138	22.479	12.644	16.013	3.999	-8.040	-21.517	-19.886	-18.177	-14.683	-17.470	-17.724	-13.454	-9.944	-6.642	2.805	10.869	30.568	18.413	28.243	16	ScrambledCars
-7.836	0.746	-3.128	-10.607	-5.117	1.955	7.885	13.533	27.626	28.683	18.355	7.542	-2.167	-15.293	-9.754	-10.038	-15.673	-11.176	-14.860	-9.950	-14.392	-10.158	-8.816	-4.073	4.010	17.623	7.945	15.016	16	ScrambledFaces
-7.886	-4.694	-4.950	-18.779	-4.197	-10.703	4.257	-0.560	19.732	14.192	13.109	2.630	-0.909	-6.468	-9.919	-1.041	2.240	-6.774	1.020	-2.957	-3.218	2.961	2.870	5.553	7.787	28.192	12.759	18.312	16	ScrambledFaces
-7.791	-8.968	-12.857	-5.396	-4.852	-13.656	2.714	2.098	-2.673	3.414	3.946	-3.106	10.370	10.529	-6.642	-2.563	-1.859	-3.499	-1.698	1.179	5.491	4.021	3.026	12.947	10.156	20.945	12.904	9.485	16	ScrambledFaces
-0.255	5.261	0.162	5.781	-3.900	-1.376	-1.212	8.142	7.430	8.897	-3.862	-5.161	-0.808	1.099	-6.562	3.671	-1.962	-1.120	-3.703	-0.815	-0.608	1.910	1.639	4.096	2.336	10.398	6.422	5.784	16	ScrambledCars
2.444	2.907	-3.092	2.784	-2.944	3.054	7.552	-6.350	7.982	5.318	5.643	3.393	-0.280	-0.950	1.047	4.876	-0.461	-0.269	-4.460	2.226	-1.142	-6.080	-10.388	-3.342	-2.999	4.522	2.201	4.357	16	Cars
-13.385	-27.095	-10.219	-5.520	-10.520	-12.110	6.560	4.666	22.982	14.865	17.006	12.761	-3.130	-11.990	-16.359	-16.138	-8.596	-1.961	-5.259	-16.516	-10.328	-4.342	4.224	3.455	16.277	27.530	14.533	19.865	16	ScrambledCars
-8.405	-1.125	-17.145	-0.174	-7.054	-13.136	2.310	-8.352	1.425	6.957	16.382	1.481	1.139	-4.896	-1.629	-0.375	1.838	6.156	7.829	5.012	-3.384	8.976	6.157	3.548	6.000	11.792	2.409	8.631	16	Cars
0.536	0.961	-10.537	4.485	5.493	4.590	4.587	-4.567	2.758	-4.035	22.156	-0.531	1.287	-3.076	-3.630	-2.266	-4.775	-4.760	-4.521	1.611	-2.824	-1.021	-6.328	5.022	7.086	8.677	7.161	4.008	16	Cars
2.808	5.085	4.625	2.725	-4.210	-5.494	-0.158	-6.997	1.174	3.046	-5.786	-5.320	-5.057	-10.515	-4.019	-1.906	1.345	2.308	-1.351	0.828	-9.149	-1.234	7.687	-3.096	6.902	7.241	-4.819	1.886	16	Cars
-7.620	-6.738	-11.046	6.082	10.317	9.470	11.447	1.655	9.959	14.489	-7.298	2.261	4.991	6.441	-7.405	-7.350	-4.716	-2.957	-0.597	-3.926	0.238	-2.594	-3.793	0.399	0.766	8.628	3.779	8.237	16	ScrambledCars
-1.250	6.024	-0.906	4.640	-0.069	1.997	6.001	-2.821	8.457	14.018	10.545	8.841	-0.186	-4.330	-9.773	-9.439	-11.243	-3.807	-11.566	-12.753	-8.671	-5.523	-4.710	1.759	8.644	15.819	1.490	11.030	16	Cars
-14.531	-6.789	-7.593	-17.357	-2.102	-6.068	9.645	18.932	26.553	30.546	31.575	15.232	-3.639	-6.632	-19.145	-4.984	-12.260	-18.658	-9.071	-12.113	-9.493	-7.918	-7.683	5.978	11.182	30.148	16.972	22.354	16	ScrambledFaces
-2.004	-7.098	-4.873	-3.401	-3.965	-1.041	1.153	-15.318	1.845	4.167	-1.996	-4.301	-5.558	-2.552	7.845	5.528	5.443	-1.167	0.312	-0.233	-3.727	-1.795	-1.622	-1.928	4.096	8.099	-5.196	4.728	16	ScrambledFaces
-7.040	-5.552	-5.723	7.530	0.294	6.096	11.440	-2.105	9.560	22.413	9.195	10.286	9.775	-4.845	-15.386	-16.589	-13.054	-11.123	-13.716	-11.480	-10.211	-6.679	-1.554	6.005	9.668	15.413	13.442	10.521	16	Cars
3.228	15.434	1.663	16.647	5.220	3.032	0.388	-2.033	3.031	1.445	9.385	-7.802	-6.934	-7.067	0.102	4.853	-0.328	-0.525	1.770	2.980	-1.584	0.113	-1.939	-6.325	-2.902	-4.510	-7.339	-5.314	16	Cars
-8.611	-10.436	-0.730	-14.757	-6.708	-0.299	12.806	12.548	20.465	11.295	1.331	13.416	0.862	-13.145	-8.222	-16.723	-11.982	-1.689	-17.128	-24.801	-22.396	-15.773	-12.037	-3.558	12.351	24.534	10.074	22.799	16	ScrambledFaces
-12.936	-4.202	-12.351	3.869	-5.190	-3.864	9.066	12.838	15.773	17.241	11.239	8.856	1.717	0.099	-8.184	-8.103	-11.376	-1.339	-7.658	-11.313	-10.491	-7.137	-1.785	-5.318	5.745	15.138	11.726	12.861	16	ScrambledCars
-8.836	-11.202	-16.189	-11.488	-2.145	-10.885	3.785	6.697	15.759	8.621	-0.304	0.138	-3.027	-1.279	-1.303	-5.450	1.426	8.493	1.124	-5.740	-5.699	0.553	4.350	-2.909	12.396	14.418	2.337	6.235	16	Cars
-11.212	-14.396	-14.686	-6.575	-3.307	-7.277	10.769	25.123	31.765	17.309	23.184	6.835	-0.933	-4.413	-14.345	-9.187	-10.867	-14.000	-11.178	-4.480	-3.430	-9.934	-7.131	0.485	4.158	16.857	15.946	13.629	16	ScrambledCars
-12.004	-11.379	-7.469	-18.121	-11.636	-11.687	10.146	24.229	33.826	33.304	18.963	16.323	-2.909	-12.373	-9.874	-16.665	-17.171	-6.571	-17.835	-23.801	-13.659	-15.467	-12.335	-2.523	10.966	30.996	13.889	26.609	16	ScrambledFaces
-2.518	-3.923	-1.745	-2.852	-6.008	-8.729	11.514	-5.630	15.685	6.276	7.816	10.797	5.565	-3.069	-2.283	-3.382	-5.557	-1.180	-7.864	-7.377	-5.647	-7.915	-4.974	-0.239	9.160	12.010	-1.371	9.994	16	Cars
-9.769	-9.478	-14.828	-4.499	-8.302	-13.037	3.010	11.541	4.623	7.530	0.132	-1.852	1.777	1.868	0.147	1.799	-1.955	6.877	-2.397	4.334	4.678	-0.472	-4.105	-0.355	4.879	10.851	3.544	6.058	16	ScrambledCars
-2.112	-13.862	-1.618	-10.956	-8.963	-4.605	-1.170	5.154	15.667	1.909	-0.891	2.074	-3.439	1.015	-8.576	-7.630	-7.412	-4.189	-2.350	-3.153	-7.716	0.118	4.709	4.518	7.482	22.709	10.252	8.680	16	ScrambledFaces
-5.172	-9.150	-4.845	-17.292	-4.068	-0.213	6.381	12.196	10.573	3.619	5.416	5.472	-1.161	-8.124	-9.075	-11.343	-12.080	-2.903	-7.525	-12.840	-10.158	-0.171	-1.123	6.121	12.155	21.631	10.592	12.093	16	ScrambledFaces
-2.899	-15.366	-16.313	-22.068	-13.176	-11.457	7.499	12.612	37.017	19.059	25.027	19.260	-3.821	-17.029	-5.566	-16.627	-7.581	-3.968	-11.244	-20.721	-17.767	-9.961	-8.634	0.954	11.312	20.730	5.312	20.875	16	ScrambledCars
1.157	-2.441	7.953	5.827	-8.064	0.987	1.653	1.023	6.377	4.589	2.991	-0.425	-7.392	-10.315	2.208	-1.995	5.309	1.616	-1.000	-5.852	-8.318	5.971	2.311	-9.127	-0.786	-0.266	-6.428	-4.265	16	Faces
-7.345	-6.508	-6.262	-2.937	2.354	-3.301	12.952	-0.212	11.448	17.912	13.298	5.534	10.036	3.792	-6.968	1.373	-3.912	-9.293	-3.752	7.469	6.839	-6.338	-8.660	1.237	4.044	11.921	6.575	10.431	16	Cars
5.581	1.123	9.258	-6.281	-17.450	-0.939	-7.366	15.216	15.144	1.395	-15.098	-5.135	-18.042	-21.395	7.227	-7.836	2.195	8.809	-6.481	-16.918	-17.576	-9.301	-6.126	-6.867	7.435	18.989	2.545	7.618	16	ScrambledFaces
-0.388	-1.931	-0.680	-6.629	-4.742	-6.694	10.075	12.100	23.139	14.133	14.221	1.267	7.240	-0.047	-4.087	0.524	-4.591	-3.324	-9.137	-4.392	-4.984	-6.489	-6.992	6.500	2.280	22.737	18.186	15.856	16	ScrambledFaces
-16.523	-10.233	-9.515	-4.066	-3.038	-8.798	4.261	5.224	17.163	11.914	-5.933	-5.112	5.010	5.477	-5.974	-7.236	-3.206	-3.821	0.895	-2.527	-2.117	2.947	6.121	2.591	7.370	17.838	5.842	5.128	16	ScrambledFaces
-23.206	-2.254	-19.119	-5.806	0.579	-7.372	14.329	7.151	24.072	15.516	31.858	12.867	15.616	-4.613	-21.736	-7.976	-12.428	-23.605	-6.589	-7.678	-5.911	-1.247	-5.510	7.806	14.296	35.316	23.399	27.831	16	ScrambledFaces
-0.190	-4.700	-15.310	-1.916	-0.094	-11.512	5.481	-6.446	7.924	20.441	7.283	4.298	5.736	1.160	-8.879	-4.308	0.622	-13.598	0.287	0.321	-1.043	1.540	-3.823	5.605	4.054	19.356	18.493	16.576	16	Cars
-19.363	-14.350	-14.179	-14.709	-11.128	-3.744	21.809	22.484	40.367	45.750	31.120	20.199	4.106	-9.865	-17.944	-14.520	-18.870	-15.126	-16.985	-21.246	-17.651	-13.408	-14.343	-0.917	7.425	27.974	18.563	26.044	16	ScrambledFaces
4.093	-4.421	-7.959	-4.602	-8.557	-13.032	2.207	-4.225	7.255	7.475	-4.640	-3.142	-2.119	-6.459	1.271	1.740	-1.799	-0.557	-3.632	1.840	-7.368	-2.919	-4.024	6.224	5.980	12.742	1.411	5.512	16	ScrambledCars
-17.283	-2.070	-6.618	-12.875	-1.047	-7.606	7.985	11.920	4.042	12.750	9.868	6.798	7.313	10.199	-11.165	-2.757	-2.457	-12.286	5.511	1.705	6.578	-0.493	-1.306	5.642	5.210	15.741	10.339	16.044	16	ScrambledCars
1.788	1.885	-1.516	15.675	-1.716	-1.845	-6.225	-22.057	-20.587	-13.363	-14.131	-7.389	-4.901	-2.314	11.915	13.314	16.282	15.506	12.444	7.354	5.019	4.702	3.880	-2.126	-6.448	-5.593	-5.407	-8.021	16	Cars
-8.972	-4.698	-11.945	-4.033	3.926	0.153	10.616	9.513	20.189	25.158	10.382	6.447	2.057	0.392	-7.918	-8.313	-13.693	-5.668	-7.733	-8.359	-1.072	-3.629	-7.547	1.309	5.577	17.575	4.250	7.900	16	ScrambledCars
8.628	7.060	-5.126	3.181	1.958	-2.924	6.913	-5.394	-1.948	3.015	1.150	-5.897	0.150	4.699	4.083	6.943	6.289	-6.415	6.572	5.889	-0.238	3.225	1.943	-0.919	-6.770	-8.057	-7.791	-6.946	16	Cars
-1.993	-0.686	0.256	3.583	-3.130	-20.028	-0.372	-15.368	4.831	-1.159	1.442	-0.282	2.326	-1.012	3.378	-1.529	4.070	5.611	4.395	-3.222	-5.398	2.927	2.790	1.073	3.578	12.207	13.924	10.439	16	Cars
-20.212	-14.498	-17.764	-6.664	-10.011	-5.173	13.601	14.312	26.122	14.448	21.434	13.320	0.830	-8.078	-9.436	-14.480	-7.182	-8.859	-6.174	-14.193	-19.574	-11.096	-9.092	4.418	13.199	39.173	21.937	23.650	16	ScrambledFaces
1.218	-11.579	-3.480	6.065	-0.572	-4.336	9.481	6.011	12.829	-7.170	10.805	10.410	1.751	1.118	-13.099	-5.327	-12.423	-6.537	-12.188	-4.716	-0.030	-9.175	-5.911	3.914	2.964	16.107	14.188	10.932	16	ScrambledCars
-18.907	-19.169	-13.922	-11.532	-3.706	-8.960	20.237	22.037	33.657	45.128	18.930	22.441	9.221	-8.670	-19.827	-17.977	-17.083	-19.124	-12.858	-13.831	-16.545	-6.236	-10.093	3.527	8.709	28.746	21.428	28.883	16	ScrambledFaces
-16.274	-4.507	-2.998	1.697	-1.321	6.207	18.303	17.801	26.615	22.583	9.441	9.092	7.172	-10.312	-14.158	-14.287	-14.410	-7.392	-13.105	-20.483	-19.439	-12.783	0.640	4.825	9.730	19.485	12.392	15.161	16	ScrambledCars
-2.667	3.486	-1.447	0.656	-3.426	7.677	7.487	14.248	12.540	5.549	10.740	6.796	0.669	-11.440	-12.193	-10.369	-12.284	-7.521	-12.467	-13.164	-10.761	-5.261	-0.548	4.376	9.924	25.663	10.991	13.134	16	ScrambledFaces
-3.775	4.266	4.190	-0.218	-5.370	-1.239	2.164	-1.019	14.219	9.417	-10.130	4.045	-6.916	-13.020	-1.325	-5.210	-3.283	2.827	-3.033	-9.738	-13.380	-5.433	-7.241	-6.889	1.829	15.091	0.316	8.397	16	Cars
-1.969	-3.949	-11.910	1.964	-1.203	1.933	4.512	1.688	13.366	12.448	11.775	5.176	-1.412	-5.100	-1.840	0.251	-3.344	-8.996	-5.454	-1.344	-8.165	-8.837	-3.196	3.064	1.203	12.955	1.509	10.488	16	ScrambledFaces
-6.977	-6.468	-3.944	-3.743	-3.821	-8.135	15.123	15.150	38.761	-1.219	28.663	18.963	4.360	-8.419	-10.072	-9.772	-14.520	-20.468	-18.146	-13.407	-13.445	-20.562	-22.225	-3.049	0.362	24.744	14.413	24.871	16	ScrambledFaces
-7.602	-2.044	-9.059	-7.791	-2.044	-4.446	3.100	7.236	10.422	1.902	0.548	6.844	-0.331	-3.637	-5.208	-1.361	-2.850	-2.145	-1.927	-4.279	-6.603	0.974	-1.404	3.482	11.827	17.343	7.063	13.543	16	ScrambledCars
-8.051	-10.407	-1.677	-16.342	-10.445	-10.404	13.643	24.058	21.261	10.832	18.590	14.276	9.396	-2.936	-13.082	-19.777	-18.314	-11.593	-14.899	-13.381	-11.917	-11.075	-7.833	5.226	4.271	21.082	22.775	20.892	16	ScrambledCars
-8.006	-13.166	-6.343	-11.601	-8.578	-13.990	11.518	9.385	20.355	23.649	32.835	15.000	1.972	-4.909	-9.224	-8.624	-9.232	-6.049	-10.759	-10.783	-13.972	-12.017	-10.704	-5.266	3.338	18.011	16.855	22.433	16	ScrambledCars
-6.584	-1.893	-17.641	-6.180	0.559	-2.762	12.578	5.983	3.262	7.982	7.123	5.185	11.721	18.196	-0.494	0.838	-3.242	-14.158	2.511	5.759	15.944	6.662	-4.135	6.010	4.009	7.253	7.873	5.219	16	Cars
3.009	-3.534	-4.208	6.340	0.034	-8.389	-6.808	-4.381	-4.335	-3.009	-10.154	-8.232	-11.930	-1.420	7.481	3.847	7.892	3.784	5.576	1.973	-1.733	3.581	6.713	-0.203	-1.757	1.979	1.035	-4.824	16	Cars
-2.145	-8.566	4.861	-15.966	0.202	6.003	3.942	9.483	13.047	6.945	-1.523	3.878	-3.846	-16.395	2.213	-8.260	-5.549	5.316	-6.625	-12.490	-21.059	-6.190	-5.445	1.022	6.294	12.340	3.230	3.070	16	ScrambledFaces
-3.358	-8.855	-4.841	-5.888	-5.505	-1.473	0.442	-6.170	5.807	-0.580	4.889	0.436	2.301	0.716	2.089	-3.991	-4.291	1.900	-1.722	-7.279	-1.180	5.386	7.968	2.519	2.791	2.091	-1.089	-0.275	16	Cars
-3.590	-0.557	-5.229	-4.647	-3.283	-6.015	11.267	1.610	-0.075	10.512	9.842	1.635	6.075	0.009	-6.591	0.861	-3.940	-2.240	-3.665	-0.276	-0.619	-3.203	-3.200	-0.327	-1.359	6.261	4.076	6.020	16	Cars
-2.071	-3.614	-2.933	-3.127	-0.916	-1.518	-2.859	-4.434	-3.533	0.786	-6.688	-4.199	-7.779	-5.214	10.925	4.411	7.978	11.811	6.646	-0.558	-2.492	-1.653	0.167	-4.046	-2.943	-3.502	-1.981	-4.998	16	Cars
-2.173	-3.220	-1.314	-7.603	-4.793	-1.433	4.358	14.861	19.801	10.281	9.618	8.488	-8.154	-8.518	-5.673	-11.848	-10.148	-8.955	-9.546	-12.645	-13.454	-9.566	-8.018	-0.675	3.604	21.703	9.998	15.987	16	ScrambledCars
-15.308	-18.868	-22.878	-4.630	-6.156	-4.588	19.876	14.960	11.598	35.797	5.759	13.217	14.687	8.398	-9.455	-20.941	-17.260	-9.718	-14.608	-17.271	-9.137	-7.854	-8.329	18.664	10.771	21.247	21.797	17.674	16	Cars
4.499	3.323	8.327	3.560	0.906	-2.052	1.577	7.879	-0.349	15.704	1.024	-6.168	-10.596	-6.797	-12.273	-3.342	-4.058	-2.397	-3.205	-2.621	-6.761	0.383	-1.157	1.975	1.317	11.624	2.363	4.215	16	ScrambledFaces
-5.686	-0.242	-9.935	-11.328	-2.984	-2.293	9.817	6.735	33.553	20.156	15.164	3.995	0.344	-11.808	-6.230	-4.709	-8.143	-0.274	-10.193	-6.339	-7.133	-7.937	-8.146	-3.440	3.393	15.174	8.101	9.560	16	ScrambledCars
-1.603	-4.479	-0.473	-1.059	-1.074	2.255	9.793	8.239	17.125	22.303	20.670	10.808	4.139	-2.680	-8.684	-10.556	-7.586	-12.851	-9.562	-10.166	-6.703	-8.525	-0.899	-2.926	7.492	21.145	6.990	15.411	16	ScrambledCars
-3.039	-3.334	-10.541	-4.317	-1.063	6.222	0.023	0.482	9.571	-2.101	12.265	6.429	-7.118	-5.712	-3.928	-4.751	-8.344	-4.645	-6.043	-2.858	-7.225	1.353	-7.794	-1.990	5.891	15.640	-0.808	11.828	16	ScrambledFaces
1.208	-7.357	-9.705	-3.830	-2.337	-6.489	9.774	5.634	4.063	9.579	-4.059	3.934	5.058	-5.217	3.522	-3.540	-0.175	-0.770	-5.426	-9.416	-7.761	-1.971	4.625	5.257	0.256	15.102	21.266	13.005	16	Cars
-9.861	-10.158	-2.119	-0.374	-2.660	5.678	5.331	1.827	7.147	9.434	1.977	13.184	0.598	-3.109	-14.753	-13.730	-7.347	-4.326	-8.275	-11.996	-8.389	-2.359	3.838	6.010	11.429	19.774	21.055	17.242	16	Cars
2.525	-5.737	-3.916	-5.569	0.266	3.981	8.128	12.606	20.648	9.730	10.529	5.683	6.292	5.061	-6.079	-7.612	-9.677	-13.540	-9.745	-7.887	-3.344	-11.238	-12.287	3.457	-0.389	12.487	11.133	9.826	16	ScrambledFaces
-6.543	2.709	-1.863	-10.084	-2.092	5.743	2.718	-6.369	-5.778	10.105	-4.525	1.403	1.989	0.656	-0.553	9.615	3.450	-0.304	0.093	3.889	0.577	3.591	0.163	4.569	-2.809	8.699	5.316	6.040	16	ScrambledCars
5.713	-0.902	4.946	6.303	-1.284	5.591	-5.681	-2.250	-4.876	2.259	8.681	-4.352	-15.819	-12.180	4.389	1.349	6.654	12.313	-0.084	-5.373	-7.542	-2.711	-0.224	-10.071	0.105	-1.622	-19.100	-5.895	16	Cars
-10.469	-6.341	-18.145	-21.864	-5.696	-7.743	15.955	10.482	23.569	16.039	1.475	14.386	4.545	-4.937	-15.356	-9.966	-10.793	-11.700	-5.631	-12.531	-9.982	-2.032	1.010	7.281	17.126	28.628	14.387	22.658	16	Cars
-12.567	-4.016	-12.439	-2.734	-0.851	-9.768	1.278	3.536	8.531	8.728	3.913	-0.473	-5.667	-10.995	-6.571	-4.782	-6.174	-6.295	-1.711	-5.593	-7.158	0.194	2.922	-0.200	9.775	24.012	8.598	14.273	16	ScrambledFaces
-9.776	-6.496	-2.789	-9.630	-1.750	-2.562	7.897	3.506	19.547	4.331	17.252	3.977	4.026	-3.016	-9.569	-5.637	-4.775	-6.038	-8.373	-8.415	-7.834	-12.539	-4.870	3.247	4.683	19.488	7.000	12.678	16	ScrambledCars
0.710	0.454	4.661	17.059	9.428	4.713	-0.166	-2.682	-2.124	-3.582	2.415	-6.172	-4.383	-9.563	5.567	10.251	8.376	-3.421	6.065	5.506	-3.097	5.125	1.082	-2.406	-5.932	-4.959	-6.298	-2.230	16	Cars
-8.636	-6.017	-8.668	-5.820	-1.200	-7.270	10.585	2.096	11.206	6.639	18.477	1.477	8.077	6.756	-7.416	-3.954	-3.179	-8.142	-9.613	-2.936	-0.619	-13.276	-5.658	1.783	5.959	17.284	9.618	14.097	16	Cars
1.428	-1.559	-5.068	-7.767	-0.714	-7.936	10.674	14.516	33.792	27.101	19.203	15.318	2.566	-5.272	-10.778	-12.912	-19.554	-17.027	-20.470	-15.695	-14.825	-18.185	-15.722	0.117	5.723	24.348	3.476	16.731	16	ScrambledCars
-15.858	-9.762	0.505	-9.681	-7.337	-7.216	10.989	26.022	30.690	22.008	12.283	9.234	-2.034	-1.613	-9.482	-10.611	-14.471	-5.114	-9.808	-8.265	-8.458	-11.029	-7.315	-4.943	0.047	6.124	-0.222	8.672	16	ScrambledCars
-7.050	-3.708	-8.566	-8.055	0.883	-2.092	3.248	-0.656	5.189	16.341	16.776	2.398	3.538	-0.015	-4.779	-1.968	3.111	-5.927	0.744	-1.713	-5.206	2.794	-1.389	8.479	-3.752	15.170	12.634	10.927	16	ScrambledCars
-10.276	-12.360	-16.277	-21.987	2.967	-7.606	17.385	14.090	27.628	23.156	15.219	13.592	4.125	2.637	-15.221	-6.880	-12.418	-16.916	-11.283	-1.666	0.045	-9.579	-8.333	0.269	7.308	19.429	6.483	19.714	16	ScrambledFaces
-15.423	-8.824	-10.557	-5.618	1.052	5.488	19.203	18.389	25.043	22.682	11.387	12.352	4.275	-6.148	-16.695	-17.607	-13.254	-5.934	-13.662	-15.831	-10.895	-11.545	-6.826	0.522	8.266	15.891	23.879	14.043	16	ScrambledCars
-17.575	-9.942	-3.447	5.802	-10.443	-12.908	19.922	8.464	35.436	40.709	26.244	24.210	9.157	-5.506	-18.201	-14.519	-19.247	-15.534	-19.743	-12.559	-15.459	-20.059	-19.616	5.409	3.542	26.230	18.077	25.008	16	ScrambledCars
-7.368	-9.369	-4.241	-4.945	-9.731	-1.233	7.887	14.472	21.934	15.504	18.858	8.386	-2.929	-14.632	-10.117	-21.393	-12.836	2.926	-13.317	-21.067	-20.114	-7.913	-6.717	3.511	3.704	11.576	-1.305	8.834	16	ScrambledCars
-16.114	-0.969	-14.265	8.475	1.233	4.217	15.915	9.929	29.731	16.550	30.326	12.310	5.780	2.833	-16.747	-2.640	-6.931	-11.111	-6.335	0.925	3.562	-10.511	-7.730	-3.189	3.473	6.120	-4.012	5.684	16	Cars
10.197	-1.220	-1.795	-10.139	-9.092	-11.499	-0.285	-17.068	-6.015	-4.071	-7.476	6.063	3.253	7.594	10.348	6.674	6.389	5.299	3.688	0.367	2.946	1.174	-0.825	0.901	-2.152	4.336	-2.406	0.377	16	Cars
-10.522	-6.171	-8.097	6.215	-0.549	-3.678	11.489	10.704	30.615	16.180	3.417	5.290	6.854	1.861	-17.031	-13.311	-20.473	-7.142	-12.887	-6.979	-3.274	-1.625	-3.564	1.679	0.668	10.373	3.936	8.780	16	ScrambledCars
9.159	0.356	1.928	2.442	2.147	-2.904	3.970	-12.908	-5.973	0.699	-3.784	-2.875	-4.640	-1.991	3.065	5.102	4.811	5.076	4.327	4.652	-7.045	0.493	1.844	-3.227	1.370	1.176	3.055	1.426	16	Cars
-9.369	-11.684	-9.008	-11.128	-7.820	-0.548	3.817	10.286	9.261	13.846	0.683	10.803	0.264	-17.427	-8.209	-14.035	-8.498	-2.037	-6.417	-9.980	-12.085	-4.445	3.075	3.837	15.971	26.608	14.692	22.521	16	ScrambledFaces
-14.469	-3.305	-17.009	-11.868	1.619	-8.361	8.847	4.883	3.699	16.869	2.511	6.641	5.703	11.358	-11.940	-6.031	-4.866	-2.115	-1.645	-1.035	-0.915	3.154	4.006	3.243	10.709	20.838	9.399	11.920	16	Cars
-1.471	-5.755	3.297	-4.808	3.707	0.455	7.540	2.224	7.706	14.159	4.005	4.243	-1.527	2.097	-1.981	-3.907	-4.048	-2.831	-2.793	-0.895	-1.409	-1.030	-4.054	4.535	-4.281	4.993	-1.835	9.220	16	ScrambledCars
8.263	3.507	7.860	20.563	-0.205	-2.822	-1.062	-8.465	-5.178	-0.045	-14.424	-11.887	-0.748	4.718	6.119	6.916	6.124	3.117	5.632	7.058	2.647	-0.096	4.833	-1.787	-5.619	-4.277	-8.224	-6.733	16	Cars
-2.168	-18.881	-3.191	-22.628	-10.707	-19.165	5.366	19.966	23.092	15.998	13.396	15.424	-5.046	-14.738	-9.299	-17.470	-15.733	2.858	-16.316	-16.758	-21.921	-17.305	-4.248	-1.720	15.137	33.888	14.328	22.502	16	ScrambledCars
2.441	16.313	9.041	5.400	6.621	5.541	-6.124	-3.584	-6.386	-3.909	-11.257	-10.627	-15.264	5.133	8.177	9.838	9.538	7.528	7.207	10.869	6.326	-0.290	-2.814	-8.309	-3.067	-9.614	-13.493	-8.907	16	Cars
0.198	1.491	-11.778	-0.644	-5.818	-5.153	4.749	12.451	-1.336	10.508	4.104	-1.161	3.505	-4.026	3.485	-0.636	-4.355	1.390	-7.163	-3.941	-6.720	-2.979	-5.269	-3.028	-2.408	4.545	5.488	4.806	16	ScrambledCars
25.315	1.777	12.400	-3.706	-7.778	9.369	-1.296	-10.746	-7.696	-13.313	-6.548	-19.559	-9.204	-18.002	17.581	1.090	8.665	12.312	3.399	-10.303	-16.668	1.924	8.912	1.982	1.003	-1.074	-5.583	-5.652	16	Cars
-8.696	-7.529	-18.873	-3.460	0.730	-9.625	3.845	-1.541	9.485	6.748	-7.226	-5.222	-2.674	-1.603	6.457	6.455	10.013	5.735	9.634	0.603	0.857	13.289	6.556	3.207	3.593	3.698	1.188	-1.812	16	Cars
4.946	9.979	-1.814	-3.450	-1.887	0.563	4.610	2.863	5.843	8.987	-12.668	-1.663	1.686	-9.112	-0.969	4.365	2.630	-0.105	0.510	-2.717	-9.381	-2.154	-2.805	-4.302	1.226	7.186	1.918	5.671	16	ScrambledCars
-16.841	-17.193	-6.353	-18.815	-5.507	-10.573	23.473	29.439	42.023	38.285	31.768	29.173	11.069	-3.551	-28.845	-29.891	-32.860	-24.083	-30.720	-28.000	-15.834	-19.037	-22.559	9.962	9.680	39.553	28.490	36.617	16	ScrambledFaces
-3.661	5.117	5.898	7.885	-0.869	9.515	-3.790	-4.614	-3.612	-2.948	-9.520	-6.899	-10.711	-4.098	1.210	0.891	0.484	5.370	1.839	2.408	-4.516	2.801	4.693	4.933	2.501	7.305	-1.893	-3.843	16	ScrambledFaces
-6.077	3.053	0.636	0.873	-1.568	-5.591	12.675	16.100	31.019	27.200	16.581	11.999	-5.780	-14.974	-10.965	-8.035	-11.867	-14.639	-15.399	-10.090	-19.063	-12.173	-18.341	0.262	6.306	22.140	7.873	17.418	16	ScrambledFaces
-5.567	4.982	-2.594	5.228	-3.575	-6.220	6.753	12.002	15.678	14.074	18.995	3.532	-0.900	-2.551	-6.050	-0.341	-10.624	-16.642	-6.826	-3.767	-3.111	-8.739	-12.570	-6.265	-0.634	13.900	4.471	12.642	16	ScrambledFaces
-15.504	-15.052	-3.414	-4.356	-2.381	-4.087	5.512	2.607	15.182	17.635	9.825	5.227	-0.600	-9.897	-7.961	-10.578	-5.238	-0.513	-0.106	-8.647	-7.465	-1.267	5.084	2.239	9.901	14.202	1.037	8.146	16	ScrambledFaces
0.866	4.652	-3.775	2.485	-1.305	-3.884	-2.151	-24.192	-9.320	-5.004	-5.333	-13.520	-1.061	3.128	9.206	8.397	12.723	6.944	15.386	12.912	8.375	15.210	2.922	-0.537	-3.780	-3.508	-2.610	-8.438	16	Cars
-14.585	3.469	-12.265	10.462	3.712	-2.996	12.960	7.152	14.252	24.439	14.487	12.131	6.081	0.458	-15.283	-3.766	-7.341	-14.893	-8.628	5.139	1.661	-4.604	-5.333	-0.056	8.347	13.491	4.660	9.018	16	Cars
-5.401	-3.451	-1.760	-3.249	-11.214	-7.257	-2.838	-0.671	5.161	-1.298	8.615	-3.748	-6.202	-10.900	2.659	0.243	2.151	6.899	3.326	-0.788	-7.045	2.602	6.503	-3.858	5.989	7.990	-3.489	1.983	16	Cars
-17.655	-5.689	-7.099	-18.170	-4.800	-7.773	8.228	6.737	26.995	16.065	16.930	13.212	-4.057	-9.195	-8.115	-8.981	-7.540	-6.837	-5.420	-12.621	-8.666	-8.974	-10.837	-2.151	5.792	22.051	10.048	12.648	16	ScrambledFaces
-6.054	-2.226	-8.454	4.914	-1.379	1.631	2.632	10.146	17.713	1.113	-2.328	0.517	-1.391	-1.553	-6.783	0.026	-7.999	-14.226	-0.452	0.766	-1.492	4.287	4.656	6.731	6.137	20.204	6.938	9.593	16	ScrambledFaces
-9.267	-3.071	13.880	-0.545	-2.744	-7.874	6.554	11.305	17.808	12.723	10.331	2.616	-1.667	-5.741	0.518	5.428	6.959	-3.475	3.084	3.215	-3.082	-4.817	-6.876	-6.810	-7.538	-2.630	-2.024	0.243	16	Cars
5.153	4.175	6.452	-1.501	-0.004	-4.164	1.495	10.002	22.422	9.619	10.685	7.069	-14.934	-16.107	-10.470	-11.185	-13.597	-10.822	-17.388	-12.828	-16.650	-12.883	-13.906	-4.096	9.671	22.411	5.127	14.913	16	ScrambledFaces
-7.183	-5.209	-7.925	-0.344	-2.440	-3.022	10.137	16.044	13.334	20.243	13.725	7.123	3.737	-2.722	-10.021	-5.063	-7.678	-9.529	-8.418	-8.740	-10.223	-3.675	-2.566	3.360	5.695	19.312	15.484	17.649	16	ScrambledFaces
-9.487	-15.274	-5.012	-9.212	-9.076	6.421	11.251	13.154	26.387	15.705	6.883	11.116	-2.911	-8.478	-0.850	-15.511	-7.333	-1.034	-10.437	-18.548	-13.576	-12.827	-7.906	1.027	3.914	17.132	13.456	18.388	16	ScrambledFaces
-0.293	6.666	-1.222	-1.426	-8.681	-14.785	15.112	10.886	19.765	27.087	13.908	15.828	-0.457	-21.492	-8.630	-12.464	-14.262	-15.418	-22.388	-21.619	-27.783	-22.234	-19.508	6.672	11.288	28.882	17.975	25.154	16	ScrambledFaces
-6.880	-1.287	-9.451	15.568	-0.492	5.476	10.793	5.580	17.291	10.140	7.508	7.484	2.645	0.040	-18.630	-11.056	-14.918	-3.980	-10.919	-8.548	-3.593	-9.385	-1.306	1.338	4.352	14.195	4.194	9.499	16	ScrambledCars
-2.288	-4.034	-10.762	-6.208	4.329	-2.314	6.131	-11.533	-10.819	7.121	12.993	-0.522	3.296	4.019	2.250	6.887	3.701	4.556	8.909	11.121	10.828	8.194	9.412	4.426	-3.638	-5.016	-6.933	-2.113	16	Cars
-11.034	-2.736	-1.007	-9.672	-8.241	-2.137	-2.396	-2.629	15.565	14.621	9.605	3.773	-5.446	-2.683	-7.842	-2.515	-4.080	-5.397	-3.465	-0.320	0.549	-0.696	-2.402	-4.872	5.207	19.926	3.375	13.587	16	ScrambledFaces
-14.470	-8.384	-11.085	-8.275	-1.967	-18.377	6.888	17.783	19.163	15.900	19.629	11.684	3.130	-5.299	-7.156	-10.312	-7.051	-7.523	-8.407	-3.618	-1.760	0.039	-6.165	4.812	1.613	16.051	5.980	15.693	16	ScrambledCars
-9.546	1.618	-0.655	-1.737	7.249	-1.494	1.360	10.532	17.853	11.409	-0.962	3.857	-7.290	-5.926	-6.135	2.358	-4.282	-5.534	-3.596	-0.252	-4.817	-10.382	-6.724	-3.965	2.659	18.891	3.368	12.492	16	ScrambledFaces
-1.999	4.849	3.389	-3.255	-4.147	5.911	1.822	1.755	7.848	-1.771	-16.914	-4.957	-2.552	1.440	4.514	3.668	7.436	6.791	0.357	0.873	-3.643	-0.177	3.134	1.034	0.825	-0.069	-3.352	-3.927	16	Cars
-22.545	5.262	1.342	-3.280	-4.646	-2.310	4.330	7.796	11.193	14.240	7.145	0.925	-2.545	-14.440	1.213	-2.381	-5.038	-4.976	-8.238	-8.203	-13.387	-4.414	-9.958	-0.412	5.014	14.658	11.061	12.796	16	ScrambledCars
-10.839	-15.055	-21.952	-9.017	-14.798	-10.428	13.933	9.208	24.021	27.053	14.949	13.610	8.248	0.228	-8.951	-14.134	-8.070	-3.479	-11.158	-18.004	-9.785	-12.007	-4.666	6.767	5.858	22.827	13.080	21.678	16	ScrambledFaces
1.550	-5.188	-6.752	0.678	-1.319	-11.651	2.533	1.923	-16.533	9.752	14.075	0.026	5.309	2.303	-0.180	-1.287	0.695	-5.902	-0.537	-0.194	3.017	0.606	3.766	4.287	3.417	7.120	4.367	6.684	16	Cars
-5.891	8.471	-4.173	3.019	-1.072	-8.244	4.725	-5.089	12.065	4.854	3.155	-7.267	-0.143	1.735	2.518	5.512	0.313	-0.283	1.559	8.758	3.898	-6.099	-6.687	-4.920	-7.659	4.844	4.549	-1.744	16	ScrambledFaces
-0.785	0.322	-0.724	-1.082	2.486	8.308	8.276	7.607	16.605	9.690	11.626	-0.829	0.499	-9.152	-7.124	-7.546	-3.289	-6.643	-1.486	-11.932	-10.980	-8.018	0.046	-0.118	3.747	12.475	7.446	8.248	16	ScrambledFaces
-2.408	-1.100	-2.894	-5.964	1.566	3.711	5.796	3.390	12.602	8.099	9.463	-1.203	-7.360	-13.175	-4.015	-1.353	-4.072	3.943	-4.221	-5.266	-14.665	-3.280	2.750	-0.368	4.675	8.067	3.514	4.871	16	ScrambledFaces
-11.163	-14.853	-7.196	-15.387	-15.010	-13.702	4.236	12.235	9.028	9.706	8.720	2.484	1.402	0.857	-5.006	-15.109	-13.175	-6.567	-11.063	-16.548	-6.501	-1.117	3.972	8.546	11.240	21.109	9.901	13.213	16	ScrambledCars
-6.897	-11.503	-6.053	-16.798	-1.251	0.302	13.003	14.727	29.975	29.164	11.185	10.078	4.192	0.808	-15.223	-13.814	-13.800	-7.736	-6.466	-7.905	-5.738	-1.459	0.254	6.299	8.428	20.528	3.918	11.372	16	ScrambledCars
4.583	-1.521	0.116	-2.331	-11.418	-0.055	3.569	4.076	9.539	15.415	1.533	4.311	-2.499	-11.992	-2.804	-7.743	-6.065	-2.991	-11.496	-14.309	-12.954	-12.347	-4.321	-1.068	9.570	13.078	9.609	10.995	16	Cars
-4.869	9.780	-4.118	1.109	0.589	-3.276	10.307	7.226	12.019	8.458	-0.625	-0.246	3.659	-4.145	-3.094	0.774	3.058	-10.899	1.907	1.670	-5.335	5.099	4.036	0.082	-1.244	5.249	1.846	2.041	16	Cars
-18.940	-18.402	-19.982	-13.550	-2.823	-7.812	20.624	16.011	15.254	33.378	23.348	21.244	6.210	-10.577	-14.946	-21.990	-16.836	-14.277	-10.565	-20.073	-19.903	-9.220	-7.982	12.111	14.161	36.107	25.943	36.624	16	ScrambledFaces
-16.452	-17.188	-16.892	-19.395	-7.273	-15.417	10.697	0.267	16.397	18.580	28.291	10.352	10.030	-0.207	-11.100	-14.007	-10.717	-14.379	-7.164	-11.873	-3.959	0.728	0.970	14.780	17.296	31.326	18.319	22.401	16	ScrambledCars
-16.784	-18.822	-14.515	-12.183	0.157	1.638	13.651	21.622	14.846	19.472	12.522	5.648	6.062	4.125	-7.739	-7.653	-13.162	-8.899	-7.473	-7.332	-2.152	-4.191	-1.748	6.118	4.215	21.653	10.491	14.342	16	ScrambledCars
2.115	4.287	1.878	-9.538	-5.048	-2.664	0.586	-11.170	-2.747	-1.274	9.259	3.279	2.617	-7.898	2.634	-0.781	3.434	4.462	3.011	-8.818	-13.812	-2.460	0.458	-1.297	6.785	11.052	4.156	6.293	16	Cars
-19.540	-15.504	-15.158	-12.394	-6.433	-10.897	16.857	14.525	37.623	30.499	25.978	18.092	1.175	-5.806	-11.268	-16.813	-18.587	-7.664	-18.269	-17.141	-16.438	-10.801	-12.065	2.548	8.355	30.457	18.861	25.276	16	ScrambledFaces
-6.541	0.369	0.522	4.822	9.333	7.156	6.931	-18.770	-15.031	7.008	-16.599	1.658	16.957	8.167	-1.839	-1.296	0.463	1.546	4.193	-0.713	2.775	8.115	18.534	15.174	4.259	1.975	13.277	2.203	16	Cars
0.152	1.573	-1.584	-16.374	-5.964	9.790	12.420	10.157	5.339	14.445	24.950	2.095	7.176	-4.683	-2.290	1.440	-3.559	-9.010	-6.070	-8.274	-7.675	-6.925	-9.233	-1.678	-4.107	2.124	-4.206	1.573	16	Cars
-10.170	-12.572	-12.601	1.125	-3.930	-16.386	0.241	-0.336	-2.764	1.311	4.466	2.234	3.062	2.376	-1.255	-2.373	3.048	-2.839	1.413	0.022	-2.159	9.988	8.298	4.313	8.201	12.237	10.091	7.011	16	Cars
-12.271	-20.931	-9.654	-6.073	-9.928	-18.980	10.266	13.206	30.611	28.429	24.560	14.807	-1.934	-15.579	-14.613	-18.225	-11.783	-8.163	-22.980	-17.236	-15.966	-8.392	-7.025	4.497	18.058	29.972	16.971	21.772	16	ScrambledFaces
-8.138	-22.260	-8.899	-12.856	-6.672	-6.888	17.099	10.758	22.777	24.035	16.672	12.804	6.849	-2.575	-13.844	-23.252	-20.456	-2.540	-15.036	-22.387	-11.667	-11.703	-2.954	1.713	6.623	17.523	13.911	19.632	16	ScrambledCars
-10.572	-12.170	-3.644	1.443	7.776	-0.282	22.866	-7.647	16.929	26.871	24.328	16.471	16.761	6.729	-10.525	-12.829	-13.205	-10.051	-20.718	-13.480	-4.282	-23.183	-15.605	1.322	1.799	17.391	18.919	18.615	16	Cars
-16.668	-0.503	-14.001	-8.879	-4.587	-15.973	9.810	15.010	22.761	18.915	25.054	9.181	4.988	-3.622	-5.413	-5.082	-5.173	-12.325	-11.450	-4.835	-9.294	-2.672	-0.858	2.684	3.967	20.291	14.510	18.387	16	ScrambledFaces
-4.030	-22.713	-6.913	-26.352	-9.518	-12.393	5.078	9.192	22.553	25.796	12.508	16.638	-3.823	-7.708	-7.951	-8.132	-7.885	-0.822	-10.333	-6.997	-5.429	-8.452	-7.005	-4.627	0.830	14.769	7.005	15.672	16	ScrambledCars
4.862	-5.711	-8.300	-9.431	-3.586	-4.693	-6.965	-0.322	10.651	-1.020	1.996	0.680	-0.272	4.418	-8.382	-9.043	-7.948	2.775	-3.288	-2.007	3.167	-1.946	3.124	0.707	13.773	15.999	8.397	10.679	16	ScrambledCars
-0.642	4.328	-1.445	2.453	1.288	1.876	4.840	-0.630	-6.821	-1.856	-4.496	-4.183	2.783	-0.527	-2.404	-2.115	2.267	3.443	5.946	-0.299	-0.738	7.224	3.735	3.471	-1.767	3.062	-3.928	0.007	16	Cars
7.562	12.368	7.118	4.708	-1.685	-1.845	-8.118	-22.933	-13.030	-11.223	7.418	-8.880	-6.660	-0.807	12.254	10.694	11.496	0.557	8.373	6.186	-0.795	1.009	1.137	-5.931	-3.828	-7.350	-7.501	-9.011	16	Cars
-2.815	3.422	0.690	-0.771	6.395	7.942	5.627	-9.143	-1.490	-2.167	-13.223	-3.118	2.478	2.638	-5.984	1.668	-0.913	-4.336	6.018	5.005	1.268	6.487	7.333	2.234	1.229	0.763	5.857	2.941	16	Cars
-7.789	-8.049	-1.672	-9.430	-5.922	-10.140	4.281	10.865	15.525	21.884	9.929	9.334	0.663	-2.659	-5.412	-14.327	-8.179	-0.420	-8.100	-10.968	-8.515	-3.614	-1.915	-0.207	5.763	21.644	6.147	12.791	16	ScrambledFaces
8.644	8.666	-1.565	-2.454	3.369	-10.054	-0.451	-21.714	-9.897	0.114	-0.695	-5.191	-1.575	0.216	12.658	12.074	11.522	11.106	6.340	6.087	2.305	7.193	0.795	7.862	-9.994	-3.920	1.221	-3.407	16	Cars
0.535	-0.707	-1.113	-8.093	-9.400	-8.668	5.795	5.218	7.369	9.374	0.162	5.071	6.613	3.507	4.574	2.345	3.685	0.507	-1.848	3.358	2.261	-8.649	-7.231	-1.909	-2.859	8.509	3.800	8.436	16	Cars
8.250	-1.824	-0.400	4.571	2.606	1.212	11.809	4.830	7.711	10.735	10.232	0.703	3.606	-3.385	5.013	-1.917	1.590	-2.865	-5.535	-4.879	-1.883	-9.576	-12.711	-10.247	0.003	9.126	3.549	2.790	16	Cars
-20.029	-19.044	-11.213	-10.772	-8.904	-9.789	8.169	14.260	29.016	25.679	29.427	16.079	-7.087	-22.411	-15.912	-21.383	-18.160	-4.606	-12.600	-26.974	-21.770	-8.778	1.548	5.175	20.895	35.421	20.607	27.805	16	ScrambledCars
-9.512	-0.786	-5.627	-12.251	2.579	-6.291	0.584	11.340	12.272	1.752	2.953	-2.231	-1.116	-1.108	-7.866	0.469	-1.265	-6.391	0.231	1.898	-2.192	0.802	2.903	5.715	18.528	26.053	15.881	16.555	16	ScrambledCars
-11.819	-20.175	-12.510	-8.611	-5.207	-8.181	13.368	9.725	17.791	17.912	13.117	13.542	5.853	-0.281	-15.169	-17.085	-5.812	0.996	-2.752	-9.567	-10.389	2.403	8.836	4.570	8.373	11.601	13.939	11.582	16	Cars
-30.444	-8.319	-18.586	-6.157	-5.080	-15.949	10.731	17.645	17.961	13.392	-1.847	18.564	8.331	3.116	-19.860	-4.571	-8.035	-6.361	-3.945	-13.773	-2.234	-4.011	-3.108	7.516	22.536	29.988	14.715	22.408	16	Cars
-2.952	3.286	-6.434	-14.429	-0.829	-1.660	8.475	7.987	19.295	14.429	5.955	3.997	-1.425	1.661	-5.459	-4.092	-5.998	-5.839	-8.474	-5.416	-0.782	-10.333	-11.522	10.888	8.330	22.964	6.627	16.430	16	ScrambledCars
3.310	-2.201	-11.083	-3.371	-7.353	-7.214	4.826	13.932	10.018	12.633	8.099	7.295	-3.239	-11.132	-10.762	-5.267	-9.387	-15.995	-4.722	-6.061	-9.659	-6.440	-7.696	-1.752	7.894	20.229	12.610	17.529	16	ScrambledFaces
-1.050	2.190	-1.546	-12.592	-1.025	-0.319	1.012	12.392	7.173	-1.687	-14.026	-8.033	-2.970	-3.355	-0.913	-4.091	7.570	11.362	5.106	-7.309	-10.312	2.464	4.320	1.492	1.989	3.817	-2.309	-1.997	16	ScrambledCars
1.066	-13.721	-6.119	-5.278	-11.580	-23.615	8.587	6.212	18.305	26.836	16.429	10.246	-0.642	-5.497	-9.486	-12.813	-6.982	-1.558	-10.118	-18.920	-20.691	-5.826	-2.899	-0.532	10.234	26.364	18.207	20.241	16	ScrambledFaces
-3.998	-3.093	0.672	0.169	2.777	-6.436	0.141	-4.230	1.937	-2.204	-24.598	0.077	-0.106	5.447	7.318	4.483	9.222	6.358	8.297	4.537	1.036	1.952	8.761	2.816	-0.480	-2.334	-3.337	-3.982	16	Cars
-21.614	-15.302	-6.193	-9.773	-7.057	-5.078	15.447	8.695	26.225	33.337	23.822	16.025	3.077	-8.537	-20.944	-18.018	-22.811	-18.604	-20.667	-16.588	-13.511	-9.820	-7.737	10.751	14.973	36.761	22.316	26.901	16	ScrambledFaces
0.851	6.594	5.012	-6.344	-2.874	-8.048	8.022	-4.550	14.526	13.313	7.984	-0.093	1.675	-6.056	-1.831	-3.856	3.728	-2.843	1.765	-5.310	-7.042	-5.248	-1.826	-0.613	-3.729	12.985	-0.155	9.361	16	ScrambledFaces
-9.684	-1.566	-6.421	1.313	-2.726	-8.998	-0.914	6.956	7.103	5.589	-4.240	-1.170	3.306	2.237	-4.985	-0.679	-2.021	-9.180	1.299	4.016	7.219	5.236	-3.519	8.870	3.923	16.930	5.100	8.735	16	ScrambledFaces
-5.910	-11.336	6.959	-13.817	0.657	-0.060	5.334	26.212	11.180	13.977	2.773	-0.895	1.080	-3.269	-5.222	-11.034	-12.071	-1.673	-14.322	-10.597	-4.950	-10.295	-4.165	3.625	1.880	8.578	1.777	7.800	16	ScrambledFaces
-10.473	-14.616	-19.298	-12.539	-7.345	-1.176	9.847	4.693	27.938	13.719	22.522	10.576	1.291	-5.347	-7.420	-6.589	-4.412	-4.022	-5.809	-11.891	-7.496	-13.559	-5.822	2.276	7.768	19.225	4.293	21.065	16	ScrambledFaces
1.907	9.361	8.762	3.267	4.439	-1.643	-0.583	-12.537	-10.475	-7.234	-14.774	-7.613	-1.423	1.304	-0.962	3.796	4.835	1.674	3.651	2.884	-0.144	1.209	6.405	4.091	8.054	7.842	-8.665	-1.649	16	Cars
-7.472	-1.015	-4.205	1.545	-6.157	-10.580	0.610	-6.369	9.992	12.563	-1.598	3.355	0.056	-1.737	-1.286	-2.989	-6.329	-3.912	-5.047	-6.254	-9.349	2.118	-8.353	5.078	15.148	25.642	9.965	12.607	16	ScrambledCars
-0.237	-9.955	-9.089	-3.833	-6.900	-10.980	8.259	23.551	29.782	26.329	24.311	17.303	-2.961	-17.032	-6.330	-16.082	-10.538	-3.334	-12.116	-19.582	-22.287	-16.312	-5.805	-0.480	2.229	14.686	16.157	19.064	16	ScrambledCars
3.506	-7.526	1.235	-3.595	-6.216	1.251	-0.720	7.920	4.807	7.913	-20.866	11.460	1.055	-2.213	-5.788	-9.952	-10.299	-4.555	-8.918	-7.571	-7.251	-11.617	-10.099	-2.425	9.485	16.646	5.598	15.490	16	ScrambledFaces
0.869	6.104	6.311	5.702	4.298	15.796	8.268	5.229	24.174	9.192	-1.015	-1.100	-2.759	-8.916	-3.733	2.192	-3.653	-7.677	-3.195	-0.309	-11.036	-9.462	-3.133	-2.322	-1.894	5.386	-2.572	-0.754	16	ScrambledFaces
12.495	10.526	8.602	-0.180	-5.794	2.569	-0.876	11.339	20.026	5.568	17.253	1.170	-17.531	-15.506	2.654	-10.171	-3.002	6.642	-10.565	-12.905	-17.926	-24.376	-12.710	-17.563	-0.287	4.093	-12.516	0.425	16	ScrambledFaces
-0.585	-2.618	-4.501	5.439	5.849	-9.700	11.065	1.535	7.265	13.553	2.787	0.864	8.209	10.563	5.713	6.715	7.250	1.760	1.084	5.023	3.622	-6.799	-2.333	-2.523	-8.346	-2.317	-4.663	-0.885	16	Cars
-15.295	-8.872	-7.466	9.240	-0.303	-12.433	14.068	4.173	29.241	26.736	18.141	7.371	6.080	-2.129	-16.371	-5.405	-9.816	-19.430	-4.523	0.195	-3.697	-0.924	-3.227	4.353	4.575	14.375	17.680	17.169	16	ScrambledFaces
-2.161	6.248	7.725	4.092	0.870	18.806	0.127	20.679	8.199	-1.108	-1.403	-7.374	-8.710	-13.936	-4.186	-14.199	-5.696	1.185	-5.416	-18.337	-22.959	-13.499	-6.960	-9.452	5.379	3.540	1.933	2.231	16	ScrambledCars
-21.496	-11.354	-7.590	-5.801	6.203	0.375	16.486	10.357	20.220	10.438	25.032	5.519	4.758	-0.882	-15.649	-11.192	-13.802	-12.894	-9.483	-8.654	-3.268	-8.720	-3.344	4.888	11.076	20.811	14.230	17.229	16	ScrambledFaces
-9.360	-15.346	-10.748	-17.980	-2.632	-2.066	3.965	4.285	12.348	13.620	0.546	2.056	2.775	4.587	-5.927	-10.170	-7.141	4.431	-2.322	-11.234	-6.150	3.452	5.049	4.003	9.526	14.348	4.651	9.291	16	ScrambledCars
5.171	8.541	-2.924	-2.675	3.637	9.748	10.267	-12.903	3.309	22.762	17.214	4.976	4.271	-0.274	-3.763	-1.017	-3.324	-7.994	-9.455	-5.512	-1.076	-18.344	-16.711	-5.707	1.481	6.101	5.624	5.492	16	Cars
-4.173	-18.523	-3.490	2.950	-4.449	2.856	4.019	20.000	29.380	15.874	4.592	5.984	-7.803	-18.938	-8.808	-18.933	-13.054	1.312	-16.571	-20.216	-20.793	-15.340	-1.966	-3.043	4.740	21.679	6.449	14.360	16	ScrambledFaces
10.841	7.595	9.242	5.464	-0.085	-5.354	-0.359	1.018	4.475	4.426	2.828	-4.476	-9.291	-9.509	6.956	8.572	5.249	-4.163	-4.854	4.670	-4.193	-18.483	-9.319	-13.439	-3.862	-1.163	-7.898	-5.311	16	Cars
2.417	5.117	-1.330	-7.313	2.135	2.749	1.810	2.877	-1.097	-6.421	22.533	-5.216	0.352	-4.264	-6.084	0.264	-3.533	-3.407	-0.774	-3.493	-1.729	5.054	-3.662	3.889	-0.478	5.102	5.465	2.145	16	Cars
0.584	4.339	10.531	-0.831	-8.687	-3.324	-4.823	10.678	9.007	1.205	-7.004	-2.457	-11.405	-11.529	-0.047	-5.793	-5.138	7.348	-4.710	-12.572	-16.048	-3.495	5.209	0.205	4.568	7.384	-8.412	4.731	16	ScrambledCars
-6.340	2.781	-1.505	8.193	0.013	-6.535	7.664	-9.443	5.626	13.197	1.084	-5.662	9.810	5.154	5.795	2.393	2.747	5.827	-2.403	-1.650	2.780	2.519	-4.325	-0.878	-6.849	-4.252	-1.747	-3.252	16	Cars
-5.803	-3.563	-3.909	6.465	7.503	-5.685	11.079	-2.387	8.824	8.963	-0.122	-0.775	9.764	4.341	-4.624	-3.331	-6.552	-2.481	-1.371	-4.837	3.841	-0.274	0.303	-2.261	0.262	5.975	6.725	9.515	16	Cars
1.170	-10.963	-2.099	6.244	-4.477	-8.052	6.016	14.397	19.649	17.165	3.987	0.965	-4.464	-6.898	-3.582	-2.350	-7.291	-5.526	-5.055	-6.234	-6.362	-5.296	-6.815	1.680	6.389	17.544	0.960	10.160	16	ScrambledCars
1.063	-1.383	-4.782	-0.047	-2.713	-11.307	5.849	-11.272	8.117	8.408	-6.521	-3.791	2.598	4.733	-2.589	0.270	2.631	6.770	1.294	-2.073	-7.240	2.377	3.208	7.189	6.548	11.771	9.668	3.561	16	Cars
-5.209	-13.088	-3.387	-3.310	-7.911	-2.269	3.922	5.926	17.054	16.132	29.609	7.274	-1.564	-4.601	-3.865	-8.054	-4.459	-10.924	-12.177	-9.169	-7.423	-6.876	-11.481	-3.084	0.595	13.611	11.752	17.470	16	ScrambledFaces
-5.222	-5.449	-15.588	-9.719	-10.595	-8.612	-0.808	6.247	11.567	8.934	-5.528	0.790	-6.890	-7.026	-3.778	-4.913	4.187	4.875	7.811	-5.344	-1.759	5.939	9.516	6.960	11.098	20.559	6.572	14.188	16	ScrambledFaces
-10.841	0.371	-13.061	1.326	-2.150	-6.854	7.819	9.126	11.449	20.400	2.744	6.292	1.458	-6.003	-9.466	-7.207	-4.929	-7.249	-3.967	-9.810	-9.551	-4.716	-2.100	2.227	6.360	13.210	5.790	9.834	16	ScrambledFaces
-8.968	-8.466	-3.840	5.668	3.545	-2.966	11.025	1.042	9.981	5.847	2.341	1.604	-2.100	-5.466	-2.706	2.040	-1.693	-7.279	-0.234	2.013	-7.170	-1.345	-2.943	4.366	0.802	6.957	2.724	4.198	16	ScrambledCars
-11.155	-9.623	-17.096	-16.491	-17.156	-5.887	8.745	24.192	27.128	18.705	12.043	15.180	-5.405	-22.908	-7.881	-8.582	-2.173	0.572	-6.147	-19.005	-23.841	-9.990	0.036	-1.941	12.192	21.740	11.221	19.585	16	ScrambledFaces
4.329	5.704	3.127	0.259	0.196	5.240	5.220	0.710	1.789	6.017	-4.777	-5.926	1.693	-1.256	7.382	5.612	4.368	4.313	0.455	8.389	0.293	-6.317	-4.551	-3.285	-9.359	-10.664	-2.315	-8.878	16	Cars
13.763	7.312	4.725	-5.964	-3.113	-0.068	7.056	-2.132	4.435	7.994	26.728	-1.850	-5.181	-13.124	3.060	5.972	2.765	-4.736	-11.890	2.442	-7.395	-17.948	-20.877	-5.746	-5.604	6.786	6.233	8.877	16	ScrambledCars
-9.579	-14.780	-17.469	-4.024	-4.688	-3.497	11.498	8.522	14.122	12.162	19.362	14.243	13.965	7.284	-13.165	-5.890	-13.062	-19.510	-7.860	-3.488	0.245	-5.404	-3.489	10.714	6.023	24.983	10.802	19.862	16	ScrambledCars
1.470	-4.043	1.272	1.058	2.773	-3.897	9.009	3.652	9.149	15.955	-5.996	6.722	1.199	-4.734	-6.700	-8.094	-11.862	-7.427	-14.487	-6.905	-4.685	-7.899	-2.992	-3.933	2.349	7.687	-4.813	4.484	16	ScrambledCars
-4.142	-8.627	4.773	-0.205	-7.004	2.376	2.541	13.537	17.365	3.672	0.916	5.146	-10.597	-15.163	-8.169	-11.496	-6.564	0.231	-7.576	-14.062	-19.268	-4.089	-1.920	-4.175	10.609	15.201	-5.593	12.097	16	ScrambledFaces
-14.963	-15.942	1.218	-0.844	13.473	9.156	12.689	22.283	16.258	15.923	5.809	6.587	6.146	-3.268	-17.630	-13.403	-17.340	-10.284	-10.361	-6.618	-2.105	0.379	-1.125	-0.076	5.438	6.969	-2.856	9.060	16	ScrambledCars
-6.127	-5.549	4.458	-1.344	-15.766	-8.803	-4.888	-0.069	3.355	1.308	6.074	-2.482	-10.784	-9.789	-5.072	-4.192	-1.854	-0.876	-3.531	-14.174	-8.744	-4.171	0.784	5.531	16.024	20.693	4.116	9.446	16	ScrambledFaces
-3.321	-2.665	-5.411	-6.858	-15.428	-5.535	3.818	8.363	12.341	5.005	-2.352	8.629	-3.484	-16.285	-3.693	-0.062	1.434	-6.939	0.410	-4.414	-11.651	0.962	3.522	2.310	8.468	22.819	11.079	16.800	16	ScrambledFaces
12.064	4.520	1.334	-0.100	-6.082	-1.682	1.084	5.040	14.314	-1.308	33.086	4.434	-8.871	-17.058	5.283	1.037	1.727	-10.832	0.463	-6.979	-15.194	-5.599	-8.882	-2.734	0.832	6.304	-2.634	6.654	16	ScrambledCars
-12.214	-5.936	1.135	-18.945	-7.966	-4.450	-1.253	8.038	16.921	6.533	13.633	4.792	-6.401	-11.536	-5.290	-8.196	-5.182	-0.811	-7.730	-12.534	-12.328	0.657	-3.882	7.341	14.558	25.905	2.315	17.772	16	ScrambledCars
-10.116	-9.858	-11.817	-5.635	-8.085	-11.359	7.832	14.706	19.337	20.558	12.106	7.179	2.219	-10.815	-8.097	-10.815	-8.488	-5.739	-3.633	-8.043	-11.771	-4.481	-1.295	5.684	10.427	23.651	6.058	16.608	16	ScrambledFaces
-8.110	-16.370	-10.856	-0.138	2.829	-9.101	7.600	3.636	1.499	6.084	-1.366	3.203	9.727	11.865	-8.563	-2.883	-7.774	-4.608	-2.329	-0.105	7.586	6.252	1.016	10.063	6.899	17.428	16.300	12.529	16	Cars
-6.844	-27.311	-5.227	2.076	-8.508	-2.892	9.577	2.884	-1.677	6.612	-3.484	2.391	3.555	-5.864	1.364	-12.327	-2.681	7.947	-4.148	-13.995	-8.500	-3.776	6.428	1.765	6.101	5.816	7.540	0.810	16	Cars
3.995	9.094	-3.281	-4.120	-1.363	-0.243	-1.471	11.646	22.308	38.866	-4.332	1.618	-10.237	-8.251	8.177	2.085	1.640	-6.945	-5.521	-1.769	-6.077	-7.460	-15.288	-7.804	-12.778	-0.119	-8.612	-0.961	16	ScrambledCars
-16.527	-22.562	-17.286	-15.973	-12.810	-10.049	13.571	14.045	34.215	25.480	21.535	17.093	-2.250	-22.196	-14.519	-26.082	-16.478	-3.622	-17.386	-25.885	-21.640	-13.642	-0.583	9.990	20.587	39.138	18.600	29.221	16	ScrambledCars
1.081	-0.291	4.411	1.386	3.282	9.997	1.840	0.807	0.092	5.949	8.005	-0.787	-3.106	-8.201	-8.337	-6.757	-9.297	-6.538	-6.079	-5.161	-3.457	0.491	0.068	-5.464	3.578	11.105	-2.783	-0.784	16	Cars
-11.063	-6.211	0.565	-9.265	-6.252	-4.020	4.428	16.939	16.579	2.665	-0.731	-1.223	-8.555	-4.341	-3.539	-3.282	-0.174	2.649	1.777	-5.007	-10.470	-6.402	-0.188	-0.785	7.177	16.511	8.939	7.762	16	ScrambledCars
1.317	0.690	-2.795	-11.816	0.522	-8.471	3.969	0.225	1.354	2.584	-18.869	-6.182	-6.792	-6.061	3.659	2.913	7.616	5.930	4.170	-0.668	-3.679	3.339	3.495	-1.295	-0.090	7.847	0.138	-0.708	16	Cars
-13.954	-13.783	-17.898	-11.204	-7.392	-18.460	11.509	6.377	12.961	20.329	25.244	7.301	2.419	-9.535	-20.215	-11.774	-15.196	-13.548	-11.472	-13.976	-14.661	-1.782	0.611	10.083	15.615	29.104	15.235	24.983	16	ScrambledFaces
-12.431	-14.808	-13.707	-4.728	-8.010	-16.815	14.567	3.440	26.603	30.822	12.548	13.614	1.533	-5.108	-10.781	-11.443	-12.851	-3.165	-14.277	-18.565	-18.873	-11.798	-6.216	8.306	12.412	29.575	15.201	21.678	16	ScrambledCars
-12.388	-8.928	-13.221	-26.942	-0.838	-10.883	11.201	7.855	20.697	14.284	8.894	1.319	6.938	-0.428	-2.959	0.530	-1.504	-4.445	-2.804	2.414	-0.922	-2.237	0.166	6.391	2.987	9.997	0.843	8.399	16	ScrambledCars
-8.156	-3.806	-11.759	2.542	-10.003	-3.819	8.500	12.325	17.232	15.514	16.569	10.742	0.419	-8.776	-14.678	-15.534	-16.187	-8.437	-17.428	-12.548	-19.026	-11.139	-8.106	-8.041	10.520	22.032	22.271	18.937	16	ScrambledFaces
-11.358	-9.350	-7.577	-12.573	-2.902	-1.654	11.636	18.591	23.592	22.289	22.870	12.770	2.356	-4.736	-14.912	-17.802	-17.411	-11.086	-15.005	-15.904	-11.137	-9.819	-12.629	8.013	5.350	20.372	7.349	18.282	16	ScrambledCars
-3.508	-6.954	-2.493	-0.034	-6.125	-5.682	5.993	15.801	19.520	12.743	3.918	3.186	-4.630	-13.688	-4.243	-10.462	-11.097	-3.152	-12.099	-13.689	-14.446	-8.299	-11.086	-5.283	8.086	21.626	1.182	13.789	16	ScrambledFaces
-4.376	-4.277	-15.396	-4.134	-9.262	-17.494	8.539	7.226	19.656	17.104	8.934	11.477	6.623	-1.764	-9.182	-7.871	-8.214	-17.610	-5.620	-10.914	-6.764	-3.412	-6.429	10.853	7.803	29.002	13.442	24.237	16	ScrambledFaces
8.524	20.734	13.149	7.641	21.733	9.727	1.035	-33.679	-8.786	-7.668	-3.617	-14.949	4.836	11.449	-0.644	12.493	1.257	-3.787	3.265	22.712	13.682	6.419	-1.959	2.351	-9.586	-7.706	-3.557	-9.903	16	Cars
-7.410	-9.073	-10.989	-4.439	-5.820	-9.215	14.240	25.111	31.348	20.404	27.241	15.236	6.459	-0.674	-13.332	-14.306	-18.374	-9.995	-23.456	-16.624	-5.553	-22.476	-18.033	0.553	5.150	14.268	10.841	12.834	16	ScrambledCars
-2.052	0.248	5.620	3.829	-0.329	-1.490	3.683	1.777	1.502	5.985	-4.294	1.131	-10.047	-11.478	0.570	-0.783	-4.784	-0.065	-3.764	0.705	-6.777	-1.287	-2.432	-3.585	-5.631	5.452	-2.848	8.017	16	ScrambledCars
10.233	13.168	23.233	0.539	4.557	24.166	0.186	13.136	3.265	-1.760	-21.215	-8.578	-12.594	-13.271	2.868	2.754	-1.838	3.085	-3.000	-8.769	-12.977	-4.359	-0.254	-0.418	0.451	0.660	-4.995	-3.219	16	ScrambledCars
-9.200	-5.223	-5.505	-4.889	-7.421	-4.175	8.563	15.576	28.976	28.711	0.213	6.911	-3.475	0.477	-3.864	-2.223	-10.360	-13.828	-13.009	-4.021	-5.186	-15.071	-11.224	-8.907	4.752	22.318	6.960	13.159	16	ScrambledFaces
-10.879	-19.037	-10.204	-2.313	-5.780	-14.295	6.357	0.402	7.288	7.958	4.207	2.088	6.937	-0.478	-4.929	-2.767	1.592	2.447	3.822	-3.521	-5.787	9.529	8.249	12.661	5.684	7.536	2.187	7.907	16	ScrambledCars
-12.704	-11.682	-15.124	6.094	-11.145	-23.057	8.978	0.831	20.184	19.431	21.347	8.739	7.468	4.912	-8.411	-7.841	-7.163	-14.084	-4.455	-13.266	-4.509	-5.745	-6.299	9.673	12.806	30.455	21.467	23.238	16	ScrambledFaces
-9.748	-9.913	-9.701	-19.690	-14.873	-9.591	3.396	5.916	12.308	14.314	20.455	9.272	1.741	-5.390	-2.763	-6.597	-4.043	-0.073	-5.375	-10.574	-7.305	-2.146	-6.465	8.028	8.418	21.971	9.113	19.237	16	ScrambledCars
-4.479	-8.881	-8.931	-12.839	2.731	-14.997	4.961	-17.010	-7.758	10.773	4.600	-0.931	4.323	-0.438	7.232	5.770	10.042	0.320	7.745	7.493	2.407	8.338	6.381	7.405	1.691	8.880	6.854	6.258	16	Cars
-8.625	-7.914	-9.702	-6.199	-2.248	-3.647	7.489	6.406	15.671	14.200	-2.765	6.855	7.221	3.871	-10.909	-11.266	-11.239	-12.294	-10.551	-2.758	4.135	-6.965	-9.663	9.968	11.895	27.410	15.238	18.908	16	Cars
-12.305	-22.334	-11.129	-25.938	-17.927	-26.545	6.188	21.050	33.016	25.735	19.302	16.938	-3.751	-16.334	-14.037	-22.770	-17.290	-3.943	-21.265	-28.374	-26.054	-16.766	-8.877	3.754	21.276	36.899	20.360	30.055	16	ScrambledFaces
11.801	10.963	8.319	3.244	-2.334	0.625	-8.144	5.124	-15.143	-10.353	-15.530	-15.216	-15.984	-13.252	18.739	14.192	18.417	9.762	10.638	8.543	-4.327	-6.494	-8.838	-11.342	-8.059	2.289	-8.531	-8.435	16	ScrambledFaces
-7.129	-8.641	-1.584	-6.681	-11.595	-2.058	2.466	-1.054	-2.903	9.308	3.087	8.926	2.377	-4.787	-5.339	-12.902	-11.413	4.793	-12.548	-16.777	-9.947	-7.757	7.911	1.426	10.498	10.815	5.137	9.225	16	Cars
1.846	-3.257	4.743	2.863	4.866	-1.397	3.577	-4.452	1.499	2.225	-14.865	1.829	4.190	-5.147	1.663	-4.396	4.166	8.965	4.194	-2.572	-7.318	7.241	6.739	0.928	1.508	1.797	0.144	0.388	16	Cars
-9.010	-16.155	-13.604	-27.787	-10.285	-3.970	16.128	19.127	32.683	26.521	23.921	14.901	4.434	-12.835	-10.783	-23.493	-19.524	-11.037	-21.925	-31.485	-24.427	-17.491	-2.769	7.840	14.427	34.743	17.742	24.916	16	ScrambledFaces
-5.031	2.165	-3.643	-2.401	0.036	2.839	4.912	-7.651	2.439	16.391	7.796	7.076	-1.392	2.035	-5.542	-4.177	-2.108	-6.463	-3.749	-3.574	-2.247	-0.793	3.016	0.980	0.052	5.004	4.287	4.122	16	Cars
