FP1	F3	F7	FC3	C3	C5	P3	P7	PO7	PO3	O1	Oz	Pz	CPz	FP2	Fz	F4	F8	FC4	FCz	Cz	C4	C6	P4	P8	PO8	PO4	O2	ID	Condition
0.257	3.451	11.971	-2.881	2.900	0.148	-2.530	7.176	14.467	5.990	9.616	8.644	-10.756	-5.517	-18.996	0.088	-3.964	-10.658	-9.068	-1.114	-6.313	-4.875	-5.587	-6.875	4.907	5.417	2.297	6.159	17	ScrambledFaces
-2.075	1.380	7.956	3.586	0.724	-1.440	1.792	10.090	8.008	-6.893	2.720	-0.140	33.420	-9.427	-6.760	-1.407	-6.477	-6.225	-1.225	-1.855	0.353	-3.820	-3.196	-1.642	3.563	2.747	2.711	4.248	17	ScrambledCars
-10.952	-11.608	-0.825	-10.565	-5.051	-10.802	3.724	2.598	11.766	-1.859	12.863	9.944	-3.051	-5.801	-9.664	-12.184	-9.312	7.443	-1.938	-11.504	-12.854	-8.648	-0.684	2.842	5.796	7.810	31.432	10.389	17	ScrambledFaces
-0.528	-9.598	-2.770	-4.927	-10.687	0.473	5.247	8.517	14.164	5.996	15.603	6.695	-1.751	-4.567	-13.561	-10.672	-11.167	-5.598	-12.326	-8.358	-5.780	-2.420	-4.679	-2.370	-1.282	5.783	20.499	11.804	17	ScrambledCars
-5.826	-12.487	-4.129	-2.204	5.487	-1.115	-5.508	2.877	14.306	1.242	10.882	4.992	2.254	3.792	-6.713	-1.867	-3.934	-9.139	1.381	2.821	3.539	1.473	-0.739	4.991	-2.925	8.223	7.266	11.156	17	Cars
-1.380	-5.310	-3.369	-2.432	-4.808	4.106	9.098	8.052	11.447	7.144	14.440	7.879	0.361	-9.794	-3.893	-8.986	-3.370	0.715	-7.591	-10.072	-9.811	-8.812	-5.727	-7.243	0.271	3.656	6.823	10.380	17	Faces
-8.775	1.829	-2.982	-6.139	-3.625	-2.610	14.849	-0.718	7.391	1.253	5.274	3.155	3.345	-1.362	-7.472	-2.837	0.089	-1.013	0.677	3.104	-2.823	1.281	1.498	0.152	-1.001	1.929	-0.358	2.626	17	Cars
2.728	-4.313	-12.441	-10.178	8.705	-4.064	-11.629	8.534	2.484	-2.176	2.098	5.007	-12.045	-5.831	0.145	1.027	-2.839	1.542	-7.331	2.456	-3.317	-8.716	-7.558	-10.898	-5.151	3.823	11.213	9.166	17	ScrambledFaces
-5.018	-0.887	-3.837	-2.600	-2.298	-0.066	2.760	2.129	7.770	0.696	11.147	6.145	2.910	5.835	0.097	-0.235	-1.847	-2.685	2.319	3.412	-1.622	-1.633	-0.732	2.888	-0.319	7.055	-6.510	3.295	17	Faces
-3.464	5.684	5.082	-5.144	1.391	-5.341	8.042	1.996	0.593	2.674	4.453	-4.351	-7.047	3.298	-9.485	-3.790	-3.844	-2.124	-2.575	3.446	-0.377	1.421	0.961	-0.309	3.300	-0.573	1.751	-2.884	17	Cars
4.242	-9.922	1.733	-10.575	-9.834	-4.923	-9.559	1.517	10.127	5.627	10.126	6.338	-4.362	-6.271	-9.172	-6.708	-1.804	3.809	-8.336	-7.433	-3.974	-5.189	-3.514	-5.476	5.755	3.966	0.880	7.572	17	Faces
-1.623	-3.014	-9.240	-8.993	0.806	-3.815	3.987	-0.942	3.859	-0.740	9.461	6.273	-2.177	-1.012	-6.488	2.034	-1.618	1.448	-6.690	-2.424	-3.259	2.354	0.036	5.178	-4.894	7.466	-1.728	8.300	17	ScrambledFaces
-17.279	-11.732	5.944	-7.569	-7.808	2.257	8.513	15.221	21.967	17.206	29.777	20.515	0.979	-7.527	-26.204	-12.159	-15.349	-17.050	-11.599	-5.082	-10.603	-9.904	-6.002	3.526	14.171	17.096	0.522	17.141	17	Faces
-0.591	-2.012	-1.721	3.909	-0.467	-1.306	4.537	2.976	-0.141	-4.325	3.855	0.898	-2.039	-3.074	1.952	0.522	5.943	10.502	9.002	-4.210	-4.796	-3.571	-0.594	-0.178	-13.829	-0.933	1.326	-6.299	17	Cars
-9.586	-6.751	-10.715	-7.179	-1.473	-9.672	11.591	10.139	9.219	9.766	11.130	10.482	9.953	5.154	-6.237	-4.987	-8.669	-12.518	-12.571	0.502	0.460	-6.367	-5.169	6.119	0.322	8.758	24.214	16.449	17	ScrambledCars
-0.436	-5.859	-3.450	-2.218	-8.712	-5.622	9.986	5.043	10.490	12.423	11.308	8.352	2.200	-1.169	-4.705	-8.568	-8.300	-2.403	-15.570	-11.968	-6.235	-1.798	-2.084	3.767	8.044	9.986	-3.066	7.161	17	ScrambledFaces
4.873	-7.884	1.537	3.177	1.339	2.176	1.241	6.449	11.161	7.446	16.514	11.338	3.645	6.008	-3.377	-4.531	-16.996	-7.465	-6.951	2.166	1.060	-3.016	-7.504	2.634	-11.228	6.181	-7.838	11.329	17	ScrambledFaces
-1.814	-3.634	-8.119	2.150	-10.317	-4.131	-1.718	3.421	-0.927	-1.227	2.539	2.662	-7.032	-0.445	5.656	4.048	4.843	7.044	-2.163	0.053	-1.385	-1.324	-0.792	-2.030	-3.462	4.426	5.750	2.022	17	ScrambledCars
-9.993	12.171	-5.685	4.012	-1.210	5.256	1.725	-3.329	6.876	-0.864	13.692	3.779	-4.731	2.619	-5.547	-5.385	-6.014	-7.088	-6.355	-5.845	-1.043	-6.158	-3.912	0.596	-2.239	4.414	10.399	10.057	17	ScrambledCars
-3.046	-0.672	19.862	-0.463	1.221	-0.574	-8.033	5.468	1.733	-1.811	6.577	4.941	-13.308	-4.529	5.642	-3.425	0.919	3.273	1.087	-1.581	-3.018	-2.819	-2.507	0.320	4.110	-2.761	-23.586	1.784	17	Faces
-4.609	-1.830	-9.263	-0.436	-1.904	2.395	3.764	10.048	10.332	13.120	12.234	5.657	-3.245	-5.340	-7.367	-9.658	-7.273	-1.117	-6.051	-12.029	-6.867	-6.707	-3.217	2.043	-1.595	5.778	8.075	8.454	17	Faces
-5.702	-6.037	-12.954	-4.012	-0.691	-1.847	9.178	6.796	6.556	3.796	7.210	4.787	-1.806	-1.584	1.060	-5.141	-6.254	-0.273	-8.341	-4.451	-4.294	-4.119	-1.629	-4.277	9.403	6.095	1.809	6.304	17	Faces
7.998	2.296	-6.262	-5.527	1.254	0.294	0.289	14.325	4.647	-0.468	1.918	0.146	6.282	5.754	-6.599	1.375	-4.518	2.772	-5.467	8.799	1.156	2.648	-3.153	-3.214	-13.998	-0.191	1.583	-3.371	17	Cars
-21.828	-11.478	-21.517	-2.688	2.867	0.354	8.117	4.173	10.095	22.420	10.866	6.731	9.792	13.941	-1.527	-6.383	-4.189	-4.842	1.231	5.672	7.918	8.495	8.195	10.636	2.445	1.963	27.158	5.719	17	Cars
-6.273	9.307	-2.633	1.982	-1.134	-5.683	2.109	4.220	13.167	-37.700	8.549	-0.839	-4.393	-6.746	-3.112	-1.966	-0.850	7.928	-10.909	-3.945	-2.330	-3.170	-3.845	-4.708	0.151	3.429	-5.498	-2.583	17	Faces
-2.089	-7.879	2.377	1.002	-3.937	0.587	19.842	2.389	13.647	29.149	18.513	13.451	-8.540	-0.580	-5.665	-16.974	-13.713	-14.832	-8.419	-11.606	-0.679	-1.977	-3.379	4.525	0.553	7.376	9.609	11.198	17	ScrambledFaces
3.419	-7.218	-7.353	-5.656	-1.474	3.966	4.764	4.063	10.387	4.289	5.319	8.531	4.731	-0.215	-6.661	2.441	-2.463	-7.904	-3.595	-1.132	0.839	-3.529	-3.205	-0.331	0.958	2.282	0.730	6.760	17	Faces
-4.912	2.975	-1.757	-3.631	1.464	-3.469	-3.477	6.654	2.874	17.139	1.800	1.959	8.625	2.954	-9.129	1.755	8.532	-4.503	5.731	0.649	1.190	1.158	1.312	-2.671	-2.898	0.631	-8.186	-1.001	17	Faces
0.215	0.778	-0.610	3.981	3.700	-0.425	5.158	-1.200	1.471	-6.773	5.235	3.993	0.506	2.389	-10.681	2.059	-5.391	-1.160	2.175	3.596	2.926	1.843	1.383	0.962	-0.940	6.052	6.308	1.429	17	Cars
-0.915	-10.025	-0.932	-3.167	2.322	8.631	6.234	8.641	7.252	1.571	4.618	3.245	-0.660	-4.523	-2.101	-5.908	-6.800	-2.031	-4.092	-3.435	-1.765	-4.228	-2.614	-5.074	6.012	-1.455	10.624	-0.127	17	Cars
-0.368	-3.188	5.310	-8.386	0.335	-4.256	-3.302	2.327	6.143	9.285	11.159	7.306	-3.038	-2.492	4.780	-4.325	-7.555	-1.263	-5.520	-5.555	-6.891	-7.359	-6.992	-4.326	-5.640	1.205	6.814	5.540	17	ScrambledCars
-4.758	-3.065	-4.725	-2.421	-3.212	-4.829	-7.500	8.297	3.899	-5.761	7.105	3.323	-11.585	-5.017	-1.854	-4.986	2.147	1.207	3.277	-4.580	-6.639	-1.668	2.666	6.545	10.799	1.024	-0.190	0.917	17	Cars
5.172	2.779	0.048	3.243	-3.960	-0.837	0.512	-5.393	0.475	-0.942	1.291	0.745	-7.339	-3.796	-1.377	0.549	-0.813	6.350	-4.049	-1.646	-2.924	-4.064	-1.614	-2.814	1.371	1.027	-4.285	5.731	17	Faces
-11.020	-13.903	-1.817	-5.721	-3.728	-5.156	11.949	4.486	17.496	15.342	20.547	12.130	-3.500	-3.966	-16.460	-7.821	-7.167	-7.190	-7.403	-10.065	-5.819	-7.314	-2.995	0.317	5.304	7.883	20.526	11.111	17	ScrambledCars
-1.019	-5.827	9.449	-7.305	-0.392	-4.268	1.027	19.340	14.545	6.085	5.561	7.979	-2.035	-0.275	-4.591	-4.250	-7.954	-2.872	-9.799	-6.893	-3.820	-4.209	-5.869	-2.224	1.472	-3.915	-3.031	2.073	17	Faces
-2.995	5.985	5.346	1.622	-4.257	-0.198	-6.283	0.891	5.967	-4.191	4.458	3.083	3.310	0.006	-2.221	-0.774	-1.106	-1.946	5.235	-2.848	1.653	-4.291	-1.525	-2.450	1.822	0.639	0.123	-0.470	17	ScrambledCars
6.695	-3.181	-3.982	1.698	1.073	-0.632	2.696	-1.532	3.914	0.429	1.222	0.156	-4.413	-5.151	5.684	-2.174	1.785	9.006	5.451	-2.459	-1.366	-0.848	-0.439	-6.010	-4.496	0.427	-27.769	-4.157	17	Faces
-8.462	-14.366	-15.486	-13.640	1.199	-8.130	6.568	9.628	18.345	9.750	18.510	13.659	-10.022	2.289	-8.650	-6.555	-8.999	-5.763	-9.554	-7.875	-1.506	-1.329	-2.072	1.961	3.290	11.677	5.622	17.264	17	ScrambledCars
-9.529	-10.655	-9.435	1.305	-1.448	0.799	6.340	17.204	15.837	30.723	22.100	13.516	-2.641	3.589	-23.273	-7.891	-5.571	-16.015	-5.135	-3.830	-0.954	-5.624	-3.591	1.876	-0.276	7.235	6.871	9.541	17	ScrambledCars
7.938	-2.111	-13.191	-0.130	-3.845	0.235	-16.120	-11.728	-1.759	-5.766	0.643	1.539	2.585	4.413	10.607	3.849	9.896	3.424	6.600	0.123	0.992	3.595	2.024	3.238	-6.895	3.688	-8.939	3.625	17	ScrambledCars
-6.651	-2.372	-5.139	6.086	8.633	2.684	18.557	11.010	3.544	5.732	4.489	3.307	0.274	4.987	-11.698	-1.639	0.978	-5.214	3.397	1.841	0.254	-0.939	0.774	-3.644	3.012	2.691	-11.622	4.839	17	Cars
-15.653	7.352	3.836	-2.018	4.289	1.971	10.262	14.320	12.990	3.545	10.056	3.665	4.530	0.486	-7.896	-0.695	-6.183	-13.014	-3.072	1.017	2.311	-0.825	-3.975	-2.299	-4.279	1.901	-1.653	4.570	17	Cars
-0.781	-11.399	5.224	-1.473	-6.106	-6.098	-6.810	-3.159	13.156	-2.279	11.019	6.218	-5.454	-5.189	-11.299	-4.426	-1.330	1.032	1.398	-2.766	-1.877	0.486	0.407	-4.765	2.607	6.335	15.474	5.396	17	Faces
-7.985	-4.255	2.830	-5.111	-4.611	-1.945	4.798	12.724	12.212	7.106	11.908	6.562	-1.092	-5.603	-16.059	-3.639	-4.444	-6.992	-8.409	-6.232	-4.877	-5.414	-3.395	3.096	4.625	8.116	12.442	12.031	17	ScrambledCars
-5.038	-3.360	-1.922	2.223	-1.473	-4.384	-5.860	-3.052	4.137	-1.947	6.802	4.486	-2.919	-1.675	0.213	-1.832	-2.345	-0.216	1.008	-0.727	-0.717	-1.441	-0.601	-5.657	2.393	6.648	9.212	5.864	17	Faces
-10.305	-4.271	-2.146	-14.142	-1.645	-5.464	14.349	8.927	13.508	4.427	15.019	12.527	1.212	-2.221	-13.760	-14.315	-12.853	-8.252	-5.395	-8.215	-4.702	-3.283	-4.005	4.720	-6.534	7.189	15.908	14.871	17	ScrambledCars
-0.925	2.698	-1.536	1.395	2.818	-2.963	-8.598	-7.852	-0.329	-27.727	4.964	7.061	4.944	-0.227	-6.649	-3.555	3.039	3.821	0.445	0.443	0.972	5.064	3.346	0.769	1.627	4.641	17.967	7.083	17	ScrambledCars
-2.382	0.820	9.508	-10.818	-8.184	-1.450	-4.806	4.349	13.694	37.302	19.938	13.490	-4.207	-8.815	-4.546	-6.045	-8.607	-5.566	-12.385	-10.216	-9.450	-10.972	-10.632	-5.016	-9.888	5.770	-0.320	11.130	17	ScrambledCars
-2.567	7.442	-5.591	-1.355	-2.322	5.807	-2.820	1.355	-8.581	-5.905	-4.088	1.016	9.127	1.830	5.863	2.603	1.096	-3.673	1.801	5.673	3.982	1.475	-0.116	1.423	-5.248	-1.690	16.816	3.240	17	Cars
-8.341	-1.490	-8.118	-1.307	6.710	-1.639	10.595	-6.492	15.000	5.705	19.244	12.791	0.479	-7.851	-0.707	-2.932	-13.452	-4.217	-10.026	-13.580	-6.541	-5.053	-4.189	2.488	-1.884	5.413	-8.981	12.793	17	Faces
-6.150	-4.970	0.903	-8.347	-7.388	-11.817	-14.376	15.172	0.717	7.920	7.902	5.516	-9.277	-6.272	-2.159	-9.045	-2.011	5.080	2.528	-5.678	-7.884	-0.244	0.595	0.590	1.298	7.479	10.439	8.074	17	ScrambledCars
-8.820	-6.979	-2.932	-1.686	-0.702	-0.212	1.198	27.224	12.100	11.484	11.438	10.409	1.734	12.352	-9.919	-5.934	-5.683	-7.077	-6.685	0.913	-1.038	-6.700	-11.252	1.848	-29.556	2.677	10.963	13.149	17	Faces
-7.863	-2.939	-5.072	-3.338	-1.427	3.706	10.252	4.560	13.642	7.176	12.152	4.630	-8.578	-0.322	-8.569	-10.200	-12.135	-10.946	-9.277	-4.437	-2.174	-6.853	-5.552	1.134	-0.659	5.229	15.075	8.314	17	Cars
-3.159	2.043	-10.506	3.500	-1.150	1.285	-6.337	-8.020	3.852	-3.353	7.770	5.778	-2.531	-2.949	-0.860	6.548	2.137	9.313	-0.287	-1.652	-2.205	-0.387	1.428	1.210	-4.872	8.183	4.874	8.084	17	ScrambledCars
-4.544	0.286	3.973	-6.309	-3.961	-0.194	3.698	12.961	6.935	4.754	10.434	4.624	-6.496	-6.862	-4.398	-0.357	-0.888	-0.147	-4.709	-4.897	-10.802	2.200	-1.702	-1.674	-2.500	0.885	-14.505	5.964	17	Cars
-4.149	-8.150	-1.457	-2.520	2.349	3.530	2.369	13.070	12.008	5.218	11.525	9.546	-13.494	-1.451	-1.871	-5.005	-13.499	-1.623	-5.427	-5.643	-1.539	-1.968	-3.475	2.266	-1.505	4.712	-5.184	2.360	17	ScrambledFaces
-12.758	1.809	-6.994	-1.122	-5.591	1.413	-2.675	4.426	3.261	6.458	9.639	8.970	-10.858	-2.777	1.020	-4.334	-5.633	0.157	-5.788	-4.301	-2.092	-5.166	-1.378	-1.059	8.613	7.224	-0.477	3.911	17	ScrambledCars
1.256	1.730	-0.358	18.589	3.855	0.039	-0.305	0.970	6.917	-0.516	5.991	3.520	-1.714	2.706	-6.711	-4.110	-0.658	-6.688	-8.114	-2.140	2.239	-3.272	-5.265	-0.765	-9.639	1.496	3.254	2.938	17	ScrambledCars
4.621	-0.697	0.410	-4.178	-8.266	1.658	13.432	5.668	9.137	5.656	13.758	4.497	2.678	1.123	-7.101	-4.619	-5.552	-10.613	-7.919	-4.689	-2.610	1.530	-4.196	-0.168	-8.802	2.700	14.149	4.319	17	Cars
-19.493	-2.281	-18.938	-12.681	-3.635	0.174	7.291	25.680	27.825	16.768	37.056	25.752	5.439	-5.300	-18.184	-16.389	-19.140	-18.249	-16.098	-12.014	-7.623	-9.358	-8.209	4.317	4.175	15.258	-6.555	20.364	17	ScrambledFaces
3.236	3.504	-17.092	3.738	3.388	0.091	11.618	4.792	2.076	12.826	1.610	1.593	1.624	-0.217	-9.191	-3.090	-1.669	-3.438	0.576	-2.275	3.187	-0.489	1.268	6.995	-5.655	0.770	-6.062	-2.248	17	Cars
-2.599	-11.414	-7.064	-3.369	0.962	-0.026	0.781	3.965	13.117	13.671	10.735	12.736	-1.508	-1.247	5.114	-10.589	-8.632	-8.278	-3.519	-9.682	-3.998	-2.305	-5.131	0.924	-9.379	6.594	4.180	12.671	17	ScrambledCars
-10.178	-6.586	-4.652	1.306	6.018	-1.043	2.968	8.744	11.042	10.383	7.929	10.126	2.733	2.011	-8.246	-2.825	-5.803	-7.709	-0.259	-3.943	0.058	-1.778	-2.236	-4.076	-1.927	6.016	1.550	10.776	17	ScrambledCars
0.350	11.846	13.857	-3.789	10.674	4.408	4.401	0.593	-3.321	5.108	0.722	-3.815	8.488	2.140	-0.127	13.404	10.043	-3.621	6.112	10.642	7.108	2.384	-3.400	2.428	-26.339	-4.781	-4.382	1.437	17	Cars
-4.489	-2.137	-3.761	0.360	-2.679	-11.545	-3.595	0.725	2.388	-7.761	7.080	4.859	-3.581	-2.354	-1.893	5.202	5.915	2.663	6.283	0.045	-0.462	2.307	2.746	-4.859	4.960	0.730	-8.194	10.062	17	ScrambledCars
-0.026	-0.506	-2.895	-3.327	-3.716	-3.521	6.197	4.104	3.513	-12.776	9.524	1.501	-0.487	-5.088	-3.066	-2.889	1.497	-0.705	1.255	-7.259	-6.139	-1.614	0.193	-1.535	6.232	-0.417	0.123	1.799	17	ScrambledFaces
-2.325	1.777	6.339	5.949	-2.486	9.452	1.087	10.117	13.303	11.018	13.875	5.953	3.787	-2.792	1.188	-6.146	-7.724	-7.217	-3.379	-8.032	-4.184	-9.741	-9.187	-3.972	-10.233	3.024	4.941	6.620	17	Cars
-14.167	-12.837	-7.692	-11.186	-7.098	-2.036	-0.925	9.189	13.845	20.767	16.310	14.494	2.051	-11.531	-5.930	-13.290	-11.613	-2.772	-14.823	-15.466	-12.017	-12.327	-6.827	-3.254	6.079	9.984	16.521	10.910	17	ScrambledCars
-3.698	1.670	-13.679	-1.788	-0.218	-11.936	-14.459	4.527	0.449	-1.829	3.012	3.250	7.823	-1.981	3.579	-3.992	2.184	4.056	2.673	-3.456	-2.888	-0.989	1.403	-5.710	-0.329	-1.721	35.227	7.806	17	Faces
-10.903	-20.988	1.648	-1.423	-4.512	1.999	-2.278	7.593	14.416	12.610	16.002	7.564	-5.661	-6.396	-0.791	-9.050	-12.804	-4.530	-7.598	-7.307	-3.574	-5.095	-5.242	-0.596	2.419	12.394	-0.151	8.106	17	ScrambledFaces
1.890	-6.553	-0.468	-0.328	2.437	-3.706	-5.898	4.722	1.964	4.798	-0.098	-2.943	-5.604	-6.854	5.888	0.409	-9.024	4.624	-1.014	3.030	-6.173	-3.670	-2.354	-5.386	1.497	0.465	4.931	4.625	17	Cars
-13.897	-4.447	-8.575	-4.875	-9.474	-8.214	-0.485	5.693	13.785	7.746	12.372	4.870	-7.599	-3.198	0.229	-3.606	0.237	7.780	0.039	-8.696	-7.531	0.370	3.416	-1.859	9.000	1.571	-6.422	7.194	17	Cars
-0.651	-4.401	-0.403	-4.560	-3.886	-5.123	16.353	4.967	6.338	0.711	9.554	6.618	2.798	2.977	-20.884	-5.276	-0.887	0.858	-7.919	-5.836	-1.331	-0.268	0.718	4.246	-0.294	0.538	23.614	6.285	17	Cars
1.038	8.558	11.576	3.938	3.023	4.794	-13.884	-5.572	-2.835	0.806	2.506	-1.031	-2.444	-6.762	-8.407	-2.958	0.843	-0.487	-1.368	0.629	-1.878	-2.193	-0.785	-0.381	0.550	1.421	10.593	-2.288	17	Cars
-0.555	-12.731	-15.261	-9.979	-12.128	-9.965	-6.859	3.367	4.887	10.578	12.935	7.678	0.361	-8.564	-7.248	-7.476	-3.151	3.849	-2.991	-5.454	-3.953	-3.127	-1.536	-2.841	-5.001	7.259	23.943	8.915	17	ScrambledCars
-3.651	-10.548	-6.435	-13.988	-3.498	-1.918	2.937	13.500	19.523	12.283	25.521	21.831	-4.846	-13.370	-12.854	-16.207	-13.933	-14.628	-11.989	-17.241	-13.118	-17.787	-10.732	-3.373	12.662	24.223	10.128	23.062	17	ScrambledCars
-13.940	2.174	13.663	3.763	-2.391	10.527	-3.912	21.546	7.784	6.076	9.579	6.927	-7.998	4.032	-10.869	-5.700	-3.298	-3.299	-6.687	-4.315	-0.686	-2.577	-2.446	2.530	7.974	2.088	-16.972	4.148	17	Faces
-1.191	-8.956	-1.073	-0.337	-2.733	2.675	-2.609	6.144	4.580	4.616	9.967	7.213	-0.709	0.775	-9.381	-8.198	0.294	0.515	-5.969	-7.510	-4.817	-4.205	-1.901	3.737	3.030	2.802	-6.318	4.300	17	Faces
-0.400	-0.509	-3.024	-5.952	-0.472	-9.840	6.478	4.689	9.658	1.498	9.397	6.334	10.626	-3.707	-6.426	-5.723	-2.617	-4.361	-10.081	-6.374	-2.134	-3.706	-5.367	-1.398	-7.788	2.900	9.560	2.639	17	Faces
-10.639	1.982	10.124	1.144	-5.018	-3.985	5.634	-3.339	-3.398	6.879	1.511	0.344	-6.765	-5.936	-4.209	3.741	5.388	3.966	5.638	-3.594	-7.281	-1.597	2.164	-2.123	4.991	4.404	-14.214	3.155	17	Cars
9.613	4.902	-7.195	-4.966	8.633	-0.709	-7.554	6.346	1.726	3.958	3.309	-0.330	-11.737	-7.391	12.290	-3.962	-0.095	9.900	-3.500	-2.464	-4.837	-7.307	-4.149	-6.215	-0.461	-1.971	-15.010	-5.332	17	Cars
-6.897	-2.409	4.558	-6.878	0.863	4.125	-0.630	4.665	17.890	-1.350	15.016	8.472	-1.992	-12.002	-14.375	-10.360	-10.816	-2.754	-13.893	-11.543	-10.049	-11.573	-7.808	-9.856	8.077	9.481	8.832	9.942	17	ScrambledCars
-8.476	1.564	-5.560	-6.714	-5.428	2.141	-0.523	-0.187	6.333	-0.570	13.424	3.666	-4.703	-0.834	-0.995	1.184	-1.718	2.279	3.894	9.143	-0.205	2.222	-0.146	3.271	-11.669	1.341	-9.760	5.972	17	ScrambledFaces
-8.764	-0.899	-7.114	3.729	2.760	-0.960	12.541	9.957	10.497	8.513	10.067	7.039	-2.372	0.194	-11.447	-9.056	-8.341	-12.238	-5.010	-6.336	-3.360	-4.454	-3.835	-1.133	-1.538	3.743	6.751	8.945	17	ScrambledFaces
4.961	-9.860	-5.729	-9.607	-4.792	9.748	1.121	2.105	-0.270	-2.383	1.996	-0.385	-11.141	-4.426	7.269	-4.212	3.045	4.249	-1.557	-5.941	-5.915	-7.523	-5.399	-2.321	-7.100	5.715	8.988	6.851	17	Cars
-2.855	1.445	-3.999	-4.191	-4.947	-8.708	2.098	-2.004	0.756	0.058	13.283	0.778	-1.157	2.176	1.180	0.654	-1.501	4.594	-0.542	3.540	-2.459	-0.161	-0.593	1.415	-7.011	-0.917	-1.549	4.055	17	Faces
-2.842	-3.524	1.676	3.516	-0.781	-5.358	8.606	2.757	-1.166	-12.068	-3.342	0.743	-7.602	6.108	0.813	1.870	3.837	2.672	2.094	-9.443	6.081	7.061	5.901	2.126	9.052	2.785	15.932	3.804	17	Cars
-0.968	-8.834	-0.726	-5.610	-2.228	-0.472	-6.571	3.514	1.633	0.575	5.413	3.106	-3.708	0.837	1.161	-1.594	-6.085	-2.037	-3.539	-2.582	-0.357	2.350	0.818	-1.025	10.221	2.961	3.775	5.698	17	Cars
-3.836	-5.275	3.924	-7.766	-6.730	-5.229	3.978	5.608	9.899	-2.840	9.740	9.100	3.887	-0.514	0.589	-10.170	-7.596	-3.949	-5.125	-5.912	-6.759	-6.340	-4.690	-1.913	6.563	4.372	-1.467	5.826	17	Faces
2.965	8.711	6.626	9.961	-2.121	0.631	-3.227	2.801	1.334	4.869	4.148	0.492	-10.379	-1.693	-6.801	3.412	-1.977	3.221	-1.574	-5.452	-2.588	-6.892	-5.559	-8.398	-12.319	-2.727	10.360	-2.146	17	Cars
-12.083	-3.138	0.138	6.844	3.453	-6.829	24.829	6.325	4.489	-1.356	4.216	3.005	-7.256	-7.696	-9.214	-2.664	6.120	8.188	-2.139	1.502	-5.558	-3.057	0.470	-7.978	1.753	-1.105	-4.387	7.834	17	Faces
-7.702	-6.116	1.219	-0.075	-2.806	-12.311	-2.739	2.708	7.794	9.464	5.155	5.369	-6.053	-0.929	1.931	-1.934	0.450	0.546	3.396	0.253	-0.144	0.954	-1.478	1.841	-12.082	7.656	-7.591	3.573	17	Faces
-3.720	-11.306	-3.786	-8.645	-5.120	-10.556	-8.275	9.777	11.384	6.678	14.073	9.535	6.088	-2.650	-2.258	-4.736	-12.695	-4.954	-9.409	-5.672	-3.995	-6.353	-5.828	4.483	-0.824	7.115	19.435	17.877	17	ScrambledCars
-4.555	-7.310	-8.887	-10.831	-3.950	-1.410	-10.108	7.504	13.448	3.583	11.726	9.660	-3.426	-2.918	-12.853	-5.777	-6.492	-1.797	4.753	-4.418	-3.127	-0.865	-0.009	4.410	-1.782	9.567	-3.480	15.418	17	Faces
2.694	-4.472	-11.679	3.194	-2.520	-6.926	-16.982	2.905	8.974	-0.185	8.975	5.146	-3.603	-1.135	3.178	0.299	-1.401	-8.426	1.708	3.975	-1.547	1.776	-0.017	-2.816	6.320	2.546	-6.079	0.081	17	Faces
-8.875	5.385	-1.123	6.087	13.983	6.519	23.306	-0.822	10.458	6.490	7.587	5.667	-5.414	2.855	-8.203	-2.415	-9.029	-11.126	-1.118	0.645	4.973	-0.438	-1.633	-1.903	-4.309	0.087	-1.630	5.470	17	Faces
-0.732	-2.053	2.686	7.256	6.336	-4.148	-8.914	3.152	4.531	-3.637	9.618	-0.209	-1.753	-2.294	7.115	1.294	-0.104	4.513	-3.872	6.891	3.597	-3.229	-4.016	-1.795	-6.230	-1.879	-3.409	0.927	17	Faces
-4.916	10.331	2.239	8.320	3.488	2.068	12.060	0.931	2.025	-4.461	6.507	1.391	5.961	-4.170	-4.188	5.118	5.762	2.383	2.716	-1.346	-0.286	-1.783	-0.515	-3.112	-5.368	-4.006	-15.676	-1.839	17	Faces
-1.584	-1.468	-1.607	-5.663	3.326	-2.328	-5.435	5.660	4.471	9.084	2.501	2.540	0.142	5.322	-4.003	0.656	-2.766	-2.488	4.231	0.520	6.014	1.894	-1.017	3.485	-12.538	1.151	-5.658	-1.257	17	Faces
-0.147	2.824	-5.833	2.583	-0.492	-2.674	2.376	0.074	3.889	8.041	10.226	7.139	-0.795	5.657	-8.746	-2.869	-7.989	-11.665	-7.098	-1.514	2.086	0.071	-2.303	6.700	-4.480	7.675	11.982	12.746	17	ScrambledCars
-7.341	3.127	4.579	-0.120	2.339	-3.521	4.499	1.817	5.820	4.250	7.981	2.191	-7.255	-0.927	-9.155	1.437	-2.550	0.880	-0.111	0.450	2.532	0.335	-1.527	-6.349	-7.232	-0.819	-6.305	2.690	17	Faces
-8.006	-2.943	-2.789	-7.279	1.937	-0.386	9.456	4.268	15.123	1.796	10.818	5.139	-1.783	-5.659	-6.250	-7.487	-2.992	0.109	-2.249	4.104	-3.268	-2.777	-1.137	-2.343	3.194	6.030	-6.259	3.108	17	Faces
-18.994	-5.577	-21.303	-4.934	-4.622	-4.545	8.902	23.575	19.927	7.658	13.511	14.399	-3.582	-2.664	-11.112	-11.134	-13.607	-7.089	-4.422	-2.350	-4.759	-3.027	-0.056	4.315	7.830	9.352	12.011	13.236	17	Cars
-2.996	2.410	15.290	-4.251	-1.731	4.643	-5.654	-3.139	2.663	-3.580	-0.331	2.877	-0.234	-4.578	-5.545	-3.761	-1.019	1.999	2.219	-1.137	-1.704	-1.067	-1.976	-5.145	-3.490	1.308	-2.347	0.579	17	Faces
-16.657	-6.953	-6.911	-6.090	4.393	11.936	1.019	-1.517	7.357	10.875	11.823	3.451	8.230	-1.433	-3.452	-9.806	-4.007	-6.213	-2.728	-6.787	-1.950	2.119	2.824	5.430	6.749	4.662	7.739	9.730	17	Cars
1.493	-0.892	-10.961	3.901	-0.278	11.882	4.483	2.157	2.387	7.413	4.933	-1.458	-2.209	-2.536	-3.057	-0.510	-1.943	-6.840	-2.448	-4.854	2.006	-0.682	-1.122	-1.115	-0.854	-1.035	-2.232	0.402	17	Cars
-3.290	-3.377	-13.277	-2.019	-2.456	-12.413	2.780	0.051	10.137	-1.447	7.764	5.932	-2.014	0.341	4.299	-1.766	-9.725	0.193	-5.376	2.272	0.944	-5.122	-3.234	0.317	-1.788	6.729	14.005	6.205	17	ScrambledFaces
2.235	-2.406	-5.707	-6.517	1.109	-7.164	-7.862	-5.382	1.860	12.190	4.896	2.097	-6.271	0.746	-0.720	3.713	6.569	2.372	4.331	8.544	4.137	1.529	3.105	1.182	2.303	5.031	-1.204	1.820	17	ScrambledFaces
5.404	4.802	-3.694	-10.994	-6.936	-4.783	-6.230	-7.521	-4.622	-0.404	-2.565	-1.985	-6.287	-5.874	-0.197	-4.802	2.194	2.866	8.484	-2.345	-2.217	2.890	3.299	4.100	-4.144	3.337	10.688	4.604	17	ScrambledCars
-1.517	-4.085	5.597	-7.201	1.092	-0.177	-5.662	7.310	8.485	7.487	9.889	5.911	-4.739	1.186	-7.318	-3.738	-7.432	-12.375	-6.638	-2.704	-3.230	-5.963	-7.165	2.720	-4.418	10.314	10.708	9.841	17	ScrambledFaces
-8.127	-13.691	-8.389	-4.389	-5.423	-5.693	9.530	-0.075	9.476	6.144	11.258	8.402	5.773	1.117	-11.486	-15.783	-5.857	-3.929	-7.351	-8.186	-3.005	1.897	1.461	9.612	2.001	9.090	9.508	14.397	17	Cars
-0.879	5.400	7.028	-12.605	-8.479	-2.792	5.807	8.949	10.540	9.287	13.199	10.625	-10.388	-9.525	-5.752	-3.218	-1.503	-4.288	-10.609	-6.331	-9.525	-9.114	-7.941	-4.406	1.123	7.188	-10.605	7.490	17	ScrambledFaces
-4.526	-13.314	2.453	-2.578	-0.579	6.484	4.511	3.482	15.117	10.030	12.287	6.864	-3.208	-7.619	1.290	-9.363	-9.742	2.876	-10.732	-9.496	-4.906	-10.753	-6.350	-9.980	9.775	-0.293	-8.418	5.559	17	Cars
-9.810	-4.306	10.504	-6.687	1.864	-0.082	10.369	5.723	10.440	3.820	14.114	10.342	11.084	-0.597	-4.421	-10.342	-8.837	1.012	-4.982	-9.177	-0.985	-5.397	-4.093	2.019	-3.839	5.751	10.586	7.536	17	ScrambledFaces
-8.846	1.066	-11.460	0.897	-4.857	-3.612	-6.649	8.654	12.252	9.783	21.796	13.708	-3.808	-3.762	-11.721	-6.694	-3.504	-12.563	-5.119	-2.961	-4.894	-4.169	-4.207	1.641	-2.640	8.368	2.995	18.090	17	ScrambledFaces
-3.416	1.847	-1.332	3.352	-0.664	-4.433	11.152	-4.662	5.608	5.960	9.370	4.551	-0.055	-2.506	-1.392	3.577	-5.824	-4.372	-4.273	3.375	-1.999	-6.324	-3.689	-5.036	-0.721	3.398	16.052	1.669	17	ScrambledCars
-6.733	-0.111	-14.329	-2.362	2.506	-0.896	6.647	-4.817	3.260	-1.079	3.356	3.133	11.285	6.731	-6.811	-2.868	-6.649	-5.211	-4.665	-0.128	4.752	3.646	3.539	7.074	3.866	6.453	22.325	9.455	17	ScrambledFaces
-15.238	3.539	-1.008	-13.165	-10.429	3.753	12.394	14.114	21.925	10.265	23.212	16.023	-3.866	-4.623	-19.972	-14.572	-17.973	-16.929	-16.945	-15.810	-9.954	-4.249	-6.431	0.187	3.075	9.238	14.731	13.723	17	ScrambledFaces
-15.939	-15.013	-0.644	-5.209	-6.978	-3.050	18.597	2.188	9.475	6.388	18.702	11.026	5.760	1.647	-4.441	-10.152	-12.519	-7.769	-13.408	-6.890	-2.072	-1.093	-0.541	7.170	11.922	10.256	18.568	9.473	17	ScrambledCars
-10.362	5.855	-5.605	4.764	4.441	1.792	5.436	22.263	9.645	2.171	14.100	11.552	4.949	-4.620	-22.031	-4.465	-3.945	-5.453	-3.138	-4.247	-5.437	-8.541	-5.169	1.731	-5.363	4.928	-11.979	8.620	17	Faces
0.955	-3.886	1.620	3.408	4.051	-1.480	-4.646	14.586	4.320	-5.258	3.276	-0.341	-6.346	-3.477	4.828	0.196	-1.251	4.364	-3.809	5.331	-0.898	-1.248	-4.964	-3.136	-11.440	-2.391	-4.148	0.445	17	Cars
-2.619	-3.920	-10.058	4.918	0.004	-3.200	10.003	-1.723	6.569	11.478	7.462	8.527	-1.989	5.028	-12.825	-3.555	-0.399	-9.067	-4.833	1.545	2.096	-1.386	0.048	4.402	2.459	6.354	-0.318	6.723	17	Faces
-21.086	-12.472	-14.570	-9.030	-10.152	-5.309	6.883	8.708	23.124	16.110	32.501	23.834	0.712	-3.020	-22.001	-14.556	-11.764	-18.570	-7.162	-6.786	-5.899	-3.855	-1.748	8.009	8.404	20.470	15.660	30.039	17	ScrambledFaces
-6.771	-1.702	-9.899	-2.004	-8.082	1.636	7.886	4.468	0.494	-11.343	5.006	1.572	0.929	-5.228	2.568	1.455	1.942	2.512	-3.844	-2.528	0.469	0.334	2.231	0.050	10.457	3.746	12.600	3.190	17	Faces
-5.957	-3.297	-3.012	5.347	-0.413	5.482	-4.181	5.291	9.679	6.542	5.783	4.609	-10.876	-5.563	-5.434	-3.280	-2.884	0.938	-0.232	-1.058	-4.346	-1.391	0.080	-4.234	3.745	0.876	-3.365	2.454	17	Faces
-9.676	3.987	7.222	1.460	1.236	2.103	13.550	5.582	11.261	-4.265	10.783	8.178	7.387	4.759	-0.351	-8.946	-11.513	-11.766	-10.607	-7.374	-1.243	-9.499	-8.762	-3.203	0.652	4.265	8.761	10.228	17	Cars
-1.228	-5.595	0.535	6.756	-2.049	-6.948	6.587	2.558	4.780	5.734	5.168	3.654	-2.594	-6.096	-5.348	-7.413	-3.883	2.014	-4.772	-8.205	-5.097	-3.978	-2.998	-4.632	-6.516	-0.008	17.256	-4.075	17	Faces
-6.551	-5.751	-0.062	0.152	3.852	-5.125	-0.093	7.256	11.336	7.535	15.315	8.049	2.198	-2.281	0.176	-7.483	-10.709	-10.643	-14.740	-11.073	-6.665	-9.602	-8.383	-3.413	6.108	8.757	2.843	12.681	17	Faces
-11.536	-2.549	-1.217	1.179	-4.335	5.512	-1.768	7.308	11.325	5.870	7.540	4.155	-2.672	-4.960	-2.951	-6.598	0.370	0.343	2.289	-4.595	-4.640	2.266	-0.227	0.708	-9.465	3.227	-4.594	3.415	17	Cars
-3.856	-14.879	-11.940	-8.394	-2.350	-9.953	-0.700	1.470	8.395	0.892	18.988	7.473	1.740	2.918	-5.397	-2.944	-2.328	-4.964	-3.783	0.040	0.169	-0.986	-0.479	8.542	1.590	10.463	6.766	9.115	17	ScrambledFaces
-1.168	8.753	3.785	2.991	-3.714	10.729	7.855	0.384	1.550	-3.456	2.235	-2.603	-5.411	-2.550	2.433	-0.971	-1.091	1.900	-4.334	1.491	2.800	-3.663	-3.616	-4.540	-4.593	-8.010	-1.304	-3.004	17	Cars
12.955	3.678	-9.510	3.165	2.091	5.867	5.313	-10.262	-2.276	-0.762	-12.684	-3.797	0.775	6.794	5.666	5.734	7.349	-0.502	3.272	9.664	8.652	-1.891	-1.023	-4.668	-7.371	-5.493	5.511	-10.278	17	ScrambledFaces
0.790	0.386	-7.209	-2.302	1.035	4.958	2.207	1.852	13.200	10.896	11.592	11.487	1.939	3.481	-4.975	-1.339	-8.309	-13.318	-9.241	1.112	0.578	-5.729	-5.529	0.196	1.662	7.034	6.917	10.704	17	ScrambledCars
-13.305	-4.370	2.327	-2.603	-9.774	1.583	9.013	15.169	18.021	11.905	24.399	11.141	2.416	-0.633	-9.395	-9.153	-7.553	-7.203	-5.483	-9.313	-5.334	-5.753	-5.682	-0.623	-3.816	2.580	-0.716	11.317	17	ScrambledCars
-5.249	-9.050	-8.957	-13.300	-8.470	-2.071	-0.890	2.638	8.623	0.884	9.107	7.550	4.305	-5.460	3.134	-10.555	-7.004	0.384	2.428	-7.316	-6.740	-4.652	-0.204	6.872	5.470	9.157	9.289	15.944	17	ScrambledFaces
-5.978	-1.335	-3.306	0.741	-2.250	-1.922	10.018	-2.089	7.552	10.752	11.360	10.142	-0.003	4.886	-6.237	-2.466	-5.740	-8.639	0.878	-5.167	0.622	2.671	-0.008	2.898	-5.828	5.825	-2.193	8.705	17	ScrambledFaces
-6.284	-4.157	-0.170	2.408	0.374	-6.305	-0.704	1.931	1.780	1.764	3.719	1.223	1.619	2.097	-3.789	-0.394	-4.421	-0.673	1.293	1.645	3.441	0.634	1.391	3.030	2.420	0.282	-0.053	2.292	17	Faces
-15.069	-10.833	-6.949	-4.248	-0.738	-0.518	3.309	13.026	20.911	7.774	19.431	12.012	2.508	-3.030	-15.720	-8.528	-14.167	-7.094	-5.818	-4.231	-6.482	-7.032	-4.637	-6.011	4.423	8.413	6.734	14.175	17	ScrambledCars
6.471	-2.901	-6.721	2.247	-5.592	-3.014	8.668	6.067	8.312	-0.160	4.229	6.690	-1.309	-4.958	3.576	-7.982	-8.452	0.188	-3.678	-10.108	-8.193	-4.354	-4.952	-2.502	-7.076	4.722	0.730	6.231	17	ScrambledCars
-1.551	0.672	-9.444	-1.764	-1.234	0.987	4.025	7.403	1.378	-2.629	-1.369	1.439	-4.992	-2.128	-0.873	-5.501	4.690	-3.623	0.697	-6.827	-3.477	0.414	0.848	2.230	2.081	2.689	-2.484	1.183	17	Cars
-3.035	-5.592	2.829	-2.271	-5.218	-4.157	0.851	2.594	4.890	7.939	10.924	11.848	2.950	-2.649	-6.561	-4.134	-1.269	-1.490	-5.741	-4.068	-1.866	-4.731	-3.598	-1.536	0.639	8.882	1.731	11.797	17	ScrambledCars
-8.416	5.417	0.482	4.993	-2.692	-10.866	-0.732	-3.968	5.862	13.729	12.223	6.376	12.383	1.510	-6.780	-4.617	-4.799	0.052	4.847	-2.703	0.745	0.755	1.840	2.239	-6.580	0.088	2.657	-0.582	17	Faces
-4.129	-4.343	-13.303	-8.766	1.982	-3.859	-3.727	-3.519	-3.506	-6.956	-2.486	-2.361	-1.540	-6.997	11.536	1.187	1.578	9.181	7.904	0.303	-3.158	-0.801	1.518	-6.306	-1.436	0.238	-6.794	-5.727	17	Faces
12.140	10.029	22.351	-3.223	1.422	3.996	-3.209	3.092	-2.830	-4.982	-6.074	-5.769	-6.700	-3.183	3.023	3.603	0.668	7.230	1.870	4.450	-0.719	-3.966	-6.112	-6.918	-11.797	-3.896	-15.446	-3.553	17	Cars
5.112	-2.098	-6.584	-8.598	0.641	-5.993	2.299	4.653	6.713	-3.265	4.175	7.313	-5.205	-7.436	-0.899	-5.820	-1.172	2.775	-13.871	-1.704	-6.000	-5.544	-4.086	-3.191	4.330	5.968	16.085	2.560	17	Faces
-18.877	-6.815	-8.378	-8.745	-6.617	-3.801	1.944	5.320	7.594	8.643	10.923	12.138	11.137	6.367	-14.772	-4.690	0.168	-12.012	-3.824	1.201	1.138	1.166	1.141	5.059	4.451	11.189	18.842	17.236	17	ScrambledCars
-0.980	-3.594	3.270	-10.414	-11.548	-8.072	-6.905	-8.358	-4.657	-7.479	3.554	2.298	-3.795	-6.404	-0.933	0.884	-0.278	6.661	-0.188	-1.572	-3.488	-1.424	-0.307	0.362	2.502	10.964	-0.456	17.645	17	ScrambledFaces
0.901	-5.775	-1.434	-12.456	-8.924	-1.681	-0.934	2.376	12.309	37.664	14.839	8.482	-7.689	-2.726	-7.707	-5.718	-7.739	-2.286	-3.970	-9.039	-7.121	-8.973	-2.410	-6.146	12.558	7.484	2.035	10.043	17	ScrambledFaces
-1.121	0.111	7.111	-3.314	-1.413	2.601	-3.896	7.690	5.418	-0.001	9.289	7.523	0.276	-4.091	-7.359	-3.270	-0.304	-1.056	1.361	-3.521	-4.029	-7.048	-4.946	-2.322	-4.938	0.777	-0.981	4.024	17	Faces
-11.258	-4.681	-3.107	2.776	2.084	11.209	14.856	5.068	4.616	4.354	9.579	8.496	8.966	1.879	-10.515	-5.302	-4.031	-9.392	-3.492	-2.689	-1.590	-0.531	-1.002	0.345	2.188	3.427	-4.939	11.146	17	Cars
4.820	8.135	-9.632	9.196	4.240	2.652	-1.003	11.910	-3.484	1.288	-1.448	0.138	-3.163	-3.924	-4.300	-1.600	0.888	0.849	-1.854	-0.569	-0.902	-0.611	-0.392	-4.880	-1.970	-1.732	9.092	0.260	17	Cars
-2.119	1.066	10.844	2.990	0.284	2.751	-3.840	0.766	5.335	-14.757	3.344	0.636	-7.775	-2.888	-0.169	2.238	0.424	2.327	-2.851	2.695	-0.971	-5.024	-5.351	-7.007	-2.959	0.224	-5.347	1.398	17	Faces
5.337	-3.784	1.678	-4.557	-2.153	-0.143	-1.393	-2.179	6.305	-2.150	8.814	3.799	5.478	1.780	-1.782	-6.184	-4.608	-11.228	0.172	-2.377	3.350	1.142	-1.434	0.943	0.749	3.467	18.300	2.367	17	Faces
7.654	4.433	-8.533	0.531	-0.469	0.560	0.813	4.777	13.571	10.879	11.585	3.335	-4.267	-7.002	-0.216	-3.411	0.989	1.024	-6.535	-6.914	-3.910	-6.935	-8.348	-16.628	-13.908	-5.896	-6.640	4.806	17	Faces
1.615	0.291	0.133	-2.798	5.156	-6.538	5.939	-2.164	8.174	-0.508	8.984	-0.857	0.203	1.244	-4.674	0.503	-2.265	-13.630	-5.877	-0.383	-2.433	-2.929	-5.042	1.083	-4.293	0.978	2.037	6.988	17	ScrambledFaces
-3.662	-8.887	-15.777	-6.881	-4.603	-11.753	-2.585	9.232	14.059	8.001	17.734	18.056	10.358	1.410	-8.456	-6.815	-11.755	-11.341	-7.451	-7.635	-1.015	-7.497	-3.460	2.879	11.224	13.750	13.830	13.222	17	ScrambledCars
1.146	-2.186	-1.818	4.087	-1.370	3.752	18.639	6.311	3.341	-9.031	4.239	4.006	-1.871	1.962	-2.714	0.432	-1.809	-3.040	2.152	3.409	3.651	-1.801	-2.172	-2.463	-3.362	0.294	-2.535	0.174	17	Faces
-1.547	4.523	2.979	2.479	-4.375	3.147	-3.363	3.829	2.332	13.957	4.533	0.965	2.383	-8.130	8.801	-0.719	-7.039	5.985	-4.812	-2.644	-5.485	-7.106	-7.252	-7.112	-13.291	0.008	-9.966	-0.204	17	Faces
-9.887	2.467	-4.558	-4.741	-1.130	-1.384	4.478	6.363	13.436	1.422	13.956	10.976	0.508	-5.767	-5.907	-7.261	-13.355	4.086	-3.332	-2.566	-3.155	-4.055	-2.206	-1.771	0.331	5.061	-7.322	12.256	17	Faces
-0.728	-0.206	8.733	7.301	0.083	6.772	6.361	2.262	9.517	0.833	8.614	2.065	-8.029	2.432	-8.014	-2.745	-8.630	-5.787	-12.774	-2.084	-1.169	-4.818	-6.350	0.143	-3.467	3.227	6.455	2.768	17	ScrambledFaces
3.438	-0.543	-5.371	-4.932	0.087	0.864	-3.326	4.389	6.066	-5.272	6.807	4.331	1.109	-0.157	-9.051	0.394	-2.639	-8.869	-0.132	7.934	5.036	0.504	-2.860	-0.128	-5.933	3.045	-0.826	3.081	17	Cars
-4.051	1.780	3.372	0.569	2.527	-8.573	2.818	1.366	3.267	-1.579	11.273	5.362	-15.078	-5.236	4.368	2.059	1.598	0.192	-4.845	-1.431	-4.956	-6.875	-3.185	-2.650	5.848	1.266	10.332	11.795	17	ScrambledCars
0.385	-6.706	-5.505	25.277	-0.445	-2.674	8.032	-0.045	6.309	-2.885	3.583	4.989	2.314	-2.909	-2.647	-6.748	-11.475	-5.855	-10.230	-9.539	-4.309	-8.870	-6.671	-2.190	-0.694	4.259	-0.921	8.923	17	Faces
0.466	3.699	-5.491	-0.360	-4.088	3.032	-6.061	3.203	7.168	8.133	11.855	3.641	-9.021	-11.141	-5.653	-4.756	-3.259	3.829	-6.593	1.568	-9.658	-7.339	-3.788	-5.654	1.564	4.882	0.429	6.893	17	ScrambledFaces
-7.691	-9.028	-1.710	-7.141	-4.250	1.977	11.976	2.303	7.116	3.392	8.001	3.235	-9.871	-8.377	-4.823	-2.146	0.270	0.217	-1.857	0.393	-8.141	-5.225	-3.079	-4.816	-0.220	9.395	-3.507	5.549	17	ScrambledFaces
-0.678	9.418	16.120	11.479	-0.172	0.551	-14.417	-0.466	0.366	1.257	7.160	4.280	5.463	-6.833	-7.831	-1.667	-1.563	-2.107	-3.445	-0.856	-4.816	-9.107	-5.705	2.473	-3.048	2.765	-0.876	5.374	17	ScrambledFaces
-8.077	-9.689	-1.336	0.261	-0.962	0.056	0.598	7.650	14.939	4.906	14.272	14.663	1.310	-2.083	-10.308	-11.976	-11.249	-11.783	-13.732	-9.643	-7.239	-7.001	-6.156	5.677	7.044	15.074	-8.141	16.212	17	ScrambledFaces
-7.330	-9.883	5.323	-4.887	-8.344	-9.734	-0.933	13.623	14.532	6.293	15.683	11.455	-4.241	-9.416	-8.173	-6.830	-6.451	-1.194	-6.215	-13.519	-12.390	-10.239	-5.917	3.164	3.730	11.423	-4.881	9.805	17	ScrambledFaces
-14.627	-1.792	-4.852	2.903	-7.350	0.978	4.962	7.602	0.781	-0.042	4.295	6.514	0.383	-1.063	-1.259	-5.429	0.025	-4.865	-1.992	-3.767	-2.045	3.055	2.251	3.625	5.097	6.138	7.891	4.576	17	ScrambledCars
-12.997	2.135	-4.137	-5.497	4.886	0.925	22.985	4.696	13.287	15.354	12.717	11.216	2.857	5.254	-9.383	-4.249	-8.454	-15.958	1.437	-11.928	4.864	2.508	-0.120	-1.652	-4.691	5.912	16.584	2.690	17	ScrambledCars
3.897	-8.734	-6.220	4.832	-1.195	-0.702	-5.186	4.512	2.010	1.513	2.841	-0.544	6.047	-1.182	-1.392	-1.746	-2.450	-6.738	-0.224	1.909	0.274	1.411	-1.538	-1.611	-2.190	2.671	-3.845	-1.997	17	Cars
-1.944	0.122	-0.559	2.795	1.040	-3.063	1.812	6.468	10.197	9.735	10.148	6.846	2.631	-0.682	-12.149	-1.441	-2.503	-4.788	-9.974	-5.142	1.084	-4.829	-6.263	-0.559	-10.884	0.304	-4.165	4.490	17	Cars
1.221	-2.107	8.283	-1.186	1.953	4.212	6.757	6.120	6.541	0.227	1.064	0.701	-4.707	1.440	2.273	-3.390	-0.037	1.296	-1.532	1.286	2.937	0.419	-1.840	-0.396	-3.027	-3.228	-7.058	1.947	17	Cars
-7.919	-9.361	0.510	-2.789	-3.183	4.497	13.044	0.762	3.321	12.076	2.413	1.418	7.268	-1.647	-11.504	-8.241	-1.744	0.714	0.371	-1.842	1.735	4.323	5.082	6.399	3.752	2.556	8.139	-0.928	17	Cars
-7.064	-3.493	-16.735	2.681	5.512	-1.653	1.838	-1.617	6.069	0.833	5.757	1.405	6.757	3.008	2.477	2.305	1.954	-2.310	4.428	6.762	3.484	4.286	1.885	0.362	-7.951	-0.264	-9.514	1.249	17	ScrambledCars
8.756	6.584	14.100	-0.305	2.655	2.799	-15.851	-1.867	3.110	7.778	6.154	-2.938	-11.763	-2.788	5.289	1.038	0.232	3.950	4.260	1.539	-0.747	-3.168	-4.566	-15.673	-7.552	-5.720	-1.133	-9.006	17	Cars
4.052	0.025	-2.712	8.133	6.894	-3.958	16.298	-10.662	4.420	2.222	4.031	2.880	-2.890	-1.457	0.197	-2.306	-6.869	-7.584	-7.753	-3.099	-1.578	-4.316	-5.110	-5.718	-4.728	1.192	1.553	3.189	17	Cars
6.731	-2.698	5.127	-1.637	-6.622	0.562	1.437	-7.927	-2.672	1.735	4.889	0.842	-5.906	-5.801	3.114	2.074	6.944	2.656	0.152	-0.487	3.372	-1.151	-3.143	-10.361	-7.880	-2.309	4.065	4.454	17	Cars
-8.719	-16.447	-2.334	-16.041	-4.328	2.285	-4.190	18.090	19.862	2.469	19.830	14.470	11.787	-4.541	-0.600	-14.087	-12.662	-4.394	-10.289	-11.555	-10.089	-10.573	-5.389	6.362	13.792	9.537	14.743	7.779	17	ScrambledFaces
-0.520	3.062	-4.462	3.294	-0.892	0.724	-6.750	5.418	6.445	4.227	3.907	5.741	-5.136	-0.102	3.695	1.984	2.345	2.801	-5.693	-3.043	2.598	0.196	-4.362	-5.915	-16.257	-0.801	6.168	1.076	17	Cars
-7.454	-12.459	-11.144	-5.161	-3.639	-0.394	8.239	20.817	25.609	20.991	23.469	22.087	-5.654	-1.584	-18.841	-15.491	-16.437	-3.794	-10.779	-12.619	-6.137	-7.073	-7.103	-1.614	-7.511	12.372	-1.163	15.423	17	Faces
-6.946	-9.509	0.957	0.297	3.747	2.796	2.928	5.395	7.568	6.480	5.647	0.407	2.851	-0.899	-9.968	-7.770	-3.506	-3.935	-0.146	-2.171	-2.246	0.436	1.867	4.906	5.125	-0.191	7.264	2.941	17	Cars
7.075	8.075	7.654	-3.430	-4.263	0.404	-9.352	6.008	12.056	-3.079	7.456	4.013	-3.574	-7.028	2.011	-0.273	-5.831	-8.031	-4.528	-3.649	-5.984	-8.578	-10.097	-8.003	-6.557	-2.405	-3.566	5.585	17	ScrambledCars
-8.237	-10.226	-6.076	-15.061	-11.428	-5.141	0.093	-8.622	7.889	-4.064	12.351	9.436	2.875	-1.973	-1.291	-5.569	0.341	1.995	-6.481	-0.288	-8.098	-4.287	-3.818	-4.101	-0.441	10.755	-7.030	14.643	17	ScrambledFaces
1.051	4.626	3.681	6.707	4.983	9.982	7.095	0.377	3.315	6.801	5.559	-6.567	9.738	4.121	-2.182	-0.662	-1.770	-6.061	6.599	3.170	5.750	4.315	0.789	3.765	-7.312	-4.920	-30.899	-3.788	17	Cars
2.733	-0.448	1.905	-5.921	-6.144	-2.488	-3.100	-5.908	0.055	-2.352	7.253	3.165	0.485	0.388	0.655	-0.952	0.420	2.750	-3.120	-3.945	-3.172	-2.729	-1.870	-2.835	2.959	2.617	-8.815	4.495	17	Cars
1.288	1.028	5.059	7.739	-1.130	2.292	0.760	1.979	2.535	7.264	-0.183	1.724	-0.394	-0.586	9.345	-5.201	-3.958	-3.614	-8.218	0.926	-3.234	-4.568	-6.068	-0.400	-4.377	-2.280	-13.114	0.214	17	Cars
-8.080	-6.951	-2.793	-11.522	-1.287	-7.986	7.146	6.454	5.030	4.216	10.183	5.577	7.023	8.736	-2.848	-11.101	-8.962	-5.171	-5.407	-5.111	-0.507	3.804	1.037	8.385	-0.576	3.272	24.361	7.450	17	Cars
-8.919	-1.404	-8.493	-8.504	1.915	-3.475	8.060	3.798	8.468	4.730	7.924	6.227	0.603	0.255	-10.176	-3.487	2.122	-4.955	-0.225	-3.922	-4.780	-3.023	2.332	5.164	11.051	7.726	3.296	-1.233	17	Cars
-3.754	-0.247	-4.001	-1.335	-6.635	-3.137	6.029	2.556	7.093	5.649	7.494	7.223	8.835	-5.557	-0.202	-5.122	-3.301	-2.702	-7.689	-6.738	-5.620	0.253	-1.112	2.604	1.328	8.493	-2.390	6.507	17	ScrambledFaces
6.312	0.940	-2.606	-4.663	1.236	0.837	-0.535	6.389	2.132	-1.653	5.026	-0.675	-0.504	-1.315	-4.608	0.964	-0.074	-0.977	-0.814	-1.765	-0.062	-1.719	-2.380	-3.955	-4.019	-2.993	4.148	-4.664	17	Faces
-7.564	0.418	-12.968	2.094	2.355	6.852	-0.713	2.385	8.673	7.405	13.581	5.262	1.349	-1.617	-10.991	-4.672	-6.508	-5.408	-5.567	-6.032	-2.431	-2.609	0.631	-2.176	11.050	9.033	7.257	7.084	17	Faces
1.515	-13.154	-6.438	2.535	-5.906	0.333	-4.188	1.565	0.669	-6.752	1.685	0.241	-6.098	-1.055	4.229	4.691	-2.312	1.875	-0.884	0.410	1.249	0.825	0.744	0.675	6.507	1.184	-4.838	-1.303	17	Faces
-1.004	19.243	1.234	2.578	1.212	-5.461	7.372	2.257	3.983	5.414	0.172	4.435	-5.804	1.281	-1.516	0.818	-2.950	-5.373	0.199	0.064	1.228	-3.414	-1.899	1.763	-2.673	1.536	-0.931	3.438	17	Cars
-5.178	-12.121	-5.304	-6.728	-3.691	0.526	0.202	5.463	14.691	11.304	15.994	9.802	9.646	4.666	-8.729	-7.350	-6.607	-0.880	-3.457	-6.774	-4.403	-4.634	-4.170	0.133	-5.298	6.211	-12.558	14.171	17	ScrambledCars
-3.489	-9.978	-1.845	-5.933	4.117	-3.824	-4.351	10.567	13.348	-2.427	15.911	10.263	3.389	1.605	-10.953	-5.604	-5.133	-7.214	-3.660	2.153	1.141	-2.085	-3.087	-4.386	6.010	2.131	-7.430	6.770	17	Faces
-0.749	-3.487	-8.510	0.369	3.286	-1.728	7.391	2.535	7.060	5.983	10.428	0.098	-0.681	-3.905	-19.057	-0.550	-3.623	-1.081	-1.379	-0.199	-0.561	-2.150	1.991	2.372	5.176	5.666	14.993	8.683	17	ScrambledFaces
-6.230	-0.742	-7.630	-4.454	-8.455	-6.132	8.479	2.053	2.116	-1.751	5.840	5.777	-0.143	4.345	-6.646	0.214	3.355	-0.250	-1.514	-0.266	2.505	4.796	1.816	0.789	-4.392	4.324	7.120	11.679	17	Cars
-1.152	-1.439	-6.752	3.695	-4.769	-4.411	3.862	1.974	2.168	8.402	11.072	7.076	7.454	2.808	3.573	0.132	-2.264	-5.518	4.532	1.024	4.722	-0.255	0.496	-0.599	1.019	1.598	7.390	3.125	17	ScrambledCars
-1.041	-4.396	-14.466	-5.763	-4.363	4.171	8.392	6.547	8.331	0.323	14.129	6.857	2.960	-6.904	-13.060	-6.766	-6.376	-6.902	-2.327	-8.972	-3.523	-5.521	-2.063	-0.852	5.622	9.881	5.248	10.781	17	ScrambledCars
1.525	1.684	4.686	2.188	-6.835	-4.015	-3.890	-0.978	4.918	0.185	12.024	7.661	-3.709	-7.876	-8.251	-3.460	-1.244	-3.652	-7.083	-11.001	-8.725	-3.137	-3.727	-0.782	-3.201	7.901	18.995	10.559	17	ScrambledFaces
-0.314	-6.289	-4.702	-10.764	-4.609	-9.260	2.071	2.057	5.215	3.810	8.162	1.327	-7.704	-0.916	3.549	-5.417	-8.663	7.993	-2.184	-0.399	-5.487	-1.702	-0.378	-2.404	4.253	5.318	-6.383	5.862	17	ScrambledCars
-5.902	2.941	-3.310	2.381	12.211	14.142	16.885	11.666	15.440	17.331	15.431	7.340	8.410	3.672	-12.065	-2.872	-6.834	-11.727	-5.639	-1.710	2.510	-3.477	-5.059	-0.100	-11.834	-2.315	4.435	2.486	17	ScrambledCars
0.058	-4.687	-5.040	2.015	-12.113	-0.776	1.694	10.796	15.114	6.543	14.184	9.242	13.006	-3.347	0.132	-8.240	-11.802	-11.822	-10.435	-6.922	-4.269	-4.838	-6.186	1.048	-0.095	6.592	20.674	4.642	17	ScrambledCars
-10.772	-8.113	-9.187	-7.200	-10.850	-6.287	1.057	15.651	17.244	10.841	19.642	16.004	-0.807	-2.178	-12.077	-10.707	-12.359	1.326	-6.577	-9.684	-5.821	-4.022	-3.459	1.534	-3.883	11.905	3.452	14.751	17	ScrambledFaces
-6.716	-0.411	-3.525	0.604	0.153	-1.492	4.732	6.221	1.796	4.718	6.900	5.539	-9.184	-0.415	-8.674	0.096	-3.510	-4.889	-6.919	2.874	0.874	-4.645	-3.188	0.970	-2.275	3.645	23.682	10.936	17	ScrambledFaces
-1.128	-2.683	2.430	-18.567	-6.448	-6.672	6.515	6.725	11.399	26.787	19.264	17.029	-1.158	-6.368	-9.464	-11.341	-7.732	-4.821	-6.872	-12.101	-9.734	-9.180	-6.950	-0.561	-7.033	7.656	15.302	14.439	17	ScrambledFaces
-14.287	-5.341	-10.597	-8.628	-10.266	-12.035	7.307	-4.939	13.325	0.640	16.078	11.227	12.397	-0.459	-20.295	-7.103	-5.855	-15.371	-1.159	-3.330	-2.760	0.451	3.147	7.075	14.701	13.625	8.034	15.073	17	ScrambledCars
5.936	0.637	9.733	1.344	-1.629	7.029	-1.048	4.881	3.478	3.133	-1.697	-5.790	-5.205	-1.547	6.497	-1.400	-39.992	2.306	-2.293	-3.144	-3.758	0.175	-5.091	-2.343	-8.395	-3.200	-6.656	-2.864	17	Cars
1.530	-7.624	-7.118	-5.318	1.674	5.866	-0.041	5.465	3.795	3.129	-3.381	-2.581	-2.730	1.223	2.163	-0.736	1.179	-0.137	2.786	0.029	0.450	-3.251	-3.117	-4.838	-9.207	-2.636	10.384	2.531	17	Cars
1.077	5.678	23.428	2.028	-8.610	-0.491	-8.835	-2.670	2.275	1.337	-4.178	0.175	-6.300	-2.333	-2.929	-1.278	6.739	6.184	-0.859	3.636	-3.041	-0.610	-2.047	1.110	-6.820	-3.912	-8.446	2.010	17	Faces
4.894	-1.376	-1.634	-0.705	5.377	6.403	-16.269	2.404	-0.275	-3.449	2.475	-1.164	-9.798	-0.643	7.447	1.849	-0.103	-0.146	-2.269	5.704	-0.414	1.090	-1.217	6.210	-1.436	1.373	-8.822	1.582	17	ScrambledFaces
-3.699	-5.081	2.816	-8.939	-9.181	0.822	-7.381	11.635	11.509	6.340	13.241	2.513	-9.940	-6.714	-0.931	-5.438	-2.608	-2.510	-5.059	-13.331	-11.620	-8.077	-6.760	-3.597	1.126	7.858	-8.996	12.812	17	ScrambledFaces
1.223	5.789	0.354	-3.982	-4.065	-1.636	6.808	3.949	3.505	-4.459	3.578	-2.058	-1.945	-5.301	-4.112	-2.023	-3.336	7.686	-0.296	-4.851	-3.140	-3.285	-2.063	-3.178	-6.152	-4.188	-3.406	4.793	17	Cars
-0.216	-8.392	-2.738	-5.941	-5.666	23.927	3.182	-1.596	11.037	5.991	8.941	6.776	-2.326	-3.760	-10.512	-10.373	-1.015	-0.154	1.177	-4.715	-5.321	-4.314	-3.182	-2.483	-9.591	1.784	5.316	-0.039	17	ScrambledCars
0.735	-7.155	-5.797	-3.869	-2.347	5.961	3.583	10.441	9.190	9.117	13.016	9.718	-1.043	0.268	-16.423	-6.295	-6.075	-6.433	-2.237	1.725	1.472	-1.202	-1.233	3.975	0.048	3.744	1.705	10.053	17	ScrambledCars
-13.985	-0.681	2.359	7.891	-14.085	-9.772	4.730	3.095	6.910	2.436	13.359	12.093	-2.396	-1.798	-1.427	-8.357	-7.143	0.436	-2.613	-8.556	-4.910	-3.745	-0.739	-2.191	8.078	7.675	0.098	6.061	17	ScrambledCars
-6.394	7.841	2.896	-2.593	3.914	-7.929	-8.321	1.988	-1.884	3.748	-2.151	-2.526	1.671	-0.047	-3.476	1.043	-3.967	-1.021	-1.501	2.495	1.769	3.750	2.054	5.068	0.024	2.215	4.204	3.050	17	Faces
2.109	5.776	-6.173	-4.043	2.376	2.616	7.954	0.768	7.053	13.845	8.447	12.398	-8.664	-4.328	-2.443	-4.853	-3.919	-6.784	-13.799	-1.948	-4.301	-5.288	-5.120	-2.965	3.339	1.700	-11.412	8.073	17	ScrambledCars
3.667	3.897	5.568	2.416	-6.017	1.386	-11.097	0.097	9.329	4.391	9.993	5.053	-6.768	-2.896	-4.043	-2.821	-7.756	2.670	-0.375	-3.325	-3.487	-1.466	-2.848	3.789	-9.419	0.473	-8.383	6.735	17	Faces
-15.108	-9.771	-13.360	-5.145	-10.447	-4.762	6.562	6.969	13.844	5.238	20.715	18.306	11.896	-5.221	-10.640	-9.893	-4.419	-2.375	-10.144	-12.742	-10.043	-4.241	-3.391	4.035	-4.320	14.216	6.309	14.949	17	ScrambledCars
-7.935	-3.451	-8.685	0.970	2.150	-0.975	6.247	1.214	12.066	14.401	6.379	4.670	-4.430	3.403	-9.362	-0.973	4.910	-1.188	1.028	-5.430	-1.075	-1.530	1.523	-1.981	0.547	4.725	3.305	1.939	17	ScrambledCars
-3.070	0.922	-6.766	1.282	-3.075	1.054	0.098	2.917	6.845	-2.969	8.683	7.816	-9.509	-0.814	-2.837	-0.227	-3.233	-3.098	-1.133	-2.014	-0.517	-1.971	-2.072	-1.535	-4.146	5.449	14.485	0.543	17	Faces
-11.916	-7.517	-9.063	-10.870	-4.769	3.416	10.682	4.749	10.346	10.125	7.545	9.497	-7.831	-7.735	-6.531	-11.128	-8.413	-1.288	-8.643	-11.193	-4.426	1.511	-0.716	-0.018	-2.218	9.716	13.507	16.744	17	ScrambledFaces
-5.996	-18.848	-12.952	-0.655	-2.317	1.027	10.604	1.340	-0.246	5.614	4.104	8.622	10.883	4.299	3.235	-10.296	-9.153	-0.446	-5.903	-8.874	0.974	-0.183	2.515	7.095	12.998	8.560	12.544	19.236	17	Cars
-1.086	-16.182	-4.000	-11.504	-4.870	2.723	5.114	7.912	9.957	2.958	10.250	3.180	-6.336	2.426	-6.317	-11.675	-10.265	-4.195	-7.026	-2.818	-3.485	4.522	0.610	6.159	3.337	7.852	11.719	2.009	17	Cars
5.121	-1.048	-5.667	4.870	-0.660	-10.061	-7.383	-0.831	0.001	-17.298	1.670	-1.036	-1.479	5.705	2.339	5.821	3.529	-2.077	1.191	8.527	5.545	1.701	0.108	-0.466	-0.896	-0.888	13.567	-5.079	17	Faces
5.549	-2.178	-1.454	6.138	0.408	1.152	-5.859	0.235	0.141	3.386	3.313	6.075	-1.745	1.673	-1.360	-5.132	-9.819	-8.797	-3.191	-6.305	-1.561	-1.964	-1.012	3.779	8.089	2.361	9.609	5.901	17	Cars
-4.266	-2.594	-1.238	-6.564	0.279	11.865	11.291	2.862	10.266	4.058	4.298	2.443	-7.666	-2.298	-2.041	-8.609	-8.675	0.942	-2.897	-7.965	-4.730	-4.620	-0.420	-7.308	14.383	5.704	1.349	2.800	17	Faces
-11.686	-15.702	-8.292	-9.402	4.882	5.527	13.488	18.366	28.154	26.969	34.622	25.003	3.830	-2.672	-21.300	-15.289	-17.274	-21.475	-23.376	-11.936	-6.316	-9.627	-10.567	-0.069	1.819	8.455	7.090	14.980	17	ScrambledCars
0.749	-1.549	19.389	-5.771	2.452	2.013	1.891	-3.328	1.179	7.430	4.159	0.431	3.283	-2.137	0.241	0.439	-0.002	-1.456	-4.048	-0.583	-0.673	-0.570	-3.768	-2.461	-5.604	-0.629	-5.393	-3.005	17	Cars
-6.678	-4.398	7.736	-11.699	2.300	-3.075	9.686	12.486	12.040	-8.363	12.004	6.596	6.965	-0.678	-4.978	-2.892	-4.737	-6.572	-2.958	-1.041	2.327	-5.071	-6.699	-2.409	-7.400	5.604	16.901	6.137	17	ScrambledFaces
-1.523	-3.898	-1.336	-4.748	-1.192	-1.790	-10.652	-3.247	11.018	8.522	9.134	6.475	4.598	-0.982	1.391	-6.367	-5.000	-10.970	-2.599	-2.619	-0.164	-3.117	-2.733	0.541	6.111	4.698	3.645	12.753	17	Cars
-9.219	5.576	-7.477	-5.473	1.959	-6.278	-3.629	-3.885	5.134	2.840	7.913	5.079	-0.002	-2.417	4.711	0.632	-1.065	-2.835	-5.446	-3.324	-3.829	-3.107	-2.773	-3.075	0.617	10.154	-5.831	11.112	17	ScrambledFaces
12.327	3.258	3.410	-2.011	-1.693	-6.063	-0.193	-5.993	-0.757	-7.578	0.740	0.937	-9.531	-4.424	5.274	1.785	5.456	9.377	0.348	-6.132	-3.954	-1.529	-2.513	-5.889	-9.060	-1.297	-2.700	3.370	17	ScrambledCars
-6.099	-11.165	-9.592	2.581	6.001	-4.838	2.545	2.661	2.264	4.457	6.291	5.249	7.276	0.990	-8.610	-5.643	-2.543	-3.604	-3.015	-2.052	-2.947	-6.819	-0.832	3.549	6.878	8.299	12.612	10.226	17	ScrambledFaces
6.778	7.076	11.252	-8.870	0.037	-0.142	-11.865	3.177	1.728	-2.953	7.914	-1.011	-12.130	-8.753	2.040	-3.110	-3.779	-0.810	-3.988	-3.764	-5.932	-5.435	-5.234	-4.636	2.732	-1.217	-3.050	-0.497	17	Faces
6.072	6.498	-5.045	2.458	4.165	3.582	-1.760	5.858	3.700	4.420	3.878	-0.249	-6.143	-4.200	6.148	-1.256	-1.762	5.777	-1.864	-1.357	-2.059	-2.000	-2.899	-4.308	-8.097	-1.631	-12.757	-6.091	17	Faces
-0.627	0.589	-3.896	-4.608	-5.913	1.059	-1.161	9.012	8.288	-0.071	5.416	6.173	5.188	-1.067	4.521	-5.746	-11.691	-10.638	-10.700	-4.599	-1.524	-7.892	-6.908	-2.932	9.326	3.570	3.601	9.045	17	ScrambledCars
-7.316	-1.900	-4.855	-17.464	-7.948	2.716	10.206	-4.257	4.717	-1.040	7.992	1.135	-0.834	-4.742	-5.869	-2.282	5.456	3.760	2.754	5.831	-3.773	0.381	0.159	-0.543	-8.043	0.029	-8.273	5.077	17	Faces
2.809	-8.581	-3.645	-1.680	-7.191	-3.155	-1.847	5.032	12.145	-3.790	14.596	8.795	0.259	-4.040	3.143	-2.577	-5.735	-4.050	-5.285	-5.262	-4.348	-5.003	-6.557	-8.800	-2.137	8.978	11.959	8.082	17	ScrambledFaces
-15.334	-11.789	-6.087	-1.162	-7.625	-7.992	2.515	7.461	15.342	13.342	16.371	17.961	6.716	-5.305	-7.252	-11.684	-10.579	-7.740	-8.207	-11.184	-9.064	-6.012	-5.449	0.008	-1.782	17.633	4.909	19.937	17	ScrambledCars
-10.693	-1.793	-2.788	-10.030	-16.910	-11.760	6.628	2.722	11.283	7.019	16.262	12.807	-2.895	-2.559	-4.804	-3.027	-5.800	-0.169	-3.400	4.401	-0.352	-2.902	-1.161	0.494	3.203	9.512	9.535	11.660	17	ScrambledCars
-11.064	-4.043	-2.713	8.316	7.604	-11.625	-4.506	0.124	1.036	-5.840	-0.395	1.562	-3.175	1.776	-4.058	3.187	8.244	4.247	9.379	5.647	4.953	5.566	6.518	2.850	1.795	3.650	3.641	4.375	17	Faces
-6.671	-6.724	0.311	-0.452	0.659	4.003	-3.858	4.260	15.301	4.669	11.439	6.441	-0.584	4.282	-4.844	-5.658	-9.961	-8.811	-10.127	-5.816	-3.636	-3.813	-5.978	-0.883	-0.147	10.831	-4.916	12.478	17	ScrambledCars
-4.556	-8.182	-5.305	-5.314	-5.931	-3.289	15.478	5.061	7.066	7.123	9.174	8.719	-2.215	0.576	-1.659	-8.037	-12.538	0.813	-5.004	-3.563	-2.513	-2.546	-1.528	2.854	2.399	7.040	-3.719	11.901	17	Cars
-6.277	-2.569	5.996	-10.090	-5.863	-3.540	1.967	8.220	17.808	6.605	16.703	11.972	1.035	-9.587	-14.586	-9.971	-5.997	0.852	-6.587	-24.804	-10.173	-11.713	-3.958	-1.192	10.422	4.259	9.426	7.860	17	ScrambledFaces
6.978	2.988	1.817	7.582	3.552	-0.475	11.300	-2.053	5.466	1.807	0.494	4.910	-5.517	3.049	-7.566	1.522	-3.691	-8.982	-3.365	6.038	7.364	-2.449	-3.901	-0.493	-7.120	-2.479	6.069	-0.822	17	Cars
-0.577	-5.577	-9.783	-13.543	-8.030	-0.201	-3.505	-1.783	4.437	-2.816	12.871	7.452	7.229	1.896	-2.711	-2.409	0.564	-2.021	1.576	1.283	0.966	0.611	1.607	3.000	6.152	3.038	-0.631	4.594	17	ScrambledFaces
-3.664	-2.115	-4.586	33.480	-8.317	2.388	2.444	-0.152	8.841	13.000	11.063	6.393	-7.245	-6.780	-10.480	-6.571	-7.540	-9.126	-9.288	-10.532	-7.856	-1.957	0.998	-0.483	15.589	6.216	8.358	9.219	17	ScrambledCars
-6.855	1.127	9.753	-5.122	-3.431	1.315	3.709	9.833	14.355	9.208	9.323	7.921	-6.030	-3.942	-4.546	-11.288	-12.543	-2.569	-8.204	-13.301	-9.140	-6.293	-5.483	0.594	1.469	7.094	-4.353	9.497	17	Faces
-9.438	-5.823	-6.334	-4.862	1.004	-5.801	2.088	7.294	13.605	9.574	11.039	7.708	11.210	-2.418	-3.418	-6.047	-8.805	-3.478	-7.958	-2.869	-2.525	-5.438	-5.103	-3.525	-4.783	4.609	15.149	10.568	17	ScrambledCars
-8.573	3.316	-1.317	2.344	1.476	-3.160	1.676	-7.239	-0.142	13.897	10.771	5.296	10.203	8.628	-13.942	0.689	-2.588	-11.205	14.432	4.089	10.939	7.044	8.328	6.182	7.007	5.093	8.830	4.962	17	Faces
-10.159	3.609	-0.070	8.450	-1.555	4.303	19.380	7.381	14.373	7.348	13.683	11.113	-6.138	-8.367	-14.887	-11.778	-14.924	-13.165	-17.056	-3.543	-7.449	-8.468	-6.670	-0.323	8.437	9.345	-4.278	18.945	17	ScrambledFaces
-6.066	-5.193	-5.081	-3.717	-4.770	4.517	6.348	7.561	18.139	12.860	18.754	13.153	12.517	-4.572	-13.668	-10.167	-11.125	-10.325	-5.628	-12.103	-8.726	-9.965	-6.171	-4.287	1.588	7.179	10.073	7.191	17	ScrambledCars
-14.943	-12.923	-8.282	-5.527	-4.847	-5.006	-0.881	9.052	14.490	8.396	15.096	14.270	-0.401	-1.709	-17.627	-9.726	-5.338	-2.687	-1.971	-15.452	-3.388	-0.366	2.748	10.369	6.874	11.896	7.528	11.542	17	ScrambledCars
-3.717	-0.533	-4.093	1.218	1.280	4.806	1.482	8.378	7.790	2.794	11.295	6.563	1.745	2.691	-11.748	-3.609	-4.097	-5.791	-4.726	-7.801	-1.064	0.701	-0.955	-1.785	0.175	5.187	8.474	3.375	17	ScrambledFaces
3.615	-3.695	-1.248	-7.272	4.967	-3.423	1.314	0.907	-0.489	0.641	0.673	-2.569	2.205	2.279	-1.671	-0.951	2.769	7.355	2.055	0.535	2.956	5.536	5.284	3.480	3.678	-4.036	2.421	-4.521	17	Cars
-13.298	-10.806	-5.171	-6.719	-0.494	-5.412	9.259	4.985	15.443	-4.230	13.039	14.569	5.139	-4.087	-7.591	-8.811	-5.946	-1.102	-3.917	-8.770	-3.064	-2.807	0.269	4.363	10.181	11.953	-4.602	9.062	17	ScrambledCars
5.394	4.476	1.432	1.449	-2.273	0.529	-0.779	-3.487	-0.440	4.903	8.950	4.928	3.162	-2.455	-3.326	1.963	-3.117	-5.705	-4.143	-1.530	-4.135	-5.377	-4.322	0.866	-2.677	1.039	-1.564	3.093	17	ScrambledCars
-4.487	-9.346	-1.824	16.408	-0.039	4.766	13.375	7.087	11.356	12.664	11.006	10.102	7.617	2.921	-15.473	-5.781	-8.405	-9.521	-7.962	-1.847	2.316	-3.939	-4.033	2.230	-3.806	2.291	-2.417	5.614	17	ScrambledFaces
-2.167	-5.801	8.255	-8.774	-7.599	-5.000	2.941	4.521	12.363	0.747	12.519	10.883	-6.131	-6.487	2.001	-9.922	-8.132	-9.444	-12.643	-0.317	-10.327	-8.500	-9.549	0.375	0.478	3.924	-8.318	6.754	17	ScrambledFaces
0.681	-4.517	-3.473	2.739	7.234	-1.681	11.992	5.762	-0.817	5.717	1.891	-3.259	-2.786	3.209	-3.208	3.539	1.274	-2.565	1.284	0.111	0.887	0.623	-1.370	-7.246	-8.585	-6.742	5.247	-2.639	17	Cars
-0.428	-4.843	13.306	-4.301	-5.829	-0.632	-10.285	10.646	13.147	7.953	12.868	6.649	-13.047	-9.357	-7.265	-9.009	-11.824	-1.560	-4.674	-10.430	-9.909	-4.993	-7.317	-9.300	-4.726	3.586	0.039	7.218	17	Faces
1.259	-2.796	-8.776	4.998	-4.336	4.241	0.612	-2.368	6.914	9.561	14.603	5.158	-4.792	-2.258	-8.185	1.976	0.092	1.112	5.527	-4.312	1.155	-0.252	1.585	-1.484	-2.415	2.860	-3.112	4.989	17	ScrambledFaces
8.046	4.064	6.634	-7.482	-4.058	-7.213	-8.653	3.836	6.645	-3.098	7.726	4.548	-4.483	-9.740	7.260	-2.231	-2.539	1.580	-2.366	-4.583	-5.032	-6.127	-6.018	-9.118	1.556	2.228	-7.495	6.243	17	ScrambledCars
-1.110	-0.501	-2.898	-5.590	-8.598	0.841	-7.056	-3.607	-4.027	4.202	-0.764	4.389	4.810	1.149	2.589	1.775	7.128	3.504	8.054	2.368	-0.128	3.193	3.215	3.991	-2.739	-0.014	-11.629	3.615	17	Cars
-9.789	-3.881	-12.697	-4.150	-5.709	-2.692	1.671	7.152	7.460	5.750	5.554	4.303	2.383	1.067	-3.587	-3.485	1.913	-1.158	3.232	-1.448	-1.529	-1.723	0.564	0.524	-0.188	3.726	-3.828	6.719	17	Faces
3.742	-4.131	9.234	2.680	-8.000	-3.763	4.573	4.077	7.720	8.220	8.587	7.890	-9.699	-2.712	-2.751	-1.849	-7.007	-8.576	-1.020	-11.390	-6.961	-3.457	-4.973	-3.271	-0.786	6.321	-8.384	7.310	17	ScrambledCars
-2.109	-1.145	-5.985	1.744	-9.949	11.695	-5.632	-1.985	4.675	12.128	13.126	4.410	-4.072	-6.072	-13.416	-3.102	-1.765	-6.066	1.900	-2.215	-3.576	-0.916	1.684	5.866	5.897	9.865	-6.347	10.635	17	ScrambledCars
6.290	-10.752	-4.271	-25.099	-5.152	-3.112	-3.561	6.710	9.204	-0.387	11.653	9.555	-0.883	-9.664	-5.960	-8.487	-6.616	0.783	-11.122	-7.805	-7.418	-3.233	-3.536	0.857	5.357	5.517	10.888	10.578	17	Faces
2.639	1.542	0.767	-2.791	10.110	11.275	9.411	9.621	1.189	1.842	4.638	0.921	-10.019	-2.305	-4.382	4.118	0.544	0.013	-5.182	0.499	-2.419	-2.908	-2.980	-3.732	0.932	-1.234	-15.685	2.001	17	Faces
-7.366	14.211	-3.211	-2.202	-1.743	0.277	5.904	1.451	4.375	2.993	5.217	3.967	8.088	1.633	-6.014	1.448	-1.159	-3.940	-3.181	1.113	-1.104	-3.845	-3.963	1.024	-11.768	1.802	-2.817	4.952	17	ScrambledCars
7.717	-1.072	6.972	-0.108	1.617	-2.776	-1.899	11.100	15.829	8.585	17.000	10.371	3.581	-4.080	-6.564	-2.734	-5.856	-9.220	-14.622	-12.154	-6.320	-9.238	-11.672	-8.581	-6.699	0.200	0.525	10.749	17	ScrambledFaces
7.417	4.910	-4.084	1.554	1.274	2.995	1.393	-4.398	0.367	5.932	-6.985	-5.466	-4.733	1.892	-4.481	2.863	-0.110	-0.534	-1.629	3.236	3.467	-0.657	1.222	0.620	6.468	3.186	-9.843	2.517	17	Cars
0.210	-20.775	-4.982	-18.195	-8.973	-8.128	-6.975	9.938	12.424	5.251	17.106	16.714	-7.747	-9.246	4.629	-13.325	-8.240	-3.249	-8.509	-8.308	-7.543	-5.682	-7.356	-11.731	3.447	6.636	15.019	17.702	17	ScrambledCars
2.958	-0.971	-6.248	-7.860	-6.715	0.700	-20.848	-0.150	6.698	4.056	11.247	9.880	2.998	0.208	-0.406	-2.649	-4.552	2.118	-5.282	-5.094	-3.998	-3.330	-0.831	0.425	9.279	4.650	5.546	7.296	17	ScrambledFaces
-4.913	1.791	-1.438	4.429	-9.442	0.942	-2.041	6.088	10.826	-2.400	2.519	-0.572	-5.620	-7.417	-8.370	-1.921	-6.380	2.808	-0.701	-8.613	-7.934	-7.185	-3.544	-10.686	0.057	-2.315	9.324	2.670	17	Faces
-10.789	0.090	-1.487	-11.666	-4.388	-5.909	1.331	1.964	14.826	6.601	18.012	10.983	5.888	-6.012	-12.328	-6.863	-10.742	-12.361	-5.743	-10.646	-5.063	-5.882	-4.522	1.500	2.124	7.997	6.767	15.191	17	ScrambledFaces
-9.189	-8.079	0.662	6.563	2.238	10.489	4.681	14.356	15.576	13.419	12.511	16.466	22.934	0.753	-14.028	-11.132	-20.353	-11.997	-10.181	-5.916	-1.471	-5.049	-6.535	3.636	-4.794	4.873	3.709	12.319	17	Cars
-10.871	-15.680	1.563	-14.479	-7.068	-8.813	-0.233	0.512	8.656	4.782	14.185	15.286	9.438	-1.714	-1.156	-11.378	-4.820	-4.761	-7.815	-9.857	-6.695	-4.379	-3.991	0.499	4.099	11.476	7.196	13.329	17	Faces
9.335	3.323	2.652	-1.664	4.197	0.096	-0.126	1.649	4.908	0.426	7.401	0.488	-11.830	-5.933	3.259	-0.861	6.448	-1.989	-6.265	-0.184	-5.408	-5.412	-7.322	-2.378	-14.192	-2.940	4.203	1.761	17	ScrambledFaces
-14.891	-10.773	-6.468	-5.800	-4.710	-3.581	1.609	10.516	12.402	-0.957	13.039	13.032	-4.539	-5.120	-3.322	-11.293	-12.484	-2.411	-4.946	-12.768	-13.063	-5.323	-3.731	-2.998	5.249	15.163	-1.829	11.154	17	ScrambledCars
-4.405	-3.508	11.672	-8.458	2.036	-4.143	-4.606	5.519	9.143	7.555	15.563	8.885	0.658	-2.599	-9.630	-4.946	-7.246	-1.119	-13.572	-4.964	-3.782	-7.434	-6.897	-3.114	2.524	5.726	-6.067	4.129	17	ScrambledFaces
2.609	-2.484	-11.582	4.439	-4.893	-3.965	5.749	-3.354	6.130	18.003	2.023	3.408	3.165	1.550	-6.429	0.176	3.702	3.314	6.134	-4.730	-3.365	-0.446	4.719	-1.703	9.462	3.179	-25.929	-1.364	17	Faces
-16.119	-14.054	-5.850	-8.926	-0.354	4.420	9.580	17.245	25.743	18.508	29.434	22.908	10.600	-3.753	-22.134	-13.629	-11.970	-22.576	-12.048	-10.464	-5.921	-4.230	-6.871	8.135	-5.322	12.480	13.119	22.337	17	ScrambledCars
-12.543	-0.884	1.420	3.434	-6.230	1.291	-0.331	8.922	8.399	3.739	11.656	6.655	-0.218	-8.562	-3.861	-6.239	1.095	-7.870	1.650	-8.404	-3.832	-2.127	-1.383	2.986	-2.046	3.035	10.258	1.672	17	ScrambledFaces
2.003	0.052	12.655	-6.542	-3.214	1.600	0.490	8.515	1.574	-3.525	-3.270	-2.823	0.302	-2.106	1.517	-5.055	-1.299	-2.139	1.384	-2.941	-1.525	-1.717	-3.490	1.826	-4.022	-1.307	-7.026	4.013	17	Cars
-0.241	-2.006	6.347	-0.512	2.732	6.285	0.829	1.351	8.465	5.637	7.021	4.902	-0.510	-2.692	-9.442	-2.475	-0.405	-7.186	-7.856	-6.779	-2.409	-7.288	-8.289	-2.490	-12.196	1.765	2.282	5.721	17	ScrambledFaces
5.008	2.783	7.145	8.118	-6.820	5.578	9.735	7.222	-1.070	5.845	-1.637	1.975	-5.994	-3.451	6.952	-0.934	-3.366	5.534	-6.922	-4.528	-3.651	-7.971	-7.857	-6.098	-7.511	-2.031	-29.909	0.600	17	Cars
4.060	0.572	-4.822	-4.910	-2.620	7.050	-12.358	-3.886	-2.327	-7.296	-7.204	-3.527	-6.950	-5.290	2.856	1.323	7.000	2.092	-0.365	-1.323	-6.232	-3.179	-0.650	-4.614	2.530	-1.963	19.709	-2.219	17	ScrambledFaces
3.585	7.406	-4.788	6.742	2.046	-5.213	8.231	-0.047	2.226	7.957	5.049	4.134	8.754	1.214	-5.187	-2.499	-2.412	-0.438	-7.021	-3.228	2.432	2.415	0.107	-1.225	-3.682	1.164	5.895	9.032	17	Cars
1.980	-1.061	-4.141	-5.310	-2.718	-3.749	-4.186	7.297	4.230	2.857	4.492	5.454	-8.454	-5.808	-8.735	-2.176	-4.741	-9.338	-5.921	-2.706	-5.786	-2.591	-2.695	-0.746	7.485	8.748	-0.027	8.223	17	ScrambledFaces
-2.378	-13.462	-2.452	2.413	-9.297	-11.629	2.238	0.217	6.697	2.279	8.300	3.452	-4.434	2.389	5.993	-0.291	1.578	6.395	3.639	-2.386	2.079	-0.122	0.541	1.070	-2.836	4.664	0.844	7.047	17	ScrambledCars
-13.209	-12.950	-25.521	-4.274	-6.648	-1.897	2.165	8.737	9.585	12.305	12.327	11.871	-0.158	-4.122	-14.875	-10.273	2.356	-9.262	-0.028	-7.005	-5.272	2.374	4.721	4.337	9.346	12.241	17.884	15.327	17	ScrambledFaces
-0.306	-5.795	3.468	-0.414	-5.518	3.023	-1.722	7.620	7.110	3.749	1.478	-6.453	-11.460	-7.467	2.371	-6.348	-2.385	1.590	-8.442	-5.682	-7.014	-9.892	-7.353	-14.318	-0.653	-3.338	26.439	-6.431	17	ScrambledFaces
-5.684	-1.571	-1.551	-5.296	-3.389	-6.438	-4.543	3.876	6.409	9.521	12.370	11.497	-2.544	-4.444	-9.626	-5.077	-7.586	1.251	-9.234	-6.574	-5.969	-4.714	-1.068	2.640	10.033	7.821	0.578	9.968	17	Faces
-5.655	-6.028	7.180	-8.939	-12.036	4.985	-1.176	10.356	16.689	1.807	17.760	9.946	-17.218	-14.402	-7.430	-12.590	-9.581	-1.932	-7.145	-12.606	-14.407	-8.557	-6.550	-6.582	6.364	10.689	0.210	6.852	17	ScrambledFaces
-0.075	-1.068	2.094	-5.310	-6.666	-7.705	5.866	2.689	1.524	-2.165	-0.397	-0.389	0.435	-6.428	-7.050	-4.021	-2.976	11.301	-4.481	-7.896	-5.684	2.199	3.468	-0.935	11.770	4.674	-16.951	3.265	17	Faces
