FP1	F3	F7	FC3	C3	C5	P3	P7	PO7	PO3	O1	Oz	Pz	CPz	FP2	Fz	F4	F8	FC4	FCz	Cz	C4	C6	P4	P8	PO8	PO4	O2	ID	Condition
-7.609	-10.909	-8.200	-8.357	-5.505	-4.228	0.243	5.894	10.817	7.398	16.076	9.039	1.474	0.529	-5.432	-7.131	-3.943	-4.259	0.232	-6.263	-2.648	-1.408	2.895	-1.424	0.474	8.451	2.585	9.769	18	Cars
-1.258	0.787	2.100	2.239	-0.967	-0.603	-0.182	1.667	3.428	-0.145	7.270	1.046	-6.996	-6.385	-0.293	2.372	1.787	0.948	1.901	0.160	-5.350	-2.834	-5.346	-5.285	0.110	1.099	-3.505	0.479	18	ScrambledFaces
-2.078	-0.404	-2.829	2.476	2.945	3.374	3.227	0.106	0.842	-2.288	3.787	1.498	-2.362	-2.787	-0.836	1.133	-1.430	-0.262	-6.162	0.427	-0.347	-5.661	-7.343	-1.775	-1.515	2.632	-3.656	4.418	18	ScrambledFaces
-1.318	-0.056	-3.248	-1.003	-3.167	-1.918	-2.064	4.958	9.021	0.713	6.190	6.480	-7.037	-10.454	-2.660	-7.625	-6.561	4.258	-2.950	-13.804	-13.453	-8.213	-4.766	-5.513	1.482	8.629	6.405	7.522	18	ScrambledFaces
-9.497	-5.370	4.622	-5.913	-4.639	3.011	-2.993	5.541	6.975	-1.688	12.012	9.222	-4.208	-6.320	-7.987	-7.704	-6.466	-0.811	-6.756	-6.686	-5.926	-7.903	-6.099	-2.149	0.570	9.117	-1.548	9.765	18	ScrambledFaces
-6.314	-6.022	-7.852	-2.761	0.814	3.742	10.683	10.175	15.356	9.132	18.067	15.736	2.457	-3.273	-4.473	-0.347	-5.992	-7.591	-4.678	-0.847	-4.394	-10.530	-17.083	-8.104	-2.105	2.202	3.910	8.458	18	ScrambledFaces
-4.685	-4.823	-5.627	-3.029	-1.954	-1.158	2.600	5.345	13.496	0.743	11.767	6.156	-1.277	-3.376	-5.884	-5.064	-7.044	-4.819	-9.230	-2.903	-2.524	-5.848	-8.419	-1.293	10.572	7.001	1.320	3.859	18	ScrambledFaces
-11.338	-10.252	-6.109	-5.898	-2.417	3.494	5.312	9.859	12.695	7.313	14.570	11.432	-0.028	-5.173	-9.512	-12.465	-8.771	-6.086	-7.202	-14.939	-10.662	-4.808	-1.322	3.732	7.953	9.971	6.202	12.963	18	Cars
-2.703	0.622	2.310	1.162	-0.630	-0.009	1.776	3.114	3.682	3.361	7.401	7.079	-0.533	-2.458	-3.786	-2.952	-4.560	-4.672	-6.420	-3.016	-2.926	-4.224	-8.232	-4.743	2.379	8.053	3.336	8.048	18	Faces
2.088	-0.464	-2.423	1.684	5.114	2.865	-3.256	3.758	7.654	4.214	6.081	2.419	-0.963	0.701	-0.056	-0.277	-0.869	-2.761	-0.613	1.270	1.734	-7.914	-6.248	0.316	-0.430	1.839	-1.260	2.224	18	Faces
5.082	11.145	8.489	9.435	9.526	8.214	0.643	2.977	1.246	-0.419	-0.678	-7.904	-2.420	-2.365	4.107	6.573	7.068	0.528	1.778	2.734	-2.068	-1.291	-0.391	-8.137	-5.926	-8.723	-3.710	-9.964	18	Faces
-4.407	-7.571	-5.562	-4.189	-0.731	0.634	3.935	10.578	13.851	6.095	15.525	5.447	-1.027	-5.288	-4.509	-7.891	-3.758	-2.130	-1.289	-8.646	-8.647	-3.594	-12.153	-0.108	8.663	10.888	1.575	4.997	18	Faces
-7.926	-2.270	-6.828	-3.431	-4.478	-9.948	-1.182	-0.251	3.343	1.288	8.683	11.378	-7.492	-6.357	-4.089	0.071	-1.279	-3.688	0.771	-3.546	-7.168	-5.131	-4.355	1.109	5.391	10.440	-2.873	8.462	18	ScrambledFaces
-0.057	6.027	-2.017	4.089	1.243	-1.693	-0.380	-1.211	0.226	-1.032	4.949	-1.174	-4.792	-2.569	2.846	4.852	5.843	4.189	3.079	4.262	-1.269	-0.458	-1.934	-5.063	3.462	0.655	-6.238	-3.750	18	Cars
-3.808	-9.217	-7.826	-3.889	2.581	-5.254	-3.967	-4.716	-1.580	0.719	6.443	7.201	-0.348	0.069	0.450	1.338	2.200	-0.653	2.322	1.291	-0.567	1.041	-3.375	3.031	-0.962	14.284	2.974	6.206	18	Cars
-7.248	-6.575	-0.014	-7.722	-3.068	1.595	0.147	5.674	9.936	-0.782	1.632	3.811	-4.153	-8.115	-5.574	-7.232	-2.628	0.645	-1.695	-8.564	-9.568	-4.203	-0.386	-4.666	6.047	7.117	1.639	1.487	18	ScrambledCars
-3.723	-1.958	-7.787	-1.015	-3.336	-2.292	-2.035	3.247	6.182	1.575	7.112	2.818	-3.496	-6.110	-0.320	-1.387	3.271	1.404	2.843	-2.367	-4.709	-0.668	-2.309	-5.486	-0.110	0.375	-3.894	-0.492	18	ScrambledFaces
1.769	3.508	-2.559	1.629	7.727	5.436	3.516	-1.259	1.139	-0.072	0.308	-0.871	1.814	1.057	-0.044	1.501	-2.527	-2.921	1.983	1.145	1.269	3.455	4.086	5.554	4.341	4.005	1.412	1.078	18	Cars
-2.726	-5.076	-2.705	0.192	-3.595	-4.731	-9.880	-2.644	3.046	-4.181	7.479	3.031	-7.133	-7.257	-0.373	1.117	1.777	2.135	-1.771	3.236	-0.837	-1.857	-3.760	1.760	0.077	10.002	-0.996	1.482	18	ScrambledCars
-3.196	-2.979	-4.805	0.245	-0.975	-5.153	-3.373	-5.242	-0.519	-1.972	6.653	7.556	-4.270	-4.558	-1.327	2.492	0.455	-2.645	0.816	2.277	-2.398	-0.060	-11.247	-2.924	10.655	14.443	2.174	8.738	18	Faces
5.444	8.004	3.014	8.615	5.891	1.936	0.653	-2.035	-2.375	-2.620	-0.157	-6.975	-3.818	-2.476	4.314	8.424	5.977	-1.213	5.045	8.826	3.022	2.875	-1.503	-3.390	-2.854	-6.442	-3.566	-7.169	18	Cars
-6.717	-6.090	-7.665	-4.881	-6.159	-9.007	-4.773	-6.307	-5.210	-2.771	-4.772	4.087	-2.926	-5.431	-2.315	-0.807	-1.156	1.684	-1.257	-3.152	-2.463	1.711	4.032	5.325	13.397	19.658	6.960	10.369	18	Faces
-9.060	-11.412	-6.560	-6.295	-4.198	0.898	1.685	10.850	12.869	4.893	15.549	10.957	-0.434	-4.418	-9.115	-11.501	-9.135	-5.362	-6.026	-10.828	-8.006	-8.175	-6.820	0.520	7.712	9.308	2.583	10.880	18	ScrambledCars
2.192	5.999	5.620	3.384	5.372	4.958	5.168	10.223	6.146	5.289	6.973	0.266	-2.684	0.237	1.829	6.838	3.041	-4.006	-0.262	7.698	3.665	-8.935	-16.702	-13.690	-18.669	-9.784	-7.962	-8.915	18	Cars
-0.117	-2.951	-8.363	-3.587	-1.802	-2.889	-4.263	-6.969	-3.584	-0.108	-1.595	0.641	-1.686	-0.643	5.146	3.375	8.916	6.508	6.366	2.978	3.664	5.434	9.385	3.142	5.801	6.796	5.544	3.433	18	Cars
-3.391	-6.896	-7.625	-6.499	-1.918	-1.073	3.509	5.940	5.879	1.419	1.948	1.538	0.268	-2.188	-4.935	-4.905	-4.773	-8.765	-4.344	-2.713	-1.591	-1.466	-0.683	5.319	7.012	11.699	8.002	7.990	18	ScrambledFaces
-1.151	-4.750	-0.162	-3.131	-2.692	0.924	-4.328	2.237	3.540	-2.119	12.561	3.771	-7.668	-4.663	-1.896	-0.343	1.217	-0.846	3.645	0.164	-0.072	-2.449	-1.177	-6.240	1.434	7.109	-3.287	1.552	18	ScrambledCars
-4.224	-3.313	-7.029	0.480	4.512	2.246	7.397	5.496	6.378	9.176	10.763	9.380	1.353	-0.930	-2.861	-2.597	-1.997	-7.126	-2.425	-4.473	-4.873	-3.477	-9.936	0.496	6.618	7.335	4.293	8.536	18	Faces
-12.834	-4.709	-7.616	-8.224	-5.750	-1.316	6.004	7.580	11.713	10.215	22.108	21.365	2.107	-5.594	-10.391	-8.363	-10.699	-12.544	-10.451	-6.650	-5.188	-6.524	-11.748	2.636	4.551	20.422	6.410	21.531	18	Faces
-9.388	-12.124	-7.690	-7.889	-6.029	-1.929	-0.584	12.708	16.340	1.778	15.608	4.700	-13.546	-14.621	-10.532	-12.148	-8.464	-3.152	-12.021	-11.912	-12.819	-12.370	-1.078	-7.589	11.255	16.368	-3.456	3.530	18	ScrambledCars
1.617	4.012	-0.914	1.910	1.812	5.167	-2.581	0.406	1.121	-2.083	0.599	-1.077	-2.073	-2.913	1.785	1.564	0.946	4.140	0.229	0.861	-0.561	-0.234	-1.674	4.261	0.392	1.327	-4.020	-3.575	18	Faces
3.418	6.842	-4.339	5.434	4.979	3.889	3.237	0.802	1.141	-0.313	-3.278	-4.649	0.400	1.083	4.052	9.763	4.931	-3.307	6.605	9.555	9.138	-0.722	-6.745	-1.072	-1.425	5.030	-0.881	-0.565	18	ScrambledCars
-5.352	-6.269	1.246	-5.493	-1.307	2.185	1.711	5.579	5.191	6.438	8.254	4.412	-5.151	-1.479	-6.204	-7.480	-6.321	-3.580	-3.717	-10.003	-6.305	-1.663	-1.060	2.263	7.575	10.872	3.498	4.981	18	Cars
4.791	1.291	-3.611	5.829	5.822	4.307	3.069	3.908	4.584	1.402	-0.377	-2.382	-0.315	3.490	3.628	5.672	3.487	-2.747	1.875	5.558	5.577	1.166	-10.438	-3.587	-5.618	-3.847	-2.957	-3.853	18	Cars
-9.149	-6.157	0.395	-3.655	-3.927	2.254	1.133	7.071	10.681	4.418	15.616	10.355	-3.867	-6.481	-6.188	-7.661	-5.850	2.453	-6.151	-6.049	-7.288	-9.647	-8.146	-6.391	2.665	10.918	-0.007	5.149	18	Cars
-3.752	-0.202	2.128	-0.848	-1.843	5.781	3.532	9.148	8.506	-1.561	5.355	-4.796	-1.807	-1.332	-4.904	-3.669	-4.421	-3.335	-6.567	-4.359	-1.980	-6.347	-5.871	-4.474	-0.479	4.597	-2.434	-2.533	18	ScrambledFaces
5.901	-5.047	-13.484	-4.091	-1.509	-5.535	2.252	-0.969	3.251	5.090	3.785	3.730	5.807	5.504	-0.707	0.102	-6.508	-11.274	-1.518	3.305	5.406	1.476	-1.933	8.964	8.926	10.255	6.909	5.431	18	ScrambledFaces
-5.309	-7.022	1.534	-6.168	1.778	4.105	7.957	7.372	13.654	6.944	12.614	10.232	4.240	0.323	-7.819	-10.627	-11.140	-6.936	-11.325	-10.080	-5.468	-2.741	-5.565	2.465	1.948	8.684	4.522	10.109	18	ScrambledCars
-10.324	-10.854	-7.860	-8.655	-4.542	0.978	8.114	7.089	10.412	10.811	17.527	15.222	7.771	-2.832	-8.410	-13.371	-13.393	-2.697	-13.649	-11.726	-8.257	-8.396	-15.857	9.893	13.174	12.002	10.280	15.014	18	Faces
-8.243	-12.748	-21.463	-13.438	-2.695	-6.169	6.853	-4.290	2.650	8.946	10.050	9.840	14.763	11.541	-0.192	0.574	4.444	-7.950	0.415	3.544	9.445	8.196	9.301	10.069	9.308	10.445	9.946	11.919	18	Faces
-12.648	-5.031	-3.259	-6.145	-13.389	-7.036	-6.097	-2.468	2.390	-0.732	13.098	11.568	-2.637	-5.058	-6.131	-3.059	-1.825	-1.548	-3.316	-2.462	-2.400	-7.858	-7.313	-0.796	8.060	13.865	3.690	12.778	18	Faces
-2.933	-1.471	-4.349	-0.929	3.834	-1.739	-1.321	1.355	5.348	3.384	13.719	6.704	3.267	3.565	-0.726	-2.334	0.268	-1.160	-2.451	3.695	5.549	2.035	-1.713	-2.222	-2.352	0.781	-1.356	0.872	18	Cars
8.698	5.752	8.782	8.958	5.989	7.964	-3.046	9.491	12.777	-5.772	0.759	-4.093	-11.752	-5.289	-0.164	5.106	-1.484	-4.744	-3.318	5.803	2.617	-8.288	-22.604	-15.522	-6.848	-8.210	-12.573	-7.049	18	ScrambledFaces
-2.111	-5.120	-3.465	-5.039	-8.571	-8.230	-1.908	4.599	10.619	6.257	12.880	8.248	-5.061	-11.009	-3.517	-1.903	-2.494	-3.136	2.914	-9.485	-11.304	-7.661	-4.403	-0.356	9.241	16.273	0.297	3.881	18	ScrambledFaces
-5.018	-2.242	-1.198	-3.474	0.279	-0.182	7.588	3.172	6.109	8.347	11.200	4.981	-0.675	-2.766	-4.789	-5.309	-4.899	-5.910	-7.015	-6.110	-5.945	-3.724	-4.537	-3.275	5.021	6.244	3.991	4.449	18	Cars
-9.539	-4.472	-6.799	-2.328	0.597	0.617	5.083	7.503	13.187	9.675	18.265	10.214	-2.605	-7.226	-8.409	-9.187	-10.043	-7.942	-7.717	-10.369	-10.353	-6.665	-6.977	-1.129	5.562	8.325	7.294	6.214	18	Faces
-1.093	11.221	0.204	4.055	1.131	-3.079	0.522	-5.349	0.094	-0.539	-0.704	-1.435	-0.129	-0.209	1.286	5.333	3.916	-3.263	4.407	2.310	-0.285	0.443	5.225	0.462	-3.225	4.331	-2.722	9.363	18	Faces
-2.355	5.605	1.197	3.647	-2.953	-0.690	-8.802	2.292	5.638	-1.072	6.306	5.677	-9.879	-9.568	-4.100	0.691	-3.611	-3.051	-7.647	-6.428	-9.299	-7.724	-3.972	-5.783	7.420	7.387	-2.304	4.286	18	Faces
3.798	-5.716	-5.525	-3.660	1.071	-6.224	8.315	1.510	2.902	5.064	6.345	3.501	1.469	1.702	2.316	1.284	2.217	-0.816	3.512	2.723	1.826	3.295	0.472	-3.916	4.023	5.387	0.675	1.914	18	Faces
-8.985	-6.505	-8.745	-5.402	-4.067	-7.890	-11.216	-0.413	7.075	5.171	14.579	10.674	-2.765	-6.260	-3.313	-2.767	6.519	-7.049	0.314	-3.099	-5.187	-0.517	8.400	0.548	7.246	11.240	6.648	9.929	18	Faces
5.780	0.506	-6.813	2.637	0.860	0.642	-0.542	-0.991	3.177	-3.415	-0.390	-1.017	-4.341	-7.538	-1.325	4.920	-2.369	-7.272	-0.654	3.212	-1.266	-2.999	0.429	-2.363	19.906	1.346	-3.942	-1.452	18	ScrambledCars
-1.504	2.265	-1.521	3.977	3.364	0.179	5.331	0.760	3.332	3.110	6.135	4.986	3.240	1.981	1.702	5.958	2.082	-3.467	-1.516	5.800	2.121	-0.158	-12.699	-0.206	-8.665	-2.736	-2.032	0.473	18	Faces
7.330	11.858	-5.245	8.263	4.622	-5.256	-4.296	-12.209	-8.862	3.500	-6.393	-9.992	2.708	5.562	11.391	13.116	14.040	2.821	11.849	12.072	7.257	10.639	8.006	-0.860	-3.461	-0.250	4.519	-7.487	18	Cars
-2.466	-5.186	-0.459	-4.899	2.108	3.938	10.904	16.404	17.983	6.603	13.877	5.300	0.517	-1.855	-6.957	-11.633	-11.806	-3.732	-8.192	-12.013	-8.707	-2.921	-1.800	-1.189	-0.866	5.981	3.506	2.189	18	ScrambledCars
-11.289	-6.942	-9.906	-8.699	-2.641	0.866	7.843	10.073	11.827	13.092	15.346	8.522	-4.749	-10.640	-8.367	-11.925	-8.126	-4.541	-8.020	-14.954	-13.770	-11.973	-8.283	-4.470	6.149	4.931	2.734	6.226	18	ScrambledCars
3.904	3.151	-0.277	2.799	19.816	4.249	6.466	11.367	10.769	8.312	14.915	3.129	3.451	-0.755	0.803	-4.308	-2.449	0.847	-4.714	-3.358	-3.235	-8.809	-9.750	-7.675	-6.587	-8.223	-6.312	-4.047	18	ScrambledFaces
-4.524	-0.028	3.501	0.546	2.611	5.256	0.294	6.330	8.027	1.746	13.426	1.197	-1.256	-3.557	-8.563	-4.447	-9.596	-11.199	-9.347	-4.257	-3.074	-3.659	-1.792	0.075	2.214	4.151	-3.133	3.891	18	ScrambledCars
10.468	-1.921	1.998	-1.799	1.920	-2.732	-5.627	0.182	3.847	0.206	2.382	-2.351	-3.555	-2.824	1.686	-0.926	0.613	-2.773	2.019	0.324	-0.553	3.248	4.588	-0.085	8.026	5.811	2.871	-3.783	18	ScrambledFaces
-8.987	1.587	0.620	3.776	-1.009	2.221	-0.304	0.990	3.251	3.438	10.303	5.072	-2.137	-4.661	-3.675	2.352	-1.896	-3.628	-4.309	0.272	-5.227	-4.576	-11.326	-3.183	-2.065	8.319	0.989	8.089	18	Cars
-5.198	2.457	-3.338	2.412	4.104	4.433	8.424	8.856	20.466	10.412	21.155	11.623	4.186	1.430	-4.081	-0.937	-1.932	-12.754	-5.864	-0.826	1.641	-4.379	-8.752	1.097	0.092	3.418	3.792	6.333	18	Cars
-5.408	-2.006	-8.117	-4.374	-3.885	-4.624	-1.581	1.313	2.783	0.075	10.715	-0.475	0.332	-0.889	-1.058	2.111	6.434	-5.116	5.205	2.202	-0.482	4.073	7.386	3.622	5.689	7.473	-0.220	-0.080	18	ScrambledCars
-0.954	0.150	6.447	2.445	4.282	7.727	0.304	5.537	-0.298	-3.212	-1.854	-5.470	-4.696	-3.223	-2.506	-1.741	-0.962	1.169	0.489	-3.172	-5.172	-5.085	-1.676	-6.281	1.379	1.526	-5.841	-6.841	18	Faces
-0.092	6.637	9.820	5.365	5.480	7.173	0.988	5.928	3.744	-0.614	4.153	-4.641	-5.165	-4.787	-1.538	1.234	-1.862	1.085	-1.271	-0.894	-2.771	-3.176	2.818	-6.698	-9.189	-4.667	-7.741	-6.202	18	Faces
3.328	11.182	-1.129	6.510	1.433	-1.994	-9.486	-4.748	-6.113	-4.654	-3.172	-8.397	-11.031	-9.130	2.843	5.604	4.063	3.765	4.192	2.434	-4.380	-3.091	-1.813	-4.940	5.935	-0.275	-6.880	-8.018	18	ScrambledCars
1.347	4.420	1.723	5.002	4.706	3.659	-0.318	4.893	4.708	-1.205	10.465	-1.454	-9.951	-3.603	3.265	7.653	6.639	2.750	8.006	3.519	0.173	-0.685	-5.985	-8.126	-9.174	-3.954	-8.543	-3.543	18	ScrambledCars
1.715	7.823	1.826	4.671	-1.446	-1.277	-1.731	0.184	0.812	2.665	5.856	1.789	-5.308	-7.378	2.246	4.686	4.269	4.823	5.071	-0.609	-6.349	-2.894	5.950	-4.656	7.126	-4.387	-5.378	-2.021	18	Cars
-6.380	-4.990	-3.603	-5.919	-6.315	-2.816	0.957	0.247	-1.139	1.588	-0.295	-3.138	-1.337	-1.151	-0.435	-3.670	3.244	6.374	6.484	-3.364	-2.954	1.494	4.762	0.390	2.691	9.286	0.325	-3.129	18	Faces
2.916	0.445	-1.076	0.813	0.494	-0.738	-0.271	1.553	1.102	2.226	3.589	3.414	-4.095	-4.976	2.736	2.345	3.405	3.532	2.445	0.335	-3.764	0.507	-0.586	-1.190	0.724	-0.008	-2.875	0.883	18	ScrambledCars
-1.943	-1.965	-6.685	2.323	4.209	-5.791	0.544	-6.097	5.701	2.848	10.542	3.287	1.240	-0.956	-0.889	1.597	-1.474	-4.169	-1.636	1.129	-1.765	-1.860	4.172	0.211	4.124	7.485	1.705	4.317	18	Cars
0.204	3.246	-8.924	4.820	4.809	-3.176	2.178	4.586	11.966	9.262	10.499	5.173	-1.831	-1.761	-3.256	-2.864	-6.681	-11.837	-2.720	-4.062	-4.486	-4.075	-6.027	-3.244	-1.903	8.981	4.005	6.098	18	ScrambledFaces
-0.315	3.877	-2.848	2.404	0.936	-0.594	-2.258	-1.466	1.625	3.069	4.736	6.525	-2.195	-2.311	0.641	5.782	2.909	-6.327	4.423	4.555	-0.672	-1.477	0.480	0.614	2.181	5.070	6.017	8.692	18	Faces
-9.236	-8.429	-6.256	-9.174	-5.984	-8.153	0.775	7.017	9.536	1.212	10.491	5.736	-4.071	-3.924	-8.323	-2.675	-2.997	-11.368	-1.278	-6.048	-8.586	-5.350	-3.655	-2.294	13.296	15.089	2.252	7.180	18	ScrambledFaces
-6.666	-5.847	0.512	-5.724	-3.277	3.554	1.515	11.366	15.412	5.056	13.840	4.946	-5.034	-10.512	-11.250	-9.684	-13.128	-10.426	-10.471	-8.933	-11.195	-5.878	4.499	-1.284	2.084	7.100	1.022	3.447	18	ScrambledCars
-6.210	-6.356	-12.095	-1.487	-2.057	0.855	3.243	5.346	4.384	1.096	5.637	8.952	3.312	-0.282	-7.559	-7.622	-10.244	-9.858	-9.133	-6.372	-4.438	-4.979	-8.407	6.156	12.329	17.131	7.153	13.777	18	Faces
-8.293	-10.862	-6.791	-8.744	-6.554	-3.948	3.181	1.370	10.144	3.679	13.915	10.608	3.210	0.305	-4.417	-1.933	-2.136	-3.255	-0.165	-1.293	-0.183	0.415	-0.435	0.479	7.287	10.366	3.020	9.986	18	Cars
-3.710	-7.103	-12.647	-7.953	-4.543	-8.961	-3.412	-1.365	6.290	2.428	11.885	7.262	-1.092	-3.416	-3.515	-6.143	-3.752	-2.454	-3.624	-6.817	-3.405	-1.442	2.314	3.374	18.764	17.182	10.275	8.534	18	ScrambledFaces
-5.003	-6.309	-5.665	-9.272	-4.338	-2.393	2.520	2.223	5.084	4.534	8.471	6.264	2.296	-2.396	-4.957	-7.064	-4.158	-5.917	-3.710	-5.313	-1.937	0.116	-8.496	1.334	11.868	9.003	6.133	4.589	18	Faces
1.188	5.687	3.181	4.909	2.165	2.068	1.842	-0.743	1.274	2.257	1.001	-2.893	-0.969	-0.528	2.651	9.916	6.876	-4.808	-1.129	8.798	4.588	-2.973	-5.263	0.076	-1.102	1.684	-3.776	-0.246	18	Cars
-4.658	4.390	-2.927	4.516	1.051	0.009	-2.711	-1.017	0.750	-0.171	7.359	5.673	0.942	-1.387	-3.820	-0.760	-2.150	-6.530	-3.998	-1.542	-3.483	-2.278	10.937	-2.130	4.747	13.028	4.891	6.970	18	Faces
-1.856	0.034	-8.256	-0.544	-0.106	-0.558	-0.432	0.211	1.670	-1.075	1.114	-0.676	-0.609	-1.671	-2.350	3.160	-0.384	-9.020	0.860	3.800	0.450	0.262	0.438	1.092	8.385	9.437	0.819	-1.583	18	Cars
-7.843	-5.280	-0.666	-4.096	-3.302	2.011	-1.572	3.859	2.718	0.075	6.219	3.475	-4.825	-7.890	-5.929	-5.535	-3.538	-0.471	-8.484	-6.182	-8.194	-7.971	0.713	-1.297	7.735	8.247	0.260	2.502	18	ScrambledCars
-7.364	-8.721	-9.456	-8.128	-0.072	2.757	10.628	11.789	18.327	13.493	16.254	12.021	0.759	0.438	-8.714	-17.466	-12.643	-5.216	-11.095	-15.339	-7.317	-6.065	-13.417	-4.271	3.552	6.424	-0.313	5.358	18	ScrambledFaces
-9.153	-13.696	2.259	-12.075	-5.745	0.807	4.217	8.007	9.188	3.060	9.217	4.356	0.641	-1.846	-10.989	-15.711	-15.471	-2.495	-9.821	-12.496	-5.299	-6.191	-6.060	-1.450	-0.383	4.034	2.436	0.179	18	ScrambledCars
-0.339	13.278	2.168	9.797	1.858	-0.442	-11.437	-9.323	-9.939	-9.343	-4.092	-3.902	-8.486	-4.880	2.345	9.331	6.274	-0.378	4.279	7.182	1.988	-0.583	-0.817	-1.597	2.236	3.135	-2.090	-3.022	18	Cars
-2.947	0.228	1.129	0.748	0.958	1.378	-4.095	-3.358	-3.120	-3.136	1.044	-0.038	-1.315	-2.136	-1.090	0.645	0.679	-0.462	-4.656	1.078	0.378	-2.601	-2.758	-2.058	-1.181	2.221	-2.417	0.427	18	ScrambledCars
3.493	-2.738	-7.414	1.392	-1.837	-6.526	-7.455	-6.061	-1.987	-3.520	-4.973	-3.704	-2.444	-0.087	4.164	3.134	5.435	4.129	5.760	4.520	2.559	0.502	4.373	3.311	6.788	1.789	0.989	-1.637	18	ScrambledCars
-3.242	0.687	-6.395	1.830	-0.676	-3.083	-0.859	-0.608	2.160	-2.631	-0.876	-2.537	-4.398	-3.494	2.896	7.656	8.466	2.814	6.921	4.647	0.195	1.941	-2.030	-5.179	2.942	5.251	-2.396	-2.809	18	Faces
-0.341	5.420	10.425	6.420	5.297	5.869	0.395	2.831	2.963	-0.602	4.220	-1.605	-9.133	-3.728	-2.457	-2.317	-4.258	4.445	-6.735	-1.892	-1.809	-6.544	-0.357	-13.048	-4.071	-2.616	-9.854	-7.422	18	Faces
6.378	2.290	5.414	4.390	3.035	0.541	-2.768	-5.430	-5.495	-1.753	-23.899	-6.116	-5.201	-4.625	1.798	1.924	2.182	-2.870	0.287	-1.809	-5.795	-0.475	-0.119	-0.966	2.865	6.414	0.674	-0.761	18	ScrambledCars
-4.760	-5.486	-2.624	-3.989	-0.298	-1.391	3.601	3.341	2.584	7.203	10.268	5.107	4.609	-1.788	-5.385	-6.610	-10.101	-5.027	-7.040	-6.398	-5.170	0.183	-1.714	1.716	-0.702	11.090	8.913	9.102	18	Faces
0.518	-3.830	0.650	-1.170	-1.977	-1.731	-3.912	0.804	5.043	2.490	4.202	-1.263	-7.930	-6.681	-0.774	-7.606	-0.249	5.250	2.292	-7.584	-7.192	-0.071	3.928	-0.186	5.349	7.568	0.713	-0.358	18	ScrambledCars
-3.716	-0.385	0.668	-4.584	-10.814	-6.864	-8.308	-2.365	-0.945	-3.296	1.390	0.567	-5.756	-7.588	-4.663	-4.697	-2.011	-1.372	0.085	-6.990	-8.043	2.968	14.157	3.707	13.080	15.077	3.754	0.707	18	ScrambledFaces
-1.066	3.745	-6.376	-2.551	-4.434	-7.168	-1.160	0.610	3.678	1.041	5.465	0.370	-2.317	-4.333	-0.128	-0.271	-1.722	3.549	-0.545	-3.980	-6.014	3.587	8.758	-0.701	8.418	7.252	4.219	2.535	18	Cars
-2.216	-3.517	2.158	-1.079	-0.859	0.817	-2.872	2.395	2.241	-3.072	0.813	-2.082	-5.847	-5.357	-2.684	-5.872	-3.340	4.729	-1.221	-4.259	-5.164	0.484	-2.836	-1.958	2.067	5.368	-3.058	-1.529	18	ScrambledCars
1.952	6.611	-0.538	3.060	0.892	0.085	-1.864	-7.319	-5.364	-2.143	-5.410	-4.730	-0.252	1.865	1.280	5.364	3.882	-5.721	3.098	4.252	3.604	2.542	9.246	3.183	4.787	3.010	0.248	-3.048	18	ScrambledCars
1.979	3.181	4.278	-1.825	3.344	8.631	6.033	10.105	9.759	1.121	6.189	1.236	-3.195	-3.219	-4.206	-4.251	-8.006	-6.764	-10.883	-3.391	-2.172	-2.783	-5.869	1.281	-1.279	1.452	2.755	-2.900	18	ScrambledFaces
5.322	3.880	-2.874	3.933	4.593	-2.815	-13.359	-2.386	2.136	5.197	1.358	2.196	1.938	-0.054	2.570	6.568	3.208	-7.863	1.828	1.972	0.800	-2.570	-6.161	-3.088	0.567	2.224	3.114	-9.104	18	ScrambledFaces
-2.884	-12.878	-0.497	-10.475	-8.680	-1.154	0.790	8.769	9.115	2.790	15.126	12.772	-5.657	-11.365	-7.825	-14.590	-11.468	2.588	-9.512	-14.442	-12.836	-8.055	2.322	-1.125	14.012	8.191	6.522	9.475	18	ScrambledFaces
0.967	-4.303	1.897	-0.541	-2.351	-0.014	0.656	-0.037	2.444	1.900	3.074	1.183	-0.713	-3.387	-1.559	-6.091	-4.434	2.021	-3.393	-5.617	-3.138	-1.639	-8.552	1.506	5.910	7.279	2.061	0.984	18	ScrambledFaces
-1.250	0.894	-8.508	-1.649	-2.510	-8.667	-0.554	-2.008	1.543	-0.216	1.763	-4.592	-0.465	-1.518	1.944	0.919	5.082	0.591	7.075	0.196	-0.777	4.829	1.702	4.784	11.407	6.761	6.770	-1.468	18	Faces
-2.420	0.957	8.544	-1.400	-1.354	3.001	-4.838	6.841	6.814	-0.447	8.005	2.478	-13.612	-13.477	-6.656	-3.554	-6.708	-2.591	-4.310	-8.608	-14.069	-10.046	-12.033	-12.327	4.439	1.964	-4.521	-1.123	18	ScrambledFaces
-5.282	0.454	-1.254	-1.742	-1.241	2.917	-0.134	10.079	10.085	0.084	12.818	5.537	-5.596	-4.887	-4.670	-4.535	-5.585	-0.979	-5.923	-1.532	-2.213	-6.552	-9.315	-9.751	-8.194	-2.918	-2.379	-0.622	18	ScrambledFaces
2.518	-2.734	-7.657	-0.252	-2.961	-1.561	-3.856	1.941	3.183	-1.273	7.295	0.774	-6.930	-7.902	0.758	3.612	2.062	1.476	2.910	0.384	-3.466	0.412	6.391	-1.757	12.166	10.023	-2.728	2.695	18	Faces
2.204	-3.106	-8.708	-2.941	-3.149	-0.510	-3.795	1.193	2.265	-2.790	-0.553	-3.778	0.808	1.989	1.154	-1.157	0.452	0.615	-3.109	4.183	5.070	3.633	2.148	5.229	4.422	6.215	3.085	2.795	18	ScrambledCars
0.899	-5.196	-9.830	-3.663	-4.837	-9.298	-4.080	-2.135	2.790	0.356	8.846	5.005	1.318	0.702	1.482	4.399	4.957	-4.581	6.408	5.801	2.956	2.583	1.701	-0.080	2.327	3.244	-2.051	2.730	18	Cars
-1.995	-2.835	6.830	-1.550	1.692	3.482	8.413	6.087	10.778	5.648	5.668	3.559	-2.392	-1.703	-4.011	-5.102	-1.384	-6.450	-5.480	-5.612	-5.037	-5.657	-9.203	-6.170	2.772	3.470	1.630	2.911	18	ScrambledFaces
-6.176	-1.290	10.846	0.929	-0.636	8.394	-4.228	3.877	-0.812	-9.042	2.720	-1.171	-11.877	-9.416	-5.981	-6.953	-2.477	6.174	-6.753	-8.166	-8.623	-7.950	4.239	-12.715	1.785	6.308	-8.169	-6.634	18	ScrambledCars
5.494	7.830	2.220	8.955	6.958	8.674	-4.146	6.140	1.636	-1.847	-3.244	-7.040	-6.792	-5.226	5.296	7.951	8.088	2.028	4.652	3.511	-0.265	-7.445	-15.477	-15.022	-12.633	-4.603	-6.823	-6.457	18	ScrambledFaces
-2.213	-5.191	-12.779	-7.594	-5.091	-8.559	7.321	9.755	16.069	14.681	22.889	12.671	5.378	1.247	-4.349	-3.632	-6.560	-11.069	-2.001	-2.395	-1.949	-0.459	1.922	2.704	2.697	2.267	1.827	3.366	18	Cars
1.811	0.951	-4.625	-2.042	-4.766	-4.411	-0.032	0.964	4.331	4.883	7.148	1.048	-3.051	-1.266	1.585	2.327	0.835	0.502	3.534	1.089	-2.936	0.907	7.936	1.259	1.775	3.264	3.931	-1.648	18	ScrambledFaces
-8.117	-3.738	-2.789	-3.464	-2.969	0.067	-1.260	8.022	8.110	3.684	11.438	6.160	-5.805	-11.462	-7.207	-8.052	-5.042	-2.552	-12.992	-10.807	-14.313	-6.780	-5.000	-2.655	11.317	12.893	0.816	7.983	18	ScrambledCars
1.073	5.478	-1.277	-0.053	4.769	2.553	6.929	4.276	8.639	7.378	9.326	1.175	0.634	1.154	-1.216	-6.978	-3.308	-1.445	1.764	-4.091	0.095	4.021	-0.575	3.201	1.077	0.528	-3.386	1.991	18	Cars
-0.609	1.824	-4.995	3.497	3.648	3.579	3.672	7.262	6.844	4.719	8.665	0.463	-3.742	-5.518	-2.116	-3.759	-3.997	-1.223	-2.436	-6.921	-7.428	-4.098	4.976	-1.172	-3.155	0.614	-4.732	-2.453	18	ScrambledCars
2.696	8.014	7.425	4.240	0.933	-0.521	-2.318	-3.281	-0.883	-2.352	-1.775	-6.459	-4.759	-3.198	2.134	3.600	3.839	0.688	2.300	1.806	-1.253	-0.564	-0.576	-0.390	-0.682	0.210	0.246	-5.204	18	Cars
0.099	-2.449	-2.346	-3.944	-5.511	-2.342	-5.497	3.199	3.366	-2.179	4.814	0.895	-3.333	-3.872	0.042	0.106	2.862	1.353	2.716	-1.388	-1.243	-0.937	-4.693	1.466	8.164	6.548	0.829	4.377	18	ScrambledCars
0.003	-10.073	-9.964	-8.258	-1.209	0.436	10.672	10.098	10.446	10.127	12.894	11.245	4.273	-0.544	-5.956	-7.694	-8.912	-10.376	-9.946	-5.985	-3.520	-2.073	5.232	4.627	14.683	8.511	5.180	5.418	18	Faces
-6.015	-2.953	-11.032	-6.742	-2.793	-3.821	-1.170	2.272	5.159	0.273	8.585	6.886	-1.620	-3.442	-6.770	-4.043	-9.510	-2.954	-6.659	-4.204	-2.532	-1.801	12.521	-0.442	15.544	17.242	1.702	4.266	18	Cars
7.986	6.521	12.559	5.646	5.326	15.289	1.053	17.921	11.701	0.238	2.420	-2.782	-10.028	-9.727	-0.858	-0.615	-2.945	2.723	-5.835	-1.327	-3.200	-13.314	-10.487	-19.289	-9.264	-7.501	-14.405	-9.216	18	ScrambledFaces
-3.839	-5.527	-2.088	-5.282	-3.939	4.311	-4.319	13.290	10.941	-3.762	9.194	3.569	-6.614	-4.041	-5.745	-3.843	-1.788	-3.517	-3.812	-6.241	-3.819	-6.267	-5.000	-5.231	7.440	8.150	-3.610	3.818	18	ScrambledCars
-3.400	-9.826	-5.369	-5.462	-0.598	5.515	5.071	11.470	14.241	6.342	13.689	8.223	2.954	-2.545	-7.923	-13.802	-11.391	-5.867	-5.956	-11.888	-6.458	-7.117	-9.036	1.539	6.964	8.306	1.910	5.969	18	Faces
1.687	-5.335	-2.837	-4.700	-4.136	-4.128	-4.635	1.892	3.875	1.453	5.039	2.150	-0.998	-6.304	-1.062	-3.202	-1.359	-1.387	0.828	-1.442	-4.218	-1.873	-3.891	6.602	11.352	9.570	7.606	4.970	18	Cars
-3.677	-2.591	-1.340	-2.344	-1.159	-4.393	2.099	-1.872	0.057	2.492	3.850	4.459	-1.688	-3.186	-2.548	-2.897	1.911	-7.398	3.293	-4.264	-7.327	-2.824	-5.032	0.694	5.371	9.111	5.399	6.916	18	Cars
3.027	0.820	4.833	1.609	-4.830	-5.891	-9.723	-6.098	-6.864	-5.763	-1.657	-6.063	-6.463	-3.794	4.079	5.438	9.224	6.030	10.414	2.698	-2.487	1.618	0.227	0.044	6.642	1.734	-2.921	-4.707	18	ScrambledFaces
-4.884	-2.024	-5.426	-2.007	1.722	1.031	11.318	7.336	16.707	15.228	20.593	14.265	5.228	-2.651	-10.933	-14.766	-19.265	-14.640	-18.827	-15.370	-11.487	-7.657	-7.870	3.737	11.476	14.423	11.756	10.667	18	Cars
-1.846	4.032	2.355	2.238	-3.773	-2.177	-5.493	-1.350	0.926	-2.063	2.045	1.928	-8.494	-8.951	1.830	4.207	8.294	1.906	3.960	-3.909	-9.679	2.622	-5.176	0.630	5.940	9.340	1.163	1.571	18	ScrambledCars
-6.757	-5.531	-3.037	-4.648	-4.015	-6.138	-1.068	-0.889	5.110	5.091	15.523	10.508	-2.440	-6.075	-3.673	-5.644	-3.879	1.585	-2.493	-9.166	-10.266	-2.231	-6.850	0.685	11.774	12.147	8.713	11.058	18	ScrambledFaces
-0.713	5.431	0.128	4.083	7.414	-0.793	4.143	-1.820	-1.219	2.161	1.796	0.387	-1.624	0.587	3.418	5.583	6.071	0.845	3.001	4.107	1.605	-3.688	-12.071	-9.629	-3.827	-3.568	-1.445	-1.978	18	Cars
-0.871	-1.852	-2.475	-1.459	3.498	3.392	3.807	1.543	-1.457	0.792	4.858	2.946	-0.108	-0.076	-1.271	-0.962	-2.709	-1.490	-0.794	0.666	1.983	-0.631	-0.791	-0.892	-0.278	1.903	0.006	0.304	18	Cars
-6.985	-4.722	-4.296	-9.790	-16.508	-15.712	-5.653	2.529	10.167	3.951	13.071	8.200	-4.573	-7.395	-6.529	-11.101	-8.706	1.574	-3.809	-11.160	-7.605	-3.417	-5.905	-0.574	4.907	14.129	0.810	7.220	18	ScrambledFaces
-4.722	-7.164	-0.896	-7.091	-3.357	0.414	0.929	2.928	3.110	4.619	11.661	1.215	2.525	-0.960	-5.657	-10.553	-8.714	-0.003	-6.743	-6.042	-1.782	-2.674	3.339	-0.335	0.274	2.503	1.492	0.050	18	ScrambledCars
1.179	0.259	9.290	3.140	4.703	5.268	2.766	2.141	-0.447	3.015	1.758	-0.236	-0.021	2.865	4.006	2.023	5.976	8.141	5.262	4.012	6.215	-3.318	-6.818	-8.905	-12.331	-4.688	-6.680	-3.792	18	Faces
6.746	2.231	7.266	3.424	3.429	3.349	0.392	0.585	-0.984	-1.229	-8.765	-8.824	-5.880	-4.309	5.637	6.406	8.663	6.077	0.935	7.383	0.795	3.411	3.234	-4.751	-1.471	0.973	-5.884	-9.305	18	Cars
-8.748	-2.772	-2.473	-0.981	0.936	0.318	5.329	9.857	8.521	8.761	13.798	8.997	2.442	-1.964	-5.806	-2.170	-5.717	-8.992	-8.447	-2.923	-5.643	-11.169	-9.938	0.823	-8.231	3.787	2.384	4.887	18	Cars
-16.075	-11.640	-5.670	-11.999	-12.391	-3.192	4.362	2.612	-0.163	6.686	8.132	14.521	44.217	-6.734	-11.224	-13.135	-14.651	-5.012	-11.199	-14.792	-14.660	-7.739	7.720	2.337	7.145	18.501	13.616	20.434	18	Cars
-1.157	1.075	6.604	6.429	7.527	12.781	5.901	14.951	14.249	4.128	7.043	-6.149	4.420	-6.924	-3.274	-1.591	-2.538	-4.177	-4.057	-6.295	-8.108	-9.830	-16.677	-6.908	-12.134	-11.250	-15.127	-9.873	18	ScrambledFaces
1.821	7.878	-2.534	8.479	7.102	4.570	0.758	-3.272	-0.527	0.462	4.015	-4.127	5.854	-0.417	2.974	2.524	3.786	-1.710	6.566	0.734	-1.611	2.524	-4.269	0.465	1.281	4.248	3.179	-2.895	18	Faces
-5.136	-2.385	-1.393	-0.398	-5.863	-7.284	-3.440	-4.762	-1.689	-4.671	3.409	-1.642	-3.348	-3.881	-2.416	-2.465	-1.586	1.755	-2.132	-3.297	-7.024	2.413	2.764	4.506	5.825	11.798	3.457	0.639	18	ScrambledCars
-7.292	-7.717	-3.102	-9.303	-7.361	-1.271	-6.141	10.046	16.474	1.226	20.918	3.660	-12.012	-12.768	-8.844	-6.755	-8.903	-1.734	-9.472	-9.522	-12.362	-5.681	-2.206	-6.666	9.780	2.177	-1.219	-2.806	18	ScrambledFaces
-10.758	-2.755	-8.949	-3.521	-4.316	-5.774	-2.114	-2.560	1.881	0.780	10.099	6.176	-4.076	-7.893	-2.702	-1.163	4.535	-0.636	8.935	-1.108	-4.859	-0.477	10.141	1.311	7.089	3.161	2.483	3.289	18	Cars
6.943	1.230	-6.142	4.453	1.435	1.528	4.165	-0.791	4.870	3.379	3.179	0.981	5.823	5.865	6.001	9.556	6.850	-5.981	6.500	6.457	6.834	7.427	1.587	6.487	-1.517	-2.063	5.179	-3.680	18	Cars
5.067	-4.034	-1.207	-3.072	-2.673	0.244	-1.617	1.978	5.431	2.071	8.534	4.013	-6.105	-4.692	-0.432	-3.568	-1.846	-0.800	3.988	-3.253	-2.516	7.140	12.832	2.848	5.903	13.219	5.374	2.658	18	Cars
-5.101	-9.100	-0.794	-8.014	-5.532	-0.318	-0.296	8.629	13.377	4.653	16.388	14.470	-1.861	-3.846	-6.101	-4.123	-4.910	-5.945	-5.719	-2.028	-3.085	-6.190	-9.064	0.071	6.564	13.416	4.014	16.681	18	ScrambledFaces
3.345	10.225	-10.274	7.053	4.012	-4.625	0.521	-6.552	-0.323	2.357	0.019	-2.311	1.242	4.313	7.040	17.138	11.091	-9.012	7.360	16.528	11.697	3.522	-0.469	-0.221	-5.189	2.263	0.483	-4.876	18	Faces
-1.540	3.468	3.853	4.748	1.129	2.097	-14.642	-7.673	-5.376	-14.106	-4.802	-11.979	-10.360	-8.819	-2.868	0.069	-0.674	1.901	-0.442	-0.007	-3.397	-2.772	2.433	-4.642	6.157	-0.055	-9.293	-9.579	18	ScrambledFaces
-2.986	-2.936	-5.774	-1.291	-1.366	-0.905	-3.601	2.145	2.789	-3.614	0.720	0.408	-4.717	-6.115	-3.826	-5.163	-3.541	-3.845	-3.876	-4.749	-5.351	-5.301	-11.368	1.758	5.904	8.507	1.173	-3.702	18	ScrambledCars
2.606	-3.186	-10.445	-2.371	4.416	2.419	10.375	7.578	12.380	14.489	13.824	9.882	8.004	5.783	-0.917	-3.681	-6.153	-7.157	-2.829	0.681	4.564	-1.470	10.326	3.115	-3.536	2.628	4.800	3.592	18	Cars
-0.513	4.322	1.499	1.029	-0.345	2.442	1.167	4.623	14.265	4.152	9.479	7.642	-3.792	-6.311	-7.850	-4.257	-13.434	-12.048	-16.770	-3.832	-4.904	-12.814	-17.246	-2.968	6.710	8.052	-1.041	5.766	18	ScrambledFaces
-3.277	-7.313	-2.838	-2.689	-6.637	-6.279	0.551	-0.773	5.003	2.831	6.080	6.504	-0.408	-3.200	-3.162	-2.623	-3.281	-3.833	-4.889	-2.578	-3.496	-4.940	-4.001	0.742	5.509	5.657	5.341	4.467	18	ScrambledCars
4.552	-0.636	1.874	-0.055	-0.795	-0.475	-6.243	-4.350	-4.063	-6.696	-8.609	-3.849	-6.216	-5.450	2.771	1.014	1.999	6.554	-0.356	0.832	-1.998	-1.074	-11.360	0.172	6.523	8.360	-1.749	-2.021	18	ScrambledFaces
-8.657	-14.681	-7.145	-12.801	-5.673	0.737	1.143	11.590	16.450	5.367	15.510	11.292	-0.964	-9.189	-10.611	-12.724	-11.295	-6.900	-14.364	-15.199	-11.646	-6.698	0.276	-0.018	12.730	11.186	8.158	7.503	18	ScrambledFaces
-12.351	-6.962	-8.273	-5.592	-2.644	2.820	5.833	10.129	14.075	7.311	18.702	12.868	-3.490	-8.851	-13.277	-14.052	-15.115	-9.346	-12.054	-12.754	-10.479	-11.597	1.940	-4.039	6.114	15.191	-2.294	10.383	18	ScrambledFaces
-6.680	-1.015	-2.983	-4.062	-7.322	-10.853	-5.231	-7.434	-1.030	-6.221	1.425	1.960	-1.191	-0.133	-0.766	2.774	5.071	1.466	7.648	2.120	-0.139	3.458	5.540	0.405	8.811	9.420	1.001	5.685	18	Cars
-2.458	-8.732	-13.317	-8.078	-3.236	-7.769	-0.322	-6.021	-2.754	4.821	7.744	13.422	9.512	1.518	-1.385	-4.116	0.540	-6.834	3.850	-2.527	-2.269	6.325	7.685	11.242	18.039	17.392	13.494	15.058	18	Cars
-1.908	-1.142	-1.671	3.351	-0.985	-3.426	0.695	-0.941	1.281	5.110	10.572	8.308	-3.233	-0.465	0.040	5.633	4.975	-6.150	2.805	3.109	-1.472	-2.334	-2.161	-4.852	-0.612	-0.882	-5.477	3.071	18	Faces
3.767	8.716	2.895	9.132	2.434	4.457	-9.304	-7.567	-8.075	-10.641	-3.140	-7.503	-12.350	-6.144	5.452	10.843	10.066	5.782	7.250	10.575	3.259	0.864	0.914	-5.301	0.663	-0.740	-7.483	-5.617	18	Cars
-11.535	-16.154	-13.300	-15.162	-11.577	-10.834	2.933	4.754	13.340	7.525	17.770	13.854	-2.100	-6.277	-6.837	-14.496	-6.054	1.812	-2.277	-13.488	-12.304	-0.024	-0.120	9.552	11.873	17.759	6.695	14.276	18	ScrambledFaces
-4.597	-4.184	-8.848	-4.111	-2.590	-5.566	2.658	-4.080	-0.847	2.138	-4.133	4.860	-2.195	-3.915	-1.109	-0.937	2.881	-1.138	5.378	-2.506	-5.536	1.717	10.603	2.619	12.558	10.729	2.887	13.025	18	Faces
0.089	9.050	-6.633	5.023	5.655	-0.786	3.666	1.280	4.477	4.402	5.775	-4.642	-1.435	2.961	5.786	9.045	8.887	2.309	8.309	6.849	3.212	-4.021	-10.050	-9.204	-8.075	-4.104	-7.160	-6.836	18	ScrambledCars
-1.381	5.995	2.878	4.733	1.768	-2.665	0.616	-2.772	1.782	2.167	4.216	5.965	1.508	1.536	0.711	4.733	2.700	-5.552	3.566	3.523	1.611	-1.796	-4.515	0.063	-5.307	6.661	3.721	7.481	18	Faces
-2.587	-1.784	-3.650	-1.632	0.727	1.934	5.204	1.723	0.872	1.186	6.007	5.376	3.147	3.063	-1.353	-0.652	-0.115	-4.753	-3.703	2.564	5.564	-1.083	3.785	2.065	3.351	11.405	8.843	6.997	18	Faces
-3.603	-3.940	-5.037	-2.072	0.123	2.282	5.968	8.230	11.062	8.537	12.124	9.231	2.216	-1.398	-3.610	-6.150	-4.666	-7.143	-5.357	-6.368	-3.918	-5.084	-16.008	2.918	-0.861	6.558	5.774	5.715	18	ScrambledCars
-7.985	-4.950	-4.524	-3.804	3.139	6.547	-0.925	8.725	11.907	-4.483	5.349	-4.779	-12.255	-9.286	-6.982	-7.280	-5.354	1.966	-8.611	-6.759	-9.459	-6.802	-4.346	-9.183	0.807	-4.423	-14.966	-6.613	18	ScrambledFaces
-10.381	-3.006	4.896	-2.107	-4.618	1.687	-1.923	14.729	18.134	0.905	17.771	2.989	-13.293	-15.505	-10.254	-7.561	-7.133	-1.028	-14.634	-13.631	-16.459	-13.773	1.877	-11.013	3.404	5.016	-6.576	-1.256	18	ScrambledFaces
5.020	-0.564	-1.979	0.639	-0.627	-2.267	-0.319	0.473	1.642	0.977	3.432	1.402	2.383	1.002	2.603	0.388	0.623	2.598	2.611	-0.834	-1.115	2.488	-9.066	-1.107	4.997	2.547	-1.091	-2.942	18	Faces
-4.637	-4.589	3.587	-6.350	-5.392	0.831	-3.021	8.916	8.690	1.306	10.522	0.960	-10.685	-11.762	-7.345	-12.642	-3.659	0.222	-4.004	-13.434	-14.562	-0.142	5.184	-1.363	11.469	6.724	-4.357	-1.730	18	ScrambledCars
-4.655	-5.154	-9.296	-5.111	-3.453	-7.507	-0.620	5.579	12.003	4.932	17.959	6.043	-3.516	-4.780	-6.481	-8.633	-7.064	-5.277	-6.899	-6.800	-8.806	-4.091	4.306	0.218	10.021	9.353	0.869	3.912	18	ScrambledFaces
-11.485	-5.744	-9.259	-6.760	-6.628	-9.469	5.016	0.577	9.905	7.594	23.340	8.370	1.294	-1.836	-8.925	-6.618	-5.477	-12.401	-0.846	-7.295	-6.697	-0.903	21.806	5.195	7.657	11.163	5.693	8.185	18	Faces
4.219	1.216	-1.258	3.054	1.409	1.675	5.421	6.468	6.568	8.541	9.555	0.012	0.040	-2.845	-1.498	-3.468	-2.491	-8.024	4.860	-3.143	-5.742	0.132	0.838	2.668	-0.391	2.039	-2.732	-1.196	18	Faces
5.681	5.894	5.096	2.090	2.229	1.946	1.774	7.638	7.370	3.413	5.703	1.157	1.579	1.868	-0.472	-0.834	-6.147	-4.263	-0.715	-1.521	-0.698	6.254	-13.763	-1.369	-6.969	0.323	0.304	-1.695	18	ScrambledCars
2.199	0.941	3.689	-0.361	0.211	0.472	1.041	-1.134	-1.850	1.896	4.056	1.676	-1.144	1.324	-0.020	-5.114	0.186	-1.085	3.043	-3.469	0.465	8.736	6.513	6.539	0.815	1.685	3.787	1.862	18	Faces
4.232	10.597	-1.042	11.113	13.374	4.755	1.525	-0.330	-0.585	-1.163	5.985	-3.669	-2.314	2.975	6.363	9.213	11.464	-4.269	9.977	7.470	4.734	6.811	-24.055	-4.567	-8.260	-7.505	-8.458	-2.350	18	Faces
1.097	-7.196	-4.814	-4.562	2.679	-2.210	2.724	-0.564	0.457	3.862	6.112	3.408	3.813	1.137	1.416	-4.838	3.200	0.522	11.486	-2.524	-3.328	5.919	1.693	4.302	2.656	3.947	2.931	3.400	18	Faces
-2.976	8.395	-1.871	0.816	-6.067	-9.250	-5.008	1.096	4.200	-0.551	6.772	-2.917	-7.007	-6.464	-0.153	7.323	6.840	-4.859	0.824	2.302	-4.491	2.678	9.439	-0.293	5.220	2.339	-1.371	-1.433	18	ScrambledCars
-4.704	-3.508	-4.076	-2.448	3.535	-1.653	4.446	4.302	9.239	4.066	13.040	1.408	1.558	3.762	-3.485	1.242	-0.839	-11.497	1.610	0.089	-0.057	3.184	6.877	2.644	-4.928	2.010	3.723	0.993	18	Cars
-2.559	7.536	9.635	1.756	0.011	1.659	-4.088	2.595	1.977	-7.972	2.447	-4.198	-9.328	-8.866	-4.865	2.314	-2.648	-3.679	-2.406	-4.264	-7.952	-9.016	1.492	-7.731	2.332	2.075	-3.736	-0.685	18	ScrambledFaces
-1.246	-2.770	-3.519	-3.177	-4.237	-2.315	-4.346	9.526	3.688	-3.271	1.534	-2.407	-2.692	-6.638	-2.993	-2.032	-1.509	-2.511	-0.594	-4.963	-6.577	-1.291	-11.497	1.174	8.419	11.894	0.521	3.495	18	ScrambledCars
-4.105	4.702	-6.178	1.028	-0.162	-4.626	1.218	2.983	6.325	4.934	10.650	4.006	-4.508	-1.637	-0.515	3.631	3.522	-5.567	2.815	2.552	-1.669	-4.004	-1.187	-5.032	-5.200	3.583	-3.351	1.466	18	ScrambledFaces
1.226	6.047	2.879	4.480	2.618	-2.119	2.593	0.861	5.487	6.484	8.692	4.180	-1.272	-1.359	1.697	5.707	5.777	-8.768	6.653	2.698	-0.848	2.331	-5.826	1.109	-2.741	3.215	4.352	5.473	18	Faces
-9.065	-12.340	-5.068	-7.043	-5.838	-2.192	1.153	11.973	19.971	7.147	26.493	13.481	-7.652	-10.493	-11.159	-12.134	-12.580	-6.423	-7.153	-13.549	-12.930	-7.933	-11.836	-2.799	9.070	12.326	-0.581	7.064	18	ScrambledFaces
0.697	-3.340	-6.766	-3.675	-1.294	-2.422	1.790	1.395	6.331	-1.194	8.763	-0.605	-0.016	0.226	1.301	2.305	4.535	-1.618	1.580	-0.327	0.742	2.821	0.213	6.189	17.218	3.463	8.210	-7.013	18	Cars
5.301	-4.653	6.351	-1.337	0.786	4.822	1.528	6.202	3.922	1.123	1.267	2.992	-2.316	-1.511	-3.542	-4.493	-11.157	-0.104	-7.048	-0.585	-0.496	-2.914	-0.501	0.904	3.101	1.693	-1.208	4.461	18	Faces
-3.563	-2.503	-5.511	-2.333	-2.388	-3.415	1.437	2.044	5.167	0.290	6.511	2.388	-3.270	-5.593	-3.287	-5.762	-2.188	-2.648	-1.568	-5.238	-4.790	-2.081	5.724	2.129	6.536	8.151	6.822	7.547	18	ScrambledFaces
13.298	13.855	12.758	14.126	8.243	6.916	-5.702	-3.487	-12.706	-11.407	-21.380	-20.541	-14.973	-1.668	8.501	16.103	12.135	3.935	12.809	14.124	8.033	-2.688	8.899	-10.512	-11.006	-23.110	-16.672	-16.350	18	ScrambledCars
4.383	3.124	-3.647	4.319	2.165	-4.277	1.289	-0.972	-0.667	-2.748	2.523	-2.608	-4.293	-0.647	4.974	10.584	7.563	-2.958	11.923	9.542	3.321	2.923	-7.637	-0.143	-2.253	-1.553	-0.218	-1.919	18	Faces
2.074	3.784	0.253	5.066	2.752	-1.553	0.054	-1.824	2.316	-0.267	2.714	-2.565	-3.961	-4.473	0.402	3.633	-0.075	-2.901	2.148	0.144	-4.373	-1.021	6.668	1.939	-1.820	-0.056	-1.658	-0.467	18	ScrambledCars
-2.948	-1.367	1.797	-3.986	-1.034	1.660	4.591	12.380	19.922	7.646	10.762	1.655	-4.445	-5.405	-8.626	-8.652	-12.515	-5.892	-7.797	-11.891	-9.729	-4.819	1.507	-2.986	2.441	2.573	-6.161	1.775	18	ScrambledFaces
1.232	12.838	1.216	10.349	2.228	-2.291	-9.322	4.238	4.804	-8.253	0.785	-7.813	-18.082	-11.680	3.838	17.017	11.996	0.195	7.281	10.810	-5.017	-5.861	-9.377	-12.859	-0.582	-0.811	-12.432	-6.972	18	ScrambledFaces
-4.593	-5.889	-8.199	-5.737	-5.651	-8.366	0.860	1.835	4.656	3.077	11.305	4.766	-1.780	-4.255	-4.424	-6.016	-5.815	-1.875	-3.613	-3.143	-6.246	-1.178	4.752	1.962	8.655	10.807	5.236	5.823	18	ScrambledFaces
-1.198	-0.026	-8.555	-2.812	3.065	-2.597	3.854	-2.665	2.814	4.800	6.072	0.190	0.396	2.651	1.543	-2.493	6.415	-4.796	9.428	-0.979	0.150	8.135	6.349	7.758	2.293	4.477	3.088	-3.494	18	Faces
-2.456	-6.704	1.726	-6.794	-2.937	-2.729	0.680	4.151	4.803	1.405	-0.816	-0.442	-5.688	-3.967	-4.771	-8.940	-4.138	-2.284	1.263	-10.306	-7.890	2.126	6.148	-1.194	3.121	0.664	4.586	-2.284	18	ScrambledFaces
1.204	-1.540	-0.023	-2.153	5.338	3.248	10.381	10.668	11.321	9.344	11.350	5.030	3.850	-0.414	-5.475	-7.885	-7.375	-11.433	-6.468	-8.898	-4.901	-3.190	-6.642	-1.167	7.904	7.052	2.603	2.167	18	ScrambledCars
-5.485	1.520	-1.906	-3.274	-1.932	6.433	2.529	15.483	15.436	4.592	10.118	4.203	-5.421	-11.376	-8.663	-11.375	-11.536	-2.481	-17.697	-15.646	-16.131	-11.754	-9.249	-7.412	4.837	1.668	-3.306	1.677	18	ScrambledFaces
-3.983	-8.536	-2.145	-10.841	-5.083	-2.436	5.331	7.094	9.503	7.353	14.923	10.686	-0.094	-3.494	-7.602	-9.036	-9.644	-9.021	-3.484	-10.843	-10.035	-2.562	-4.403	3.728	12.942	8.443	13.023	5.170	18	Cars
-2.327	2.210	-5.077	3.931	-1.106	-1.877	-7.801	1.818	13.964	-5.212	0.544	-5.337	-11.895	-10.419	-1.081	-0.504	-2.508	7.787	-2.846	-2.805	-8.343	-4.747	-0.776	-8.462	-1.445	-4.375	-10.445	-8.366	18	ScrambledFaces
-7.373	-3.376	-6.590	-4.384	-7.774	-5.781	-1.892	0.529	4.938	8.478	11.483	9.042	-1.260	-4.640	-2.344	-2.437	0.727	-1.486	-4.398	-4.361	-5.233	-4.152	-6.945	3.791	10.271	11.470	5.500	6.816	18	Cars
-7.596	-1.849	2.109	-1.683	-2.013	0.587	3.401	7.056	10.362	6.665	15.062	8.473	-2.509	-7.134	-3.795	-4.895	-2.556	3.537	-3.127	-7.580	-8.101	-6.130	-2.561	-4.611	1.978	1.821	0.825	6.817	18	Cars
-4.233	4.538	4.043	1.625	-5.443	-3.228	-7.605	-1.567	-3.709	-7.189	2.143	-4.970	-10.005	-10.041	-1.642	0.726	0.833	5.796	-1.032	-2.619	-8.819	-3.389	-1.428	-4.353	4.191	6.189	-3.505	-2.330	18	ScrambledCars
-8.406	-12.971	-7.512	-9.919	-6.965	-2.637	4.906	14.155	17.488	6.404	13.899	3.724	-4.227	-6.185	-7.780	-7.235	-5.897	-4.128	-6.607	-10.614	-10.404	-6.977	-11.374	-1.216	11.875	9.627	-1.709	4.822	18	ScrambledFaces
0.905	-5.841	1.554	0.858	5.878	9.168	5.279	14.713	17.104	6.381	14.830	8.819	-7.290	-6.009	-3.926	-2.519	-1.838	-7.732	-9.281	-4.364	-5.658	-6.390	-6.585	-8.481	-1.039	-1.427	-5.548	3.668	18	ScrambledCars
3.042	-3.954	-0.433	-2.786	-0.796	2.272	2.766	3.954	3.713	5.723	6.748	5.927	3.095	0.234	-2.639	-4.899	-5.653	-5.450	-3.867	-3.198	-2.468	-0.107	-7.962	2.144	5.706	5.427	-0.371	5.900	18	Cars
-1.065	-4.625	-9.576	-1.497	-1.478	0.086	0.762	-2.968	-0.619	-1.400	1.432	0.565	1.693	-0.002	1.406	0.245	3.233	-1.372	4.473	1.952	1.891	5.957	-1.282	8.131	5.507	8.083	5.313	3.059	18	Cars
-0.231	-3.631	-13.943	1.818	2.598	-1.378	0.016	-2.434	0.598	-0.825	4.395	3.903	0.795	-1.376	2.686	-1.036	1.831	4.675	3.248	-1.222	-0.147	0.880	0.520	3.315	7.732	6.422	5.216	4.224	18	Faces
-2.630	-4.658	3.285	-1.380	4.041	6.425	6.167	10.076	11.378	1.956	7.768	3.481	-2.844	-6.399	-4.719	-4.492	-7.556	-1.460	-5.605	-6.260	-7.685	-8.478	-14.297	-7.501	-3.995	2.525	-1.926	-2.895	18	ScrambledCars
0.026	-0.193	3.001	2.654	1.130	2.466	-0.940	4.275	2.531	-0.732	3.807	3.115	-3.050	-0.913	-4.505	-4.407	-4.379	-5.760	-8.447	-2.821	-1.250	-5.474	3.126	-3.492	4.958	3.063	-0.302	3.201	18	Cars
0.491	3.905	5.620	1.765	1.076	0.171	-1.567	4.813	1.770	-3.651	1.011	-6.527	-4.382	-3.769	-0.603	2.850	1.424	0.596	-0.378	2.197	0.679	-5.865	-3.763	-13.651	-5.574	-5.251	-9.303	-9.087	18	ScrambledFaces
0.936	2.704	-2.983	-0.409	-0.677	2.505	-1.237	6.243	11.672	3.746	8.780	0.779	-3.696	-2.216	-3.449	-5.103	-5.791	-2.738	-1.877	-3.891	-2.320	-5.943	4.027	-4.966	3.350	3.123	-1.856	-3.400	18	ScrambledFaces
-7.362	-4.996	-3.983	-4.171	-4.179	-4.359	-0.793	-1.431	4.899	2.742	23.106	9.791	-5.165	-5.583	-5.502	-9.794	-6.893	5.405	-1.705	-9.253	-8.170	-0.588	8.251	-0.770	11.652	13.005	0.002	7.327	18	ScrambledFaces
2.400	-1.589	-4.075	-1.688	0.940	-1.779	0.610	3.528	4.246	1.087	3.853	-3.415	-4.189	-5.389	-1.714	-1.437	-2.697	-0.437	3.785	-4.098	-6.270	1.020	9.038	-1.760	6.406	3.211	-8.488	-0.257	18	ScrambledCars
-4.237	-7.174	-4.002	-2.489	-2.553	1.454	2.402	9.110	9.777	5.063	7.252	9.525	-2.081	-5.451	-12.079	-11.130	-16.220	-14.564	-16.721	-11.730	-10.663	-6.312	-5.589	6.056	11.564	17.012	-4.455	12.802	18	ScrambledFaces
-9.004	-3.388	-15.838	-4.925	-5.144	-11.615	-1.165	-7.578	-5.185	1.143	2.454	3.140	3.179	1.440	1.788	6.185	7.136	-1.090	6.959	3.861	0.060	10.378	-0.296	9.271	7.536	15.264	6.284	13.029	18	Cars
-5.053	-0.378	5.930	-1.243	-0.211	-0.268	1.484	5.884	5.419	-2.292	8.385	4.279	-2.572	-1.211	-5.601	-3.446	-1.702	-7.255	-0.091	-3.499	-0.322	-3.286	5.183	-1.413	-3.529	0.036	-0.346	4.117	18	Cars
3.481	3.136	-0.084	3.662	5.278	2.456	4.642	3.864	5.450	2.520	5.813	-0.993	-0.974	-1.627	-0.881	-1.767	-3.043	-4.556	-1.705	-1.447	-2.718	-2.688	-3.553	0.355	1.411	2.658	-0.444	-0.489	18	ScrambledFaces
-1.122	-4.191	-2.402	-2.889	-0.670	-0.692	1.854	-3.210	0.805	-0.187	6.510	3.887	3.055	2.833	-0.718	-3.647	-2.366	1.273	-0.318	0.900	1.801	2.042	5.571	2.250	2.528	8.614	6.389	4.166	18	Faces
-0.609	-0.627	-4.937	0.552	-1.309	-3.127	-0.990	-3.827	3.035	5.322	5.266	2.650	0.225	3.140	0.534	4.683	2.175	-8.010	-0.310	5.289	4.617	4.983	-7.419	4.343	5.987	7.104	5.674	5.629	18	Faces
-8.354	-4.369	-0.068	-4.557	-2.611	0.637	3.882	6.004	6.407	5.076	13.090	5.869	2.015	-1.468	-8.250	-6.024	-7.425	-8.909	-9.786	-6.376	-4.771	-8.944	1.241	-2.686	0.487	10.408	0.628	5.077	18	Cars
-4.173	-0.837	-4.101	1.010	1.679	0.654	8.235	7.114	10.457	10.333	17.089	7.222	3.357	2.435	-2.806	-2.552	-5.056	-4.980	-7.187	-2.071	0.164	-7.634	-11.316	-2.966	-6.249	-2.657	-0.707	3.113	18	Cars
-0.588	-0.592	-3.561	-0.569	3.079	-1.907	4.625	3.893	10.414	4.445	8.620	-2.370	-0.794	2.709	0.146	2.086	4.452	-5.831	4.781	3.146	2.544	2.706	6.410	2.878	0.968	-0.462	-2.170	-4.813	18	Cars
-2.180	-7.416	-5.706	-4.243	0.658	5.417	0.600	2.739	4.084	0.752	2.084	0.047	-2.343	-4.518	-1.491	-2.068	1.258	-1.663	2.289	-2.243	-3.224	2.881	12.791	-1.192	-2.038	2.996	-0.602	-2.011	18	ScrambledCars
2.900	-0.387	2.615	-3.058	-1.863	-9.242	1.404	-10.347	-4.212	5.313	4.826	2.507	3.896	3.330	1.958	0.900	4.762	-4.223	7.809	1.342	-0.409	6.199	12.733	8.861	10.262	7.488	7.641	0.948	18	Cars
2.237	-1.774	-10.785	4.934	7.084	-1.506	9.035	-2.712	0.710	9.002	4.909	1.084	4.462	8.803	7.383	5.559	9.927	0.316	16.428	8.949	7.957	3.629	3.353	3.125	-8.573	-3.071	0.699	1.077	18	Cars
7.807	5.179	-1.890	7.326	7.515	8.181	5.264	10.656	8.599	0.623	0.685	-3.294	-10.638	-3.686	1.379	6.754	0.190	-3.255	3.432	3.608	-0.268	2.512	-2.371	-10.451	-5.637	0.118	-17.813	-3.644	18	Faces
-9.698	-8.204	-5.665	-3.988	-2.674	-0.051	0.675	6.796	6.651	0.021	3.423	1.139	-4.182	-9.360	-12.321	-13.967	-14.917	-5.926	-17.925	-16.287	-14.243	-16.870	-3.892	0.227	26.885	20.112	11.917	7.751	18	ScrambledFaces
-2.549	4.359	-4.105	4.182	6.182	0.782	4.232	2.113	5.679	7.526	3.756	7.009	-1.327	-0.418	1.187	2.194	5.239	-3.923	3.697	-1.035	-1.343	1.127	-2.520	-2.538	0.131	2.691	1.105	5.004	18	Faces
-1.121	1.229	4.165	0.322	-7.523	-0.760	-4.559	0.218	-0.184	-0.331	1.936	-0.777	-6.475	-5.653	-0.021	-0.338	3.489	2.721	5.113	-1.655	-3.648	-2.325	-1.194	-3.030	1.523	2.464	-0.791	-3.333	18	Cars
5.496	3.392	-8.855	0.552	-2.168	-4.644	-2.917	-4.070	-1.950	0.360	-0.159	1.549	4.718	5.886	3.842	9.811	2.248	-5.718	4.089	10.600	8.557	5.711	-4.057	4.179	2.216	-0.550	-1.061	-0.232	18	ScrambledCars
1.290	1.310	-4.058	2.034	0.958	-1.992	-2.849	-5.115	-2.736	-3.044	4.207	2.225	2.885	1.720	0.842	6.952	-1.610	-3.578	1.136	8.841	7.476	2.656	0.147	4.223	0.474	5.791	0.994	3.495	18	Cars
8.561	3.527	-5.543	3.383	3.836	-1.928	-1.000	-1.634	-2.747	-2.006	-0.485	-2.667	1.184	4.937	5.733	7.007	8.354	-3.770	10.410	11.718	9.945	7.032	2.174	-2.733	-4.784	-7.313	-8.189	-3.435	18	Faces
0.608	6.611	-7.354	4.132	1.811	-0.377	-4.744	-0.118	1.599	-7.748	-1.369	-2.192	-8.690	-1.692	5.777	7.720	11.028	9.505	5.544	7.022	4.543	-3.645	-4.380	-10.251	1.920	0.241	-10.066	-5.825	18	Cars
6.110	7.153	3.795	4.716	4.573	7.414	0.061	5.412	0.964	-3.028	-0.502	-6.429	-4.987	-0.346	5.782	8.307	6.197	6.649	3.886	8.438	5.966	0.306	-19.045	-8.397	-4.470	-8.282	-10.486	-13.955	18	Faces
-0.624	0.558	6.586	2.204	-0.356	0.786	-13.239	-2.493	-4.482	-9.481	-7.976	-6.899	-9.808	-6.740	2.146	3.948	8.497	9.006	2.516	-0.000	-4.327	-3.148	-1.426	-4.979	4.512	2.287	-7.070	-3.005	18	ScrambledCars
-3.890	-0.267	0.290	-0.751	-7.576	-1.641	-10.665	-3.051	-2.980	-3.391	4.272	1.154	-6.861	-8.323	-2.198	-2.795	3.203	1.538	-1.163	-1.584	-4.646	-3.230	1.639	-3.525	7.752	1.177	-3.735	-2.601	18	ScrambledCars
-3.472	-6.470	-8.548	-3.079	3.458	7.323	15.177	8.382	14.491	11.039	4.012	3.475	8.366	3.209	-3.436	-3.950	-3.723	-8.862	-6.244	-1.662	0.230	-3.959	-6.441	2.057	2.725	2.974	-0.914	3.104	18	Faces
-5.970	1.132	1.943	-0.074	-4.438	-2.255	-0.302	4.356	8.525	0.550	6.923	-0.843	-2.589	-7.214	-2.077	0.511	2.000	-0.643	0.610	-2.032	-4.668	-6.489	-15.921	-10.812	-6.176	-4.540	-6.351	-1.806	18	ScrambledFaces
5.099	10.640	-0.137	13.148	7.346	5.104	-1.703	2.672	2.027	-3.123	-0.701	-8.555	-9.571	-2.926	5.585	15.630	10.855	-0.515	6.663	10.889	2.642	-5.181	0.629	-13.869	-4.475	-5.178	-12.587	-9.331	18	Cars
