FP1	F3	F7	FC3	C3	C5	P3	P7	PO7	PO3	O1	Oz	Pz	CPz	FP2	Fz	F4	F8	FC4	FCz	Cz	C4	C6	P4	P8	PO8	PO4	O2	ID	Condition
-4.192	6.914	6.109	3.846	4.045	6.478	-3.387	0.222	3.789	-2.362	5.220	-8.182	-1.803	1.516	-8.642	1.801	0.701	0.346	1.078	1.920	7.356	-4.914	-1.070	-10.343	-8.345	5.030	-10.968	-8.145	19	ScrambledFaces
-4.833	4.576	-5.152	9.210	9.982	-0.698	2.423	-3.587	3.198	9.035	2.701	0.851	4.642	8.600	-5.712	7.303	1.890	-8.863	-1.826	10.666	8.554	4.657	-2.652	0.342	-4.445	-5.969	6.540	7.221	19	Faces
-6.096	-1.390	-7.052	6.192	1.355	-4.925	-0.199	-5.211	8.876	0.999	3.838	-0.471	7.692	4.194	-4.939	2.730	-0.405	0.385	2.524	7.865	8.688	0.534	2.136	8.960	-6.186	-9.144	5.933	1.037	19	Cars
8.269	6.915	10.112	-1.623	0.178	-2.087	-9.336	2.917	1.601	-3.529	-0.787	-6.624	-8.685	-9.740	9.322	10.600	0.532	-2.017	-2.647	6.388	-6.784	-3.290	-9.812	-9.574	-8.218	-0.793	-9.999	-4.548	19	ScrambledCars
-11.133	-6.162	3.821	-3.077	-4.550	-4.911	-3.258	-3.542	10.949	1.043	16.871	7.744	-6.542	-5.312	4.720	-6.356	-3.476	-5.859	-8.595	-3.572	-3.120	-1.977	-8.508	-4.072	3.142	3.150	-1.360	4.683	19	ScrambledFaces
-5.225	-5.519	2.247	-3.836	-3.095	3.590	-0.007	7.187	8.861	7.521	14.497	10.211	-7.092	-9.901	1.158	-8.915	-9.076	-3.073	-3.022	-13.161	-5.865	-6.215	-0.320	-1.903	0.322	15.729	1.399	9.844	19	ScrambledFaces
-0.030	-5.230	6.944	-3.582	-2.788	-3.026	-7.143	-2.390	-8.889	10.580	-1.177	2.499	-5.175	-11.581	0.203	-2.042	3.924	0.903	3.423	-1.625	-9.358	3.056	-2.364	-3.785	2.678	0.586	5.708	2.253	19	ScrambledCars
5.566	5.143	-8.826	3.879	5.415	2.809	3.588	-7.778	0.452	6.102	-2.799	-2.130	1.610	7.247	-10.917	4.553	2.983	-1.360	6.480	12.585	10.333	9.450	4.764	4.551	4.436	-2.401	3.398	4.394	19	Faces
-3.252	6.726	-2.840	6.749	1.126	-5.932	5.532	13.625	13.605	7.595	13.333	10.170	7.109	-1.120	-1.736	-1.823	-10.310	-10.015	-8.806	-1.347	-0.193	-11.120	-15.245	-2.730	-7.538	-3.367	3.672	5.318	19	ScrambledCars
-11.893	-9.679	-8.819	-5.674	0.361	-12.522	-1.039	2.518	1.192	1.610	11.411	6.833	4.167	2.156	-3.923	-0.866	-2.061	-2.479	5.358	3.670	6.174	3.071	-0.418	9.027	2.424	4.540	7.012	12.407	19	ScrambledCars
3.658	-1.492	7.145	-3.035	-5.944	-5.568	-11.673	-16.036	-14.517	-3.626	-11.693	-4.241	-7.503	-2.168	9.161	-4.118	0.138	7.429	0.484	-0.784	-8.439	1.769	5.500	-2.745	6.186	11.458	-8.879	0.461	19	Faces
12.548	12.072	17.072	6.459	1.188	2.649	-9.800	-5.200	-8.105	-19.627	-3.151	-8.554	-13.780	-5.003	11.636	9.219	9.659	9.937	6.226	7.941	-0.445	-5.155	-2.379	-9.771	-20.515	-11.547	-13.933	-11.079	19	Faces
-5.379	-9.214	-10.119	-9.956	-5.850	-10.983	-1.665	4.701	16.350	3.175	6.639	16.732	-1.639	-2.128	-7.791	-7.271	-5.036	-4.622	0.049	-3.937	-2.105	-0.170	-0.737	1.769	7.067	7.618	5.236	13.384	19	ScrambledFaces
0.831	-0.110	0.149	1.913	-1.232	-6.855	-3.580	1.090	-1.802	-2.940	11.351	-3.805	6.990	1.224	1.578	-3.691	-6.698	-3.345	-6.119	-2.687	-0.653	-8.352	-11.312	-0.127	-4.582	13.178	0.693	5.123	19	ScrambledFaces
-11.896	-1.309	-2.251	2.395	2.419	-0.520	-1.769	0.255	13.823	0.411	3.406	0.280	1.050	-4.913	-6.873	-0.027	-5.867	-4.126	0.616	-2.109	0.674	3.461	-3.268	2.509	5.170	3.593	2.695	5.939	19	Cars
-2.773	-1.678	-5.694	-0.438	-0.158	-0.829	-0.847	-0.160	-3.503	2.431	4.428	12.899	-2.462	1.783	-3.964	0.046	-0.130	-0.111	3.429	-0.027	1.563	2.398	3.703	-1.738	-2.753	-0.597	2.269	-0.060	19	ScrambledFaces
-9.805	-6.734	-10.973	-7.305	0.403	-6.051	-0.409	1.267	2.168	-3.982	4.364	0.028	1.794	7.763	-7.073	-3.726	6.958	3.555	4.160	-2.983	3.780	7.971	10.129	5.445	9.519	4.292	5.084	1.891	19	Cars
-12.444	-12.415	-20.429	-5.215	2.183	0.209	12.860	10.653	22.383	10.765	14.167	8.602	5.830	7.556	-14.535	-3.229	-6.690	-8.061	-3.717	5.029	-0.447	7.302	0.644	8.846	2.836	10.812	10.868	14.895	19	ScrambledCars
8.349	1.293	10.884	-1.972	-6.508	-1.233	-5.411	3.257	7.871	-3.809	5.446	-1.403	-10.919	-15.451	1.503	-3.965	-5.158	3.042	-4.524	-4.358	-8.891	-9.418	-3.144	-7.841	1.458	-4.468	-6.288	0.853	19	ScrambledCars
-5.024	3.577	0.983	5.912	-3.251	0.607	-3.799	-1.273	0.626	-1.393	3.522	2.440	-3.067	-6.756	-0.629	-4.608	-0.656	-0.111	-0.899	-6.444	-0.742	-2.485	-5.154	2.551	1.527	12.522	-1.264	6.248	19	ScrambledCars
-12.372	-16.521	-12.176	-17.159	-11.026	-6.883	-9.833	2.425	7.289	7.688	15.035	20.113	2.714	-10.534	-7.263	-18.689	-10.126	-5.758	-9.669	-15.092	-11.100	-0.881	4.047	7.078	11.649	39.976	14.559	20.266	19	ScrambledFaces
-4.383	-5.643	-0.428	-2.287	8.203	3.504	2.403	5.252	0.811	2.647	3.114	10.548	2.838	4.653	-12.832	-2.776	-4.848	-4.312	-6.543	-1.357	8.020	-0.463	-6.263	-1.684	-0.411	4.324	3.668	7.703	19	Faces
4.894	5.003	7.966	5.086	0.452	0.960	-1.763	-7.143	-0.227	0.259	-7.344	-6.713	-4.982	-0.753	-0.654	-2.204	-2.286	0.320	1.423	3.852	0.639	3.195	-3.454	-7.640	-5.441	-8.063	-2.349	0.978	19	Cars
12.752	4.404	-3.752	-0.511	-9.511	-6.697	-13.081	-7.218	-4.809	-18.608	-4.619	-4.771	-14.118	-11.679	9.968	9.351	9.897	9.342	9.109	10.105	-4.025	-0.788	3.008	-4.918	0.656	13.223	-4.149	-0.021	19	ScrambledCars
2.110	11.623	5.146	7.363	-2.324	-2.754	-2.986	-1.914	2.462	-8.903	1.797	4.936	-8.567	-4.843	3.628	6.796	3.589	2.243	-2.221	2.071	1.153	-5.370	-6.397	-8.378	-7.675	4.159	-5.363	0.868	19	ScrambledFaces
1.253	7.023	-0.188	5.400	3.236	2.478	0.204	-2.969	-2.021	-1.132	3.263	-2.563	0.168	2.846	0.151	6.210	1.758	-0.699	8.883	5.107	3.817	11.254	4.316	3.344	-9.571	-8.553	-1.282	-2.413	19	Cars
-6.786	-5.944	-5.036	-2.853	-1.248	-0.310	4.466	19.140	10.717	9.973	15.181	12.304	-4.507	-4.403	-7.003	-6.457	-10.847	-11.348	-14.050	-4.619	-7.358	-12.409	-7.294	-3.110	5.279	16.897	3.977	14.587	19	ScrambledCars
-4.986	3.510	-6.372	5.812	0.321	-8.449	3.842	-2.191	0.673	8.039	14.634	8.773	13.306	14.023	-7.892	4.899	-0.032	-6.595	7.083	10.195	17.789	14.983	-3.603	6.764	-7.158	-11.963	2.771	-1.711	19	Cars
10.745	13.817	9.317	9.466	5.811	-1.537	-8.297	-4.582	-9.719	-11.034	-7.551	-6.154	-12.017	-11.358	4.674	6.497	6.489	9.417	6.733	6.205	-0.481	-0.070	3.859	-10.061	1.945	-9.723	-15.982	-15.712	19	Cars
-9.070	4.688	-9.559	-0.021	-3.015	-3.940	-0.677	2.156	2.973	-0.813	7.407	6.066	-1.283	1.445	-9.328	4.088	5.043	-6.741	1.600	3.127	2.942	8.718	-0.721	7.136	3.184	13.175	13.234	12.033	19	Faces
6.661	10.278	8.528	6.633	5.995	-0.375	2.079	-6.374	-3.845	3.688	3.700	0.705	1.232	-1.146	2.897	4.555	-1.078	-5.432	-0.200	0.712	-1.145	-4.619	-6.891	-5.966	-6.728	-10.224	-0.324	3.484	19	Cars
6.576	5.983	2.837	4.631	-4.867	-4.307	-7.801	-8.824	-8.996	-6.212	-3.545	-12.369	-0.611	0.579	12.094	11.990	12.984	9.650	10.260	10.714	7.655	7.418	4.610	-1.605	-13.364	-10.015	-0.858	-8.652	19	Faces
6.432	7.964	5.579	5.397	4.130	0.305	-0.238	-0.469	-6.239	3.537	4.349	1.011	-5.851	-3.453	4.226	3.371	1.014	0.738	-0.199	0.942	-3.379	-6.207	-9.189	-4.335	0.421	-6.341	-6.248	-5.415	19	Faces
-7.405	8.082	-3.080	6.402	3.562	4.177	5.762	6.638	13.942	7.209	8.665	3.434	0.085	-0.090	-0.183	-3.680	-2.383	-6.240	-6.561	-4.077	-0.921	-2.659	-6.798	0.829	2.607	0.418	-1.357	5.939	19	ScrambledCars
6.577	0.782	6.150	-4.040	-1.450	-0.847	-3.693	-8.486	-6.429	0.506	-6.814	-4.814	-0.873	0.080	9.713	1.901	10.273	3.391	7.655	-4.414	-1.055	4.063	2.294	-0.091	-4.591	-3.718	3.807	0.668	19	Faces
-2.625	2.411	-0.301	0.974	0.476	-1.289	-4.563	-9.660	1.298	-5.461	-7.363	-2.422	-1.648	1.195	-2.176	3.759	3.987	0.502	7.246	6.032	6.295	2.410	0.145	-1.334	-9.225	-0.038	-3.219	-0.102	19	ScrambledFaces
13.089	1.177	3.663	-0.407	-0.547	-1.225	0.389	3.869	-8.684	-1.814	1.992	-3.437	-5.751	-2.457	-0.778	1.056	-4.546	-0.215	-2.285	-0.348	-1.338	-2.556	-1.986	-4.522	-5.997	-5.772	-4.510	-0.017	19	ScrambledCars
-6.336	-8.099	-4.679	-2.850	-2.343	-6.793	-2.556	-12.099	-13.227	0.024	-2.867	-4.326	6.600	8.193	0.529	0.108	6.491	4.888	8.329	8.160	10.143	15.836	9.864	9.062	6.919	0.672	-2.060	-5.740	19	Cars
-1.955	-3.678	-5.741	-1.098	-4.638	-6.828	-8.472	-6.788	8.421	3.513	2.872	3.834	-1.403	-5.511	-5.775	-3.389	5.760	3.151	5.258	0.451	-0.101	14.568	-1.951	-0.615	5.805	5.381	0.318	3.886	19	ScrambledCars
-1.370	-2.351	-0.616	0.986	-1.654	-4.538	-10.656	-13.887	-6.791	-13.170	-9.016	-8.187	-3.513	-1.922	-4.934	-0.444	8.500	10.447	6.465	2.332	3.375	7.651	8.380	4.271	10.660	8.885	1.574	-6.963	19	Faces
8.453	6.706	6.569	0.750	-1.846	4.229	-3.815	-6.252	-6.429	1.182	-1.660	-0.282	-9.129	-9.206	5.515	5.970	1.384	1.123	-1.316	3.082	-7.504	-7.182	-0.266	-5.810	-8.837	2.820	-0.321	1.596	19	Faces
-3.039	-4.811	-2.140	-7.969	-10.274	-8.073	-5.357	-13.613	-7.967	-7.481	-0.328	4.905	-4.325	-2.752	5.157	-2.737	0.008	7.008	4.197	-1.725	-2.326	-7.591	-0.448	0.130	-2.188	15.363	2.480	16.935	19	Faces
-9.786	-12.887	-7.502	-16.223	-16.125	-12.323	-6.995	13.619	13.990	-0.886	11.005	7.241	-6.599	-8.572	-9.433	-9.330	-2.126	5.446	0.968	-7.174	-8.789	-0.373	2.282	4.698	9.142	8.687	2.751	13.842	19	ScrambledCars
-7.146	-10.876	-11.574	-7.761	-3.960	-7.615	3.566	2.274	9.605	9.750	11.953	14.231	9.134	8.609	-11.522	-3.767	1.253	-7.625	-1.050	3.133	1.102	-4.890	-1.905	8.185	6.779	16.032	13.354	12.868	19	ScrambledFaces
14.927	8.436	-1.540	5.719	2.134	-6.559	1.811	-5.601	-0.359	3.971	0.658	-0.412	3.621	6.441	1.536	5.998	4.527	-6.204	2.068	2.616	0.596	-3.098	-0.940	4.503	-5.641	1.432	10.422	1.024	19	Cars
-0.866	10.211	-3.833	6.753	6.341	-0.001	5.168	-10.283	3.646	-0.366	0.545	-2.030	2.406	4.432	-1.207	9.072	2.957	-4.754	8.517	15.277	13.182	13.756	5.979	-0.250	-7.563	-2.767	-1.505	2.235	19	Faces
-10.880	-5.903	-8.795	-7.284	-0.235	-9.812	0.048	-8.976	3.645	5.676	4.777	5.660	8.225	8.291	-8.037	-0.564	-1.348	-0.344	5.907	2.635	6.189	11.493	4.337	9.452	2.894	4.738	10.009	6.414	19	ScrambledCars
1.639	-4.069	-4.512	-4.265	-2.858	-3.417	1.441	6.164	4.800	0.588	0.767	-0.139	-0.112	0.413	-3.146	-3.207	-2.499	-1.959	-1.393	0.602	-0.316	2.181	-3.393	-1.388	5.544	-5.037	-1.270	2.404	19	ScrambledCars
4.331	3.460	-5.081	6.296	-2.863	-6.473	-2.269	-1.907	-1.213	6.930	5.930	-1.143	-0.415	1.460	-4.010	8.158	11.522	0.381	10.109	11.692	4.096	10.658	-0.616	-0.958	-0.994	-11.271	-1.596	-8.328	19	Cars
2.108	1.529	4.063	0.078	1.379	-2.291	1.136	-5.670	10.717	6.091	4.572	5.422	-6.543	-15.657	5.966	-6.764	-4.242	1.888	2.310	-8.994	-10.816	-7.515	-0.677	-5.808	-0.720	4.033	1.753	2.452	19	ScrambledFaces
7.478	28.848	13.603	18.749	3.679	4.446	-8.440	-8.366	-6.843	-14.920	-22.484	-14.650	-9.583	-1.495	13.179	24.080	9.595	4.580	8.239	11.174	8.782	1.824	-1.722	-6.269	-2.577	-14.770	-15.845	-14.594	19	Faces
9.175	10.768	5.099	13.575	2.331	1.575	-2.129	-10.988	-13.861	-3.814	0.025	-0.325	-0.667	6.729	-4.176	10.107	2.953	-1.322	4.509	8.060	10.344	-4.050	-10.525	-5.953	-14.205	-9.676	-3.443	0.606	19	Faces
5.268	3.262	4.545	15.107	14.448	8.633	8.637	6.277	10.833	10.573	9.708	-0.924	5.214	2.960	-4.352	1.168	-2.173	-8.912	-4.802	1.933	7.436	1.008	-12.929	-6.681	-17.608	-16.322	0.949	-6.406	19	Cars
9.926	10.945	8.494	9.214	-1.540	-5.203	-9.405	-11.594	-13.516	-11.650	-13.511	-13.257	-9.769	-3.197	15.710	7.817	4.757	12.533	9.443	4.109	-0.451	1.111	3.000	-7.921	-8.957	-5.737	-11.606	-8.875	19	Faces
-7.102	1.615	1.281	-2.826	-1.017	-2.388	-1.875	-4.466	-5.095	-7.338	-0.311	-4.124	-6.521	-15.586	1.567	4.256	-3.226	6.345	6.045	-2.537	-3.581	4.677	1.992	-1.388	1.128	4.604	-4.055	-1.163	19	ScrambledCars
-4.792	-4.953	0.903	-11.036	-10.199	-3.348	-11.474	10.226	11.457	0.405	7.872	5.062	-8.825	-6.785	-9.772	-3.329	-5.086	0.738	-0.063	-6.978	-8.520	-6.332	0.690	-0.642	4.634	5.972	2.396	10.922	19	ScrambledFaces
-1.904	-5.027	-7.618	-5.707	-4.871	-0.760	-0.921	5.716	19.649	-6.078	10.178	1.394	-6.591	3.173	-2.507	-1.402	3.203	2.444	6.131	5.195	-0.292	10.647	0.922	-0.609	-5.518	2.183	-0.738	-2.463	19	ScrambledFaces
2.900	2.008	-3.237	0.204	6.207	-3.415	-4.533	-9.491	-4.840	-0.951	1.106	6.468	-2.971	-0.657	-0.660	-1.045	-0.691	-6.768	3.953	-2.155	2.536	0.036	-7.660	1.847	8.570	15.631	7.897	10.925	19	ScrambledCars
0.399	12.218	14.495	16.984	11.413	6.178	4.125	-7.006	-5.693	-6.601	-3.576	-7.937	-1.335	4.330	-0.119	2.982	-3.177	-3.315	-5.108	9.221	5.847	-0.881	-6.268	-5.257	-18.782	1.183	-1.181	-4.237	19	Cars
-0.906	11.947	-0.045	7.334	0.546	-3.734	-5.622	-14.106	1.734	-6.069	-4.072	0.526	-0.860	4.396	4.272	7.773	2.466	0.085	6.678	9.112	10.485	12.779	4.942	-2.673	-5.840	-1.220	-9.485	-5.092	19	Cars
-3.028	-7.458	7.199	-9.210	-7.267	3.055	1.973	16.491	13.200	4.944	10.829	7.941	-7.474	-13.001	0.038	-13.010	-6.261	1.562	-11.615	-9.093	-16.981	-11.625	-6.930	-5.200	0.071	3.788	-6.621	4.008	19	ScrambledCars
6.322	10.202	-6.639	5.372	5.028	-2.018	-6.464	-1.860	-3.888	-8.250	-6.162	-5.012	-0.905	5.624	3.555	15.148	7.418	-5.804	10.945	12.791	13.778	6.865	-7.708	-5.224	-3.437	4.214	-2.519	-2.317	19	ScrambledCars
-0.958	-1.592	-0.663	-2.520	4.578	-3.720	0.310	3.661	13.625	7.554	6.741	2.462	2.655	-0.393	-7.350	-7.833	-9.791	-8.556	1.571	-6.232	1.045	1.864	-2.982	1.749	12.911	3.420	8.043	4.981	19	ScrambledCars
-8.600	-3.671	2.829	-5.845	1.125	-2.119	-1.155	1.101	7.342	4.981	-0.493	1.113	-0.199	-1.163	-11.002	-10.481	-9.518	-2.241	-5.568	-8.438	-4.837	5.479	1.348	2.496	8.635	7.611	5.745	6.642	19	ScrambledFaces
11.989	10.737	5.637	5.132	4.145	9.384	4.568	8.054	7.491	6.655	7.831	6.932	-5.534	-12.375	-0.596	2.155	-9.822	-9.310	-11.855	-5.550	-12.092	-12.322	-8.244	-6.388	-8.674	3.243	-2.690	10.020	19	Faces
-1.919	-8.205	-1.641	1.840	-2.445	-0.258	1.210	1.001	13.405	-1.187	14.009	14.373	-1.025	-0.704	-0.421	-3.663	-2.968	-9.911	-8.970	-1.488	-3.712	-3.850	-8.527	4.210	-8.075	3.296	13.670	15.545	19	ScrambledCars
3.491	-3.919	-0.893	-3.206	-5.145	-6.381	-11.623	-12.048	-6.541	-5.662	-0.526	6.187	-2.558	-3.676	0.266	4.990	5.499	4.128	12.487	4.555	1.162	9.163	6.195	4.745	4.406	8.880	2.092	3.981	19	ScrambledCars
-0.678	-4.319	-3.784	-6.537	-0.276	-4.606	3.821	0.696	0.829	4.488	3.593	5.296	7.086	9.684	0.438	0.616	-4.787	-4.704	1.904	4.539	18.713	5.881	-1.936	0.171	-2.717	-1.743	-1.146	-3.218	19	Cars
-6.078	-11.068	-3.999	-13.329	-19.767	-6.355	-15.259	-2.029	2.049	-11.053	-2.073	-6.792	-18.590	-19.740	0.796	-7.299	1.405	15.798	2.754	-6.159	-9.180	0.055	9.318	-5.472	18.282	22.155	-8.614	3.449	19	ScrambledFaces
7.164	6.485	0.825	-3.046	-9.119	-7.277	-0.835	6.299	11.601	14.752	15.121	10.777	1.761	-6.238	-2.462	0.499	-5.319	-6.107	-9.722	-5.323	-10.385	-7.088	-11.691	-5.129	-1.768	0.811	7.874	6.576	19	Faces
-10.011	-8.820	-7.821	-4.396	1.679	-2.745	-1.098	-3.179	-1.775	0.285	4.595	7.074	0.235	2.105	-9.282	-4.578	-4.146	-2.358	-0.775	-1.447	3.252	4.505	6.075	7.712	5.900	6.485	3.580	5.100	19	Cars
-1.644	-6.755	-12.561	1.786	-1.580	-9.331	-5.146	-13.055	9.363	4.609	6.942	2.580	1.190	5.133	0.106	3.270	7.821	-1.284	5.952	8.712	10.215	15.641	1.209	2.721	-3.042	0.405	2.169	-2.816	19	Cars
-2.137	-1.494	0.314	-4.149	-3.441	-4.238	1.853	-1.091	4.244	3.976	2.924	1.351	2.904	-2.673	-1.439	-7.092	-5.777	1.774	-5.351	-3.449	-1.169	-1.118	-4.165	0.604	0.195	2.367	-1.276	3.774	19	Cars
-2.324	-4.097	5.943	-1.543	-10.811	-3.220	-3.519	4.296	6.236	-3.405	4.142	-0.306	-5.660	-7.438	0.437	-6.801	-0.651	9.297	2.812	-5.486	-8.673	-2.083	6.739	-3.414	-4.615	-12.205	-4.140	0.754	19	ScrambledCars
11.663	7.541	4.328	3.356	-4.797	-5.367	-5.636	-10.386	-2.648	-3.637	-0.152	-5.087	1.350	-1.553	2.585	8.691	1.828	-0.991	2.613	8.376	2.382	-1.241	-7.729	-0.786	0.030	4.270	1.299	4.288	19	Faces
7.264	15.607	4.847	9.650	1.695	-0.506	4.146	-0.787	10.046	4.328	1.229	0.270	4.178	4.869	-11.897	6.463	-4.153	-7.463	0.331	10.292	4.104	-0.805	-4.824	-1.424	-10.622	-7.104	3.514	-3.780	19	Cars
-1.599	-7.351	4.533	-2.189	-4.035	-1.885	1.262	-4.727	1.989	3.076	8.744	9.887	-6.568	-5.939	-2.346	-12.296	-6.475	1.889	-6.634	-7.621	-6.687	4.712	5.086	-3.458	2.556	5.588	-5.848	8.441	19	ScrambledCars
-7.494	-9.502	-3.628	-8.457	-9.622	-7.956	-0.983	11.703	15.257	8.057	15.228	9.956	-1.425	-7.269	-6.048	-9.619	-4.212	-4.916	-6.182	-13.224	-10.684	-9.062	-3.838	2.416	5.003	9.395	10.153	15.123	19	ScrambledCars
-1.557	5.747	-4.729	2.629	1.119	-4.859	6.237	-3.330	-6.471	7.088	3.392	-1.422	10.614	11.845	-3.699	5.618	3.778	0.136	8.772	8.954	10.153	3.058	0.363	6.201	-10.509	6.156	7.482	1.763	19	Cars
-2.910	-6.314	0.788	-3.711	0.207	4.696	3.279	11.060	12.460	4.516	9.222	8.453	1.502	-3.258	-5.330	-7.637	-11.797	-8.792	-7.428	-7.652	-2.037	2.214	-0.509	-1.006	-1.291	3.064	-0.297	7.275	19	ScrambledFaces
6.086	-3.737	5.424	-4.912	-6.772	-2.109	-2.386	-0.300	2.435	0.727	8.869	2.984	-6.389	-8.333	9.108	-2.419	-2.693	1.449	-2.882	-4.434	-8.315	-6.478	-9.449	-5.302	-6.435	-4.956	-4.781	1.299	19	ScrambledCars
-0.377	12.681	1.761	19.254	7.282	-0.465	7.187	-7.275	-3.484	-3.469	-2.920	-7.262	-0.357	8.950	-0.050	9.523	8.164	-1.493	12.262	17.481	15.816	7.189	-0.441	-4.715	-16.921	-14.613	-8.353	-10.607	19	Cars
2.505	-9.611	0.883	-9.590	-4.985	-4.136	8.651	1.830	5.580	3.951	10.900	5.309	10.442	9.143	0.131	-9.990	-13.302	-7.608	-10.488	-11.677	-1.631	-0.396	-6.039	4.030	-3.020	7.435	11.789	9.156	19	Faces
-1.760	4.623	6.765	3.588	-1.284	1.517	0.339	4.548	2.011	6.973	4.270	3.141	-2.815	3.558	-8.752	-9.120	-8.494	-8.764	-6.692	-4.426	-1.074	-4.686	-8.291	-6.627	-1.643	5.756	0.299	2.976	19	ScrambledCars
1.142	-3.352	2.579	-3.459	-4.856	0.312	-5.345	4.771	7.715	-2.116	4.045	5.039	-4.786	-4.155	-8.057	-3.534	-5.209	1.362	-3.149	-1.687	-6.746	-8.807	-3.283	-5.327	4.357	7.058	-3.186	5.795	19	ScrambledFaces
-1.099	1.107	2.897	1.976	2.050	-8.423	-4.813	-14.958	-7.687	-3.518	-2.557	-5.434	3.180	7.274	1.701	2.150	3.507	3.313	6.066	4.180	9.392	4.884	0.177	5.167	5.921	1.484	4.670	-1.134	19	Cars
5.648	-1.780	0.907	3.507	2.154	-0.666	0.432	-0.590	8.523	3.138	3.204	5.204	-9.943	-6.390	2.846	0.277	-0.567	-5.258	-0.918	2.353	-1.563	2.757	-4.166	-4.398	-6.318	0.311	-1.584	7.268	19	ScrambledFaces
5.552	5.461	1.992	3.775	-2.177	-7.222	-2.786	-7.424	-4.178	-1.953	-3.697	-9.774	-6.073	-8.708	7.892	5.877	5.677	7.084	10.836	2.252	-3.868	0.133	2.431	-0.468	-7.423	-0.834	2.030	-4.031	19	Faces
3.900	8.778	-0.263	0.692	1.709	1.807	6.530	7.013	7.413	1.277	4.925	-0.906	-6.266	-0.613	5.086	-0.216	1.644	-1.273	0.072	-4.797	-2.659	-1.442	-4.935	-2.298	-12.564	-3.092	-2.967	-1.356	19	Cars
-0.509	2.281	1.585	-3.014	-7.592	-0.799	-4.707	-3.037	-6.557	-1.897	0.174	2.966	-0.158	2.367	-0.077	-2.680	0.724	2.090	7.898	4.482	0.704	9.358	5.536	2.485	1.522	13.164	9.688	6.275	19	Faces
4.630	15.267	9.759	12.910	9.680	7.673	0.431	-0.110	-3.532	3.190	-8.461	-4.453	-0.578	5.363	-4.642	8.649	2.375	-10.223	1.908	7.980	4.389	-1.072	-4.315	-8.272	-13.786	-0.200	-4.440	-2.345	19	Faces
-3.662	-3.343	-8.068	10.193	4.016	-3.749	2.808	-0.796	2.398	8.003	9.889	1.461	4.189	3.821	-4.994	1.682	5.478	-2.335	0.192	2.747	7.388	6.316	-5.272	-0.273	-10.177	0.787	7.245	0.633	19	ScrambledCars
-2.839	13.684	-1.567	13.816	12.217	1.025	-0.171	-1.696	-2.117	3.966	3.519	-9.086	2.753	8.564	-5.407	13.592	7.353	-1.679	8.817	16.673	13.506	3.818	-4.047	-1.959	-12.946	-3.483	-2.668	-2.525	19	Cars
-3.454	-15.791	-4.173	-12.679	-10.496	-7.643	-4.441	6.945	2.457	-6.148	2.324	7.694	-8.535	-9.469	5.090	-6.421	-0.320	6.120	-3.407	-7.327	-7.555	-1.224	3.863	1.430	3.257	9.555	4.293	6.435	19	ScrambledFaces
6.652	2.944	2.033	-1.168	-2.163	-3.486	-8.693	-3.791	-12.989	-9.728	-21.348	-9.935	0.162	3.939	10.427	9.008	11.182	7.048	17.575	6.996	9.313	8.924	9.512	0.831	-3.196	-12.634	-1.390	-7.136	19	Cars
0.537	-1.512	-7.195	-3.450	-2.612	-4.655	-5.488	-0.538	2.142	10.178	-0.562	6.329	6.369	0.965	-1.115	-1.649	3.140	-2.725	8.177	0.813	0.930	8.553	0.798	4.453	-3.878	2.022	-0.325	3.862	19	Faces
-4.357	-1.313	-9.135	-0.996	-2.677	-11.110	1.510	-12.117	13.765	15.037	21.689	13.108	9.592	6.066	-9.420	0.737	-6.964	-10.965	-1.467	2.849	3.888	1.872	-7.912	-3.740	-4.489	7.227	12.059	15.260	19	ScrambledFaces
-0.678	-6.169	-2.301	-8.957	-3.762	-4.831	0.595	-2.508	2.029	0.858	5.048	1.323	-0.732	-0.750	-1.995	2.941	0.491	0.337	1.865	-4.452	-2.638	-2.706	-0.415	2.350	7.216	3.213	9.603	5.050	19	Cars
2.358	-4.999	-3.388	-13.149	-6.766	-14.207	-1.240	-5.284	4.194	-0.734	5.004	11.758	3.034	-1.169	5.309	-3.098	1.298	1.327	0.505	-8.223	-4.110	3.860	-4.712	0.802	-4.457	3.652	5.588	12.529	19	Faces
9.529	13.344	2.522	7.798	1.520	0.574	-4.808	-10.219	-9.300	-18.367	-15.762	-9.266	-8.290	-3.360	10.726	19.617	14.816	5.337	17.056	16.586	5.467	6.001	5.749	-5.615	-13.538	-6.993	-11.821	-11.023	19	Cars
2.385	-9.975	0.321	-9.087	-16.260	-5.350	-8.583	1.261	0.379	0.347	-1.103	1.112	-9.891	-3.608	7.297	-3.548	2.090	6.198	4.984	0.006	-3.936	6.325	5.093	0.626	4.944	0.257	1.083	1.828	19	ScrambledFaces
-1.421	6.865	-7.990	9.131	6.538	-3.204	0.231	-3.159	2.993	10.308	2.685	0.836	1.835	4.479	0.499	16.018	5.334	-5.321	-0.186	18.981	9.944	3.602	-4.869	-3.966	-6.068	-6.172	0.563	-3.628	19	ScrambledCars
1.561	0.851	1.599	0.875	-1.638	-6.388	-6.468	-16.453	-17.077	-15.141	-14.513	-13.818	3.641	5.893	4.608	4.859	10.972	10.923	18.084	5.978	13.428	13.202	8.386	1.753	5.761	-13.305	-4.941	-11.500	19	Cars
-4.198	-4.143	-0.120	-1.901	-5.960	-3.083	-9.811	0.265	-10.958	-9.709	-4.985	0.881	-2.098	1.627	6.371	-2.024	-0.922	8.510	1.886	-3.734	1.936	6.615	5.645	3.957	-4.477	5.838	-0.116	2.300	19	Cars
8.520	11.176	8.360	4.860	-0.872	2.479	4.040	2.076	2.404	-0.373	0.761	2.596	-0.720	0.602	6.098	4.396	3.436	0.642	0.459	4.627	0.056	0.233	-4.495	-5.219	-12.594	-21.158	-3.879	-3.611	19	Cars
12.831	8.731	6.678	3.384	4.340	3.054	2.696	-7.615	2.028	3.874	-2.454	-0.786	6.130	7.560	2.094	5.904	-2.860	-4.821	6.369	11.228	12.556	4.335	-2.792	-2.619	-24.504	-10.523	-3.227	-6.492	19	Cars
-3.980	-7.983	6.462	2.748	-3.406	-2.767	-6.859	-8.740	-7.317	-9.093	-5.648	-13.768	1.462	3.180	4.289	-4.479	2.890	8.946	4.532	2.514	2.330	2.433	5.667	5.417	6.568	7.922	-0.136	-4.345	19	Cars
-8.050	3.601	-10.200	-0.090	-1.740	-13.481	-1.646	2.178	5.267	-2.387	8.911	-2.059	-7.042	-2.966	-3.517	4.582	2.869	6.572	11.423	1.812	2.740	0.960	-1.080	1.095	7.607	3.188	-2.025	-2.465	19	ScrambledCars
-5.740	-6.450	-6.473	-3.557	-2.493	-5.267	-2.647	-0.213	-1.395	-2.218	3.435	11.353	-4.959	-3.869	-3.435	-5.043	-4.512	-5.394	-4.435	-3.160	1.517	-2.565	2.881	5.054	7.967	16.080	2.470	14.869	19	ScrambledFaces
9.819	-2.579	-3.420	-5.802	-6.111	-10.278	-5.842	-6.265	-14.078	1.609	-6.888	-4.708	-6.933	-2.830	12.471	4.262	9.379	11.589	3.785	5.983	-2.104	0.964	0.798	-5.084	-8.652	-0.798	-2.488	-0.513	19	ScrambledFaces
10.689	6.311	11.079	7.357	0.632	-4.687	-11.507	-14.116	-14.639	-10.582	-6.648	-5.571	-9.592	-3.268	2.795	-0.217	7.278	6.749	-1.282	-0.062	-4.618	4.946	-0.827	-2.758	0.439	-0.126	-3.780	-2.801	19	Faces
-7.207	-2.923	-4.468	-6.787	-10.021	-8.664	-8.428	-7.009	2.481	-0.382	8.634	4.072	-1.832	-6.553	-1.420	-5.116	4.986	7.829	5.286	-6.684	-8.673	-1.897	1.455	7.850	-0.592	16.648	6.537	13.942	19	Faces
-2.894	-4.580	-3.401	-3.684	-2.443	-7.845	-3.665	-3.333	-12.318	7.100	-2.153	3.919	0.711	3.160	7.971	-4.680	4.582	10.775	7.540	2.401	4.714	7.230	2.019	0.813	7.336	-1.178	-3.180	-4.470	19	ScrambledCars
-0.959	0.212	0.094	0.198	0.603	2.911	6.330	4.636	6.781	7.964	11.518	12.783	3.404	0.120	-0.405	-0.548	1.644	-5.402	-4.593	-1.595	-0.799	-3.820	-14.632	-6.183	-14.829	4.972	1.987	5.303	19	ScrambledFaces
-4.616	-5.640	-5.482	-4.743	-1.975	-3.104	3.300	2.216	17.496	9.193	7.052	6.786	0.626	-6.416	-8.462	-2.921	-2.818	0.843	-7.190	-4.095	-1.712	-6.861	-3.940	-1.891	-9.926	6.826	6.487	9.278	19	ScrambledFaces
3.906	3.192	6.608	1.144	-0.381	2.089	-3.472	3.546	5.702	-1.636	4.753	-2.396	-10.907	-10.582	6.709	-2.666	2.587	5.717	5.292	-1.005	-6.455	1.993	6.561	-6.220	-4.388	-5.177	-7.703	-2.760	19	ScrambledCars
-0.324	11.531	-1.714	4.850	2.482	0.252	0.497	2.314	2.525	0.430	4.372	-0.248	-0.773	1.075	-2.511	0.243	2.580	-5.520	5.048	5.353	-0.025	-0.467	-5.658	1.474	-10.982	-1.568	0.147	1.191	19	Faces
1.570	-2.421	6.569	-7.293	-9.546	-8.387	-6.808	-3.148	7.197	0.479	7.347	11.012	-8.552	-9.431	-1.180	-2.204	-3.759	-4.716	-4.649	-6.267	-9.670	3.283	-8.864	-1.580	-2.528	20.885	9.375	10.982	19	Cars
16.696	15.984	10.130	17.507	3.120	2.814	0.309	-2.253	-6.847	0.318	2.975	-7.067	-6.172	-8.332	4.967	7.094	8.148	2.015	2.339	3.793	-4.516	-13.828	-7.205	-5.626	-7.440	-4.664	-1.644	-8.044	19	Cars
4.763	8.600	4.244	14.019	9.397	1.604	-0.708	3.369	-10.602	2.517	0.153	-2.361	-0.220	8.699	0.189	13.338	4.824	-10.030	6.909	15.529	13.521	1.622	-8.780	-5.405	-9.090	-4.508	-5.128	-8.196	19	ScrambledFaces
-4.046	-7.661	2.433	-4.263	-4.590	-2.097	1.494	-6.140	11.714	4.114	7.335	9.329	-0.279	0.787	-1.766	-7.490	-8.936	-1.528	-10.874	-7.770	-8.955	-8.505	-4.096	1.983	-0.178	15.002	6.830	14.627	19	ScrambledCars
-8.664	-1.231	-5.459	-7.814	-4.644	-4.823	-0.959	10.204	13.217	7.372	2.648	5.705	-5.065	-5.799	4.832	-7.380	-8.655	-6.826	-14.914	-11.818	-9.621	-8.614	-5.627	0.661	11.076	13.829	3.648	14.988	19	ScrambledFaces
-8.584	-2.894	1.037	5.427	11.331	1.557	4.022	-6.927	1.791	-1.445	-0.048	-4.514	9.872	10.817	-0.366	0.302	-2.692	-4.592	6.913	15.659	22.412	7.002	-3.102	0.603	-7.768	-2.778	-1.343	-3.530	19	Cars
-3.174	-11.652	1.785	-9.601	-6.571	-3.823	-2.297	6.564	17.875	3.985	10.395	1.027	-8.839	-17.155	-2.428	-5.525	-4.580	-1.255	-9.782	-8.819	-11.577	-8.611	-6.521	-5.202	0.003	7.939	-1.303	5.053	19	ScrambledCars
0.911	-1.869	-6.815	-1.671	-3.517	-6.052	1.984	-2.624	12.185	9.964	16.273	12.555	3.129	-1.901	-8.333	-0.812	-0.621	-2.093	3.265	-4.585	-4.080	-0.049	-1.422	0.307	3.629	6.383	2.329	7.628	19	ScrambledCars
5.698	4.118	-0.704	2.536	-1.816	-1.837	-0.777	-2.015	-3.049	-6.604	-0.894	2.197	-1.672	3.683	13.141	5.247	7.629	3.218	2.021	0.686	3.029	1.656	-9.225	0.583	-11.367	0.050	5.615	2.595	19	Faces
-0.947	0.993	2.627	0.609	0.001	0.294	-3.580	-4.604	1.180	-9.586	-3.961	-2.158	-5.629	0.485	-2.959	2.891	-0.826	-3.702	1.030	4.529	-3.835	5.543	4.908	-0.558	6.968	-0.537	-4.358	-4.097	19	ScrambledCars
0.248	-0.129	4.645	-3.068	-3.511	-0.946	2.474	-5.234	-4.661	-1.994	-3.036	-5.102	1.665	-2.141	1.656	-1.247	3.889	2.304	1.570	-2.353	1.886	6.559	1.091	4.654	1.410	-2.468	1.275	-0.946	19	Cars
-10.558	-8.971	-6.524	-1.420	6.915	0.965	13.404	10.086	17.216	11.491	13.397	12.442	15.656	15.371	-11.686	0.435	-5.445	-19.425	0.547	3.668	12.649	0.105	-11.262	8.697	-8.902	10.458	10.650	19.412	19	ScrambledFaces
2.466	4.737	0.051	2.884	-1.255	-2.819	-5.118	-4.966	-4.190	-3.660	-2.230	-0.114	-3.973	3.713	-2.657	0.794	-3.156	-1.546	4.772	7.487	5.131	8.735	-0.163	-5.925	-2.334	9.917	-4.861	2.167	19	Faces
-4.907	6.491	4.301	6.420	-3.880	-7.465	-6.122	-9.536	6.534	-4.372	-4.483	-1.872	-4.259	-2.978	2.492	2.180	-1.361	4.470	5.754	4.889	0.325	2.175	-4.899	-4.872	-0.841	1.279	-4.207	2.989	19	ScrambledFaces
5.499	7.979	4.603	5.088	-7.025	-4.187	-8.458	-2.716	-6.970	-11.014	2.572	-0.314	-13.575	-13.753	3.653	7.164	8.442	6.480	3.519	4.479	-7.882	-7.777	-2.446	-6.206	-0.527	-2.298	-7.615	-2.827	19	ScrambledCars
-9.606	-1.116	-4.370	2.515	-1.484	-4.772	2.320	1.294	7.794	16.661	5.468	6.718	9.066	3.945	-9.978	-3.028	-2.069	-0.631	-4.694	1.557	4.345	-1.356	-3.950	4.552	-1.545	3.783	6.619	4.130	19	Cars
-11.052	-9.341	-6.057	-8.960	-3.200	-2.084	-2.309	-6.758	-6.295	-1.205	-1.269	-0.072	2.613	1.438	-1.725	-7.201	0.713	6.183	6.620	-6.068	-2.724	10.832	8.771	6.188	3.400	5.484	5.988	3.961	19	Cars
6.245	2.112	-4.991	3.822	0.047	-4.777	-3.171	-13.437	-7.918	-3.811	-12.887	5.597	4.041	4.643	3.455	0.627	7.043	2.349	5.870	9.121	4.910	8.175	2.242	3.756	4.222	-1.712	4.209	2.013	19	Faces
-4.384	0.349	-6.537	1.277	6.758	4.427	9.841	7.182	-0.910	0.421	4.399	-2.781	15.485	9.021	0.652	7.809	5.007	-6.879	7.344	6.329	11.545	2.638	-5.647	-0.866	-12.346	-4.784	4.856	0.286	19	Cars
-5.381	-6.349	-5.196	-5.419	-7.198	-7.682	-3.129	-2.723	0.858	1.863	11.442	7.792	0.117	-1.317	-5.086	1.678	-0.610	2.205	2.426	0.241	3.364	1.617	-0.682	2.534	4.568	4.751	3.380	10.019	19	ScrambledFaces
-5.858	-1.935	-4.368	-0.058	-0.666	-1.146	1.985	-3.979	-4.115	4.961	8.918	4.917	-1.727	3.963	-1.892	-2.885	1.871	-2.061	7.099	4.227	3.336	6.349	5.073	2.654	0.930	1.702	0.723	7.061	19	ScrambledFaces
-6.770	1.421	-4.256	8.706	-0.516	3.039	3.167	-8.108	4.517	4.053	1.073	3.375	3.665	5.456	5.390	7.498	4.163	-2.049	3.606	5.145	6.309	3.052	-4.404	0.803	-8.333	-1.083	7.874	-2.651	19	Cars
4.465	8.835	3.175	3.484	0.889	-2.982	-1.397	-10.085	-8.386	-4.572	1.955	3.657	2.075	0.771	8.309	7.333	1.170	0.714	-5.236	0.575	-1.617	-0.979	-1.331	2.452	-4.552	3.324	3.163	4.730	19	Faces
-3.736	-6.557	1.163	-6.075	-11.550	-11.449	-11.483	0.748	-2.619	-2.887	5.258	3.108	-11.037	-8.515	2.788	-8.845	-2.717	1.630	-2.661	-8.460	-6.963	-4.708	-2.356	-1.914	11.100	11.765	-3.180	8.292	19	ScrambledFaces
-11.010	-4.894	-2.219	0.886	-5.647	-2.817	-1.990	3.141	7.796	6.273	7.723	16.387	3.913	-0.335	-14.794	-5.941	-7.634	-8.000	-6.009	-5.017	0.019	0.960	-3.318	7.268	5.769	17.478	10.596	18.352	19	ScrambledFaces
0.365	-4.001	-1.792	-1.581	-6.106	-1.786	-1.626	-2.822	0.714	-1.842	-1.414	5.049	-2.556	-2.140	1.814	-7.830	-6.821	-1.352	-1.959	-4.925	-5.977	6.390	0.610	0.751	0.531	8.658	9.974	5.911	19	ScrambledFaces
-3.569	3.199	-2.751	1.703	5.539	0.544	1.878	3.231	0.975	4.964	11.413	10.912	1.688	-1.880	-11.849	-5.367	-4.485	-2.138	-4.949	-2.625	-0.850	-5.026	-8.222	0.866	-2.366	10.143	3.710	8.518	19	ScrambledCars
0.435	1.455	-1.449	2.273	-6.653	-10.979	-7.067	0.980	5.313	1.749	10.192	4.198	-3.805	-3.467	-0.496	-0.522	-2.844	-3.762	-5.396	0.796	-8.209	-10.765	-5.609	-4.278	3.403	7.670	3.276	8.250	19	ScrambledFaces
8.930	11.788	18.004	7.848	8.312	2.969	-4.781	-8.675	-11.554	-5.576	-3.688	-1.318	-8.252	0.341	5.685	8.399	6.115	4.759	4.358	6.988	5.328	-2.641	-5.172	-5.897	-16.041	-14.014	-9.312	-6.732	19	Faces
-0.133	-4.037	-1.363	-2.275	0.458	-3.413	-2.023	-4.274	-3.912	-2.107	1.053	-0.722	-1.491	-0.304	-1.259	9.088	8.973	2.775	10.541	6.852	5.511	4.678	3.550	-0.671	-2.597	0.626	1.026	2.074	19	Faces
-19.664	-10.511	-3.862	-2.214	-5.095	-3.416	1.505	3.075	14.625	7.971	12.368	16.928	5.190	5.751	-16.355	-21.178	-14.697	-7.116	-9.221	-12.829	-1.878	-4.347	1.869	10.499	9.530	16.046	10.836	14.707	19	ScrambledCars
-3.826	-5.475	-3.632	-1.776	-0.923	-0.777	1.402	8.565	12.673	5.292	7.025	5.051	-1.613	-1.822	-4.100	-8.887	-5.465	-6.213	-6.528	-0.690	-3.925	-2.345	-2.178	-0.757	1.645	6.613	5.332	7.837	19	ScrambledCars
1.190	-1.335	6.694	-2.009	-2.345	-0.241	6.832	25.562	22.384	12.191	10.262	0.119	-3.476	-3.395	-11.385	-2.322	-7.407	-9.282	-6.699	-5.457	-4.362	-7.320	-10.350	-2.226	-2.321	1.791	-2.637	0.519	19	ScrambledFaces
-5.363	-4.916	-3.223	-2.226	-7.402	-6.458	-2.899	1.197	17.623	-0.388	6.288	4.005	-6.999	-6.564	-1.969	-6.176	2.835	5.349	1.812	-4.524	-3.710	-3.754	-1.249	1.808	7.251	8.235	2.683	7.119	19	ScrambledFaces
-2.018	-1.161	-0.279	-0.819	-8.090	-5.289	-3.447	-1.008	10.385	-0.592	3.993	8.334	-1.253	-6.845	-2.039	-0.027	-1.274	1.755	1.204	-6.384	-6.541	-8.075	-1.256	2.694	2.694	9.920	7.377	6.849	19	ScrambledFaces
-8.908	11.128	0.822	4.628	0.685	2.456	3.105	6.493	16.385	7.733	14.599	4.121	0.647	-4.353	-7.578	-5.703	-9.666	-11.184	-3.449	-2.886	-0.018	-4.483	-6.937	-1.057	-5.197	2.042	0.665	4.951	19	ScrambledFaces
-4.368	-6.713	-4.300	-9.121	-10.050	-4.653	-4.518	-1.958	1.220	-0.110	8.399	5.842	-1.090	-0.800	5.506	-4.518	-2.636	4.534	3.103	-5.655	0.700	-0.970	-4.446	0.712	-2.044	7.704	2.916	5.990	19	Faces
-0.599	-0.796	0.462	1.000	-4.394	-4.631	3.496	-4.400	2.656	9.375	10.299	5.165	4.559	-3.746	2.339	0.228	-1.400	-0.727	-4.922	-4.289	-5.985	-5.595	-3.526	1.730	-6.998	0.107	3.516	4.253	19	Cars
-5.848	-3.024	-0.073	-3.614	-5.934	-1.896	-7.236	4.521	4.095	-4.584	1.435	4.312	-8.909	-2.700	-6.063	-8.296	-6.383	-1.024	-4.539	-9.411	-4.852	-0.361	0.593	4.459	2.653	19.515	7.120	12.759	19	ScrambledCars
-2.990	-0.775	-8.789	8.639	10.826	-0.989	9.965	6.076	8.600	22.064	14.650	9.549	13.895	11.906	-10.205	4.752	5.209	-7.730	-0.259	4.426	15.718	1.317	-11.013	-2.429	-20.730	-16.600	0.819	-1.842	19	Cars
-6.593	-0.793	-6.528	-4.064	-1.048	-7.344	4.725	2.302	3.974	16.458	19.198	19.533	12.332	9.290	-10.840	-1.852	-5.117	-10.353	-4.257	4.009	6.818	-2.846	-5.244	8.503	-4.164	2.356	6.561	10.297	19	ScrambledFaces
-10.062	-6.386	-4.635	1.631	7.037	-8.922	-2.072	-10.508	-10.412	10.522	4.859	12.967	9.729	7.727	-7.246	-0.122	0.374	-4.346	2.591	1.656	10.224	2.595	-0.669	2.353	-2.646	8.123	7.480	10.138	19	Faces
3.948	-8.662	-4.752	-10.192	-11.495	-10.923	-9.763	-3.836	12.804	-11.421	5.962	5.191	-3.325	-6.134	5.502	1.794	-5.583	2.900	-1.456	-2.598	-5.038	-3.644	3.320	-0.255	5.939	9.859	-0.218	5.872	19	ScrambledFaces
1.577	3.136	-1.860	6.653	1.834	-6.784	-2.180	-4.188	2.355	-0.522	-5.457	-2.794	-0.999	4.489	-3.465	10.800	5.456	3.945	14.032	16.200	7.264	10.926	0.730	0.857	-12.081	-10.047	-2.237	-2.617	19	Cars
4.447	7.914	4.264	3.585	4.293	0.367	1.683	4.113	5.579	-0.632	1.224	1.189	-5.008	1.302	2.760	-0.779	-3.137	-7.134	-9.186	5.842	1.295	-14.269	-4.117	-3.748	-7.681	-5.978	-1.189	2.389	19	ScrambledCars
-3.352	-8.542	-5.653	-10.121	-10.104	-8.969	-0.428	-7.977	-4.319	1.076	7.436	11.013	2.690	1.207	-2.744	-2.800	-4.899	0.388	-5.545	-3.569	-0.418	-0.961	-1.191	0.557	-1.076	22.672	6.339	8.387	19	Cars
10.637	-2.059	3.344	-2.362	-0.456	-3.236	-0.775	-0.545	0.329	2.262	-1.089	5.170	-2.370	-4.433	9.287	-1.012	4.893	1.520	1.134	0.480	-5.217	-7.801	-5.464	-2.467	-3.249	6.556	-1.577	5.707	19	ScrambledCars
-14.801	-26.962	-18.744	-17.873	-3.617	-13.805	-5.406	-9.670	-1.075	4.294	8.514	11.236	16.409	13.829	1.434	-13.964	5.909	2.581	13.534	-2.497	7.750	12.842	14.513	12.353	2.750	4.441	12.237	11.101	19	Faces
5.320	-1.488	7.234	3.146	-2.523	-1.324	-4.400	-6.174	-1.696	-7.403	-1.485	-3.750	-8.682	-7.524	1.852	-0.943	-1.884	2.481	-3.716	-3.236	-8.722	-12.927	5.383	-2.515	-2.771	0.226	-0.310	0.716	19	Faces
0.429	0.582	1.591	-0.124	-3.287	-5.175	-5.371	1.086	6.966	-3.520	3.596	2.253	-10.025	-3.889	5.038	3.433	-1.271	1.218	-0.321	4.816	-3.843	-2.447	-8.317	-3.554	-1.838	7.953	-2.991	-0.206	19	ScrambledFaces
-7.032	5.103	-2.302	2.246	-2.411	-3.967	4.756	-1.452	3.489	4.808	1.590	5.655	7.430	10.794	-5.158	2.884	0.340	-4.012	-0.808	5.713	10.426	6.975	2.444	4.179	-10.854	-3.175	6.051	-4.464	19	ScrambledCars
7.707	-2.130	3.708	-7.808	-5.162	-11.308	-16.615	-6.184	-11.987	-2.651	-7.478	-1.393	-9.201	-1.438	4.412	2.124	4.630	2.479	5.833	-5.427	-1.424	2.866	2.603	-4.522	7.930	-2.012	-4.310	7.394	19	ScrambledCars
0.331	-1.626	-5.003	3.084	9.417	5.374	9.210	-3.607	-1.835	9.697	1.842	-0.641	10.317	18.103	-3.466	1.162	-2.579	-2.606	3.966	6.027	13.244	8.168	1.564	-7.270	-13.777	-16.340	-3.357	-5.453	19	Cars
-5.778	-3.891	-3.203	-0.317	0.258	-3.530	1.131	1.768	11.049	2.900	22.489	7.648	-0.055	-4.264	-8.302	-3.895	-1.029	-11.396	-1.393	0.781	-1.330	-3.655	-3.672	4.903	0.743	12.237	10.172	12.931	19	ScrambledCars
-11.844	-5.972	0.252	-0.645	-2.990	-4.563	-4.720	2.473	7.505	2.308	10.432	5.347	-1.070	-3.826	-9.666	-9.382	-6.308	-3.287	-1.028	-0.046	-2.917	5.371	-0.389	3.119	-0.180	12.074	4.717	12.068	19	Faces
18.266	14.944	20.149	12.863	2.273	9.113	-4.876	-4.519	-11.080	-10.509	-8.738	-5.332	-13.460	-10.401	12.130	4.744	2.275	4.266	-2.653	1.233	-4.715	-12.322	-10.511	-16.334	-12.443	-10.892	-14.199	-7.112	19	Faces
-4.775	6.295	-9.944	7.718	11.735	3.275	6.269	-2.436	1.778	2.673	3.857	0.497	2.574	7.606	-0.454	9.657	8.902	-3.989	13.173	15.007	12.994	11.520	7.152	2.144	-0.127	-9.772	-2.361	-5.400	19	Cars
-5.980	-2.477	-9.712	-6.411	0.473	-4.619	3.103	4.594	9.670	0.384	2.723	-1.848	-1.380	0.801	-2.516	0.612	3.298	1.884	5.669	2.578	-1.879	-2.443	-1.146	1.220	10.278	2.836	2.961	4.673	19	Cars
-1.260	-4.949	-0.156	-2.416	-5.324	-2.541	-4.830	0.354	7.921	0.183	0.075	-0.936	-5.070	-11.350	2.114	-4.473	-1.387	5.468	4.469	-5.963	-6.091	1.094	1.411	-1.060	-0.060	1.003	2.411	7.836	19	Faces
1.507	-1.276	-0.857	4.232	-2.347	-1.863	-1.878	5.385	-0.799	-8.245	-5.725	-6.827	-5.996	-0.067	5.174	-1.944	-2.068	2.330	3.578	1.990	1.611	9.520	-0.786	-2.117	1.513	-9.249	-3.956	-4.364	19	Faces
19.201	16.667	4.903	15.994	6.409	-1.274	-7.745	-11.833	-4.360	-16.211	-21.606	-15.919	-4.871	7.089	25.554	24.144	19.083	5.296	14.029	17.236	15.322	9.206	-0.220	-11.505	-19.188	-16.832	-17.116	-24.382	19	Cars
-0.630	3.285	2.845	-2.786	-8.239	-5.465	-7.877	4.921	9.667	-13.441	6.816	-0.207	-7.344	-7.230	4.415	0.610	0.708	-0.469	-3.846	-3.889	-10.328	-0.446	-1.602	-3.468	3.137	-0.741	2.180	3.689	19	ScrambledFaces
-2.865	-5.703	-14.609	-3.969	-1.121	-5.300	1.373	0.390	8.622	3.042	9.647	3.299	2.519	-4.920	-0.534	1.261	3.909	-0.373	2.797	5.387	4.085	4.356	-0.924	-1.783	-8.809	3.713	4.697	9.430	19	ScrambledFaces
-5.529	-7.709	-0.077	-3.054	-8.230	-3.006	-5.715	-0.019	4.533	2.247	8.899	3.997	-6.183	-5.874	-2.470	-8.198	-6.064	5.732	-1.738	-8.588	-5.066	1.578	-0.000	-0.797	2.638	5.543	2.266	5.975	19	Faces
1.810	15.898	2.661	9.281	-3.407	0.230	-10.021	-2.075	1.904	-8.343	-1.094	-1.169	-12.915	-3.599	-3.620	8.276	0.146	-0.269	3.724	4.719	-1.750	-5.778	-0.278	-2.590	0.114	9.834	-7.664	0.207	19	ScrambledFaces
4.674	5.676	-3.687	4.551	3.530	-7.714	-0.675	-12.081	0.955	-1.716	-3.358	-4.097	1.360	8.140	4.568	7.193	8.582	3.786	10.266	11.395	8.405	12.903	3.161	2.711	-1.632	1.716	2.487	-3.865	19	Cars
-13.858	-9.298	-7.568	-5.984	-5.030	-4.261	2.040	6.131	12.162	14.734	18.278	9.951	3.459	0.078	-9.991	-6.553	-6.804	-5.291	1.391	-0.422	2.335	-1.254	-5.376	6.874	6.519	0.463	13.757	10.775	19	ScrambledFaces
14.225	9.351	5.760	7.404	-1.353	-2.630	0.662	-4.243	-12.507	-9.467	-5.897	-6.794	-6.372	-3.548	12.249	8.897	4.806	4.043	2.593	10.934	4.936	0.993	-3.252	-5.006	-4.994	-9.359	-9.045	-4.205	19	Faces
-1.910	-5.648	3.726	2.416	-2.936	-1.623	0.898	-3.131	-4.756	7.309	7.436	9.794	-0.264	-2.834	-2.696	-7.371	-2.417	3.741	-0.618	-5.421	-6.436	-8.898	-1.469	-1.666	-6.702	-8.963	5.170	9.954	19	Faces
-1.373	-7.808	-1.976	-14.250	-7.403	-9.756	-3.318	-7.468	-12.746	3.717	2.099	10.392	1.376	-8.024	-3.729	-6.487	3.355	12.427	3.254	-7.151	-5.020	2.908	0.888	1.660	2.223	10.750	3.202	12.279	19	Faces
-4.207	4.297	-0.157	11.520	6.473	-4.916	-2.331	-13.356	9.844	-0.587	-3.038	-4.167	-3.869	4.884	-0.474	4.673	1.970	-3.094	6.453	9.043	14.341	-0.680	3.938	0.864	-4.657	9.504	-1.344	3.708	19	Faces
-12.531	-8.891	-8.251	-3.015	3.389	-3.253	1.381	5.073	7.909	3.953	8.584	3.199	4.000	3.182	-10.103	-3.683	-1.056	-8.713	2.525	6.238	7.725	4.399	3.584	2.709	0.688	0.231	7.752	3.248	19	ScrambledCars
-3.208	-5.013	-1.170	-4.244	1.067	0.929	1.908	1.577	18.278	0.744	16.001	8.098	-2.180	-7.869	-5.268	-10.127	-7.764	-7.344	-6.261	-6.213	-5.620	-8.026	-7.093	-2.556	2.048	8.694	3.952	10.835	19	ScrambledCars
0.117	-0.085	-3.746	6.691	4.461	-3.864	1.811	-10.158	2.991	-0.261	-3.303	2.892	5.065	11.435	-6.921	4.298	-1.459	-11.644	5.004	11.306	11.232	5.332	-3.244	3.420	-5.850	13.661	4.212	5.594	19	ScrambledCars
-2.098	3.256	0.458	-5.786	-9.002	-8.400	-6.978	-7.901	-10.436	-6.870	1.359	5.355	0.225	1.598	-7.481	-3.868	5.667	5.150	5.487	-5.635	-2.260	3.953	6.876	6.599	5.083	12.271	4.697	5.281	19	ScrambledCars
-8.849	-4.153	-9.912	-4.468	-8.310	-9.367	-0.412	0.058	12.284	6.160	13.693	17.654	2.031	-2.377	-3.377	1.107	-0.598	-8.588	-2.302	-0.964	0.854	-1.505	-9.620	7.331	9.769	11.161	8.889	19.525	19	ScrambledFaces
-3.164	-8.472	-2.188	-3.453	-3.923	-1.930	-6.139	-5.872	4.627	-4.941	0.486	4.354	-6.299	0.747	-0.798	-4.932	-0.065	3.741	4.138	-4.474	6.282	0.387	1.742	0.052	4.032	8.786	2.597	2.108	19	ScrambledCars
-15.615	-12.986	-6.568	-8.954	-0.217	-4.652	1.255	-2.363	10.885	11.240	12.392	14.130	6.915	2.366	-8.096	-12.682	-6.968	-3.320	-2.532	-11.419	-6.260	-1.340	-2.663	8.698	7.095	17.464	12.783	13.264	19	ScrambledFaces
-3.393	-6.532	-6.845	-7.939	-8.081	-10.706	0.998	-0.003	-5.155	5.568	2.634	3.792	5.370	7.368	-0.095	0.945	5.467	-2.503	7.975	0.127	3.365	4.802	6.190	3.290	0.585	-0.021	7.170	4.416	19	ScrambledFaces
-7.723	-3.484	-5.220	-3.689	-2.286	-8.425	0.878	-8.517	6.879	11.947	15.053	16.054	6.717	-1.684	-9.163	-1.328	-4.039	-6.483	-0.161	-5.679	1.258	-5.718	-7.056	6.041	7.348	15.614	9.395	17.381	19	ScrambledFaces
8.379	2.773	3.726	6.911	-7.359	-0.097	-10.363	-5.843	-9.823	-7.659	-2.999	5.116	-8.499	-10.633	14.477	4.773	9.117	4.723	5.971	-2.230	-6.974	-0.565	-1.694	-4.690	-1.290	4.124	-4.361	5.477	19	ScrambledCars
-2.627	9.539	0.180	6.998	3.362	-5.121	-0.605	-2.612	-0.165	4.596	1.442	-0.511	-6.584	-2.920	1.052	10.393	5.551	-5.245	5.528	6.870	1.893	-3.589	-1.364	1.205	4.064	-1.991	-4.047	4.266	19	ScrambledFaces
-1.657	-9.829	-12.421	-5.229	-10.907	-12.488	-4.167	-3.473	4.536	6.241	4.627	7.864	2.370	-3.483	3.703	-1.826	-2.425	-3.435	0.031	-1.940	-1.081	-2.306	1.933	7.173	9.209	8.195	6.515	10.569	19	ScrambledFaces
-2.106	6.986	-4.238	6.874	4.352	-3.378	-3.956	-0.057	-5.050	-5.561	-2.823	-2.546	-2.661	9.153	-1.099	14.366	11.750	4.381	12.172	19.579	16.265	13.102	4.015	-6.598	-5.982	-14.863	-8.442	-6.929	19	ScrambledCars
-11.195	-5.064	-16.370	-5.933	-6.719	-7.762	-1.906	-7.138	-3.560	-0.243	7.059	5.683	5.149	8.234	-4.303	-0.695	2.953	0.094	10.466	6.341	11.070	6.967	5.494	8.230	13.096	5.508	10.769	9.566	19	ScrambledFaces
-3.348	-9.481	-2.672	1.107	-5.388	-4.914	3.213	-0.786	9.226	4.225	13.229	7.718	8.152	0.008	-8.269	-6.504	-11.790	-3.334	-7.654	-5.014	0.585	-1.771	-2.193	1.043	-2.734	-0.826	7.290	13.321	19	Faces
-5.892	-2.008	0.898	0.191	-0.157	-3.025	-1.178	5.301	9.757	3.590	8.300	4.878	-6.605	-9.645	-9.507	-4.278	-0.520	4.125	-2.323	-4.259	-10.040	9.111	-1.038	-0.077	-1.153	0.871	-3.471	3.696	19	ScrambledCars
0.206	0.451	-4.384	-1.299	-3.737	-7.721	-10.018	-9.851	-7.488	-7.156	-11.113	-1.558	-8.773	-2.270	5.756	1.925	4.729	5.384	11.837	10.041	3.537	3.053	4.060	2.606	7.810	10.640	2.269	4.091	19	Faces
-5.698	-2.834	0.964	3.926	3.760	3.272	11.228	3.218	9.605	11.929	14.199	14.262	11.025	10.745	-13.225	-5.178	-8.191	-12.468	-5.023	2.098	5.478	-0.306	-10.535	2.190	-9.463	-14.479	10.300	9.059	19	Faces
-7.219	-2.901	-3.165	-5.383	-2.783	-6.583	-4.265	-0.896	7.807	1.422	12.925	3.582	-0.058	-4.485	-0.620	4.114	2.304	-0.767	3.384	6.110	1.799	1.753	5.926	1.179	3.359	2.462	-0.156	3.957	19	ScrambledCars
5.013	8.104	11.516	4.164	4.722	4.875	-7.111	-7.676	-2.724	-6.616	-7.120	-7.138	-4.626	-6.319	6.782	3.096	4.221	5.105	1.239	1.251	3.272	1.239	0.001	-13.483	-7.697	-4.281	-10.539	-7.573	19	Faces
-12.026	-13.999	-16.323	-6.349	4.269	-8.952	0.404	2.341	-4.567	9.314	10.006	6.216	12.118	9.032	-7.706	-9.728	-14.192	-7.945	-3.370	-0.795	3.036	10.683	4.477	13.172	11.890	17.807	19.861	21.045	19	Cars
-5.225	-10.264	-5.532	-6.326	2.787	-2.429	4.704	2.793	11.766	5.242	5.880	3.890	8.595	8.955	-11.497	-5.343	-7.828	-5.307	-8.204	-9.851	6.035	4.200	-0.843	9.441	9.791	-0.861	6.884	1.975	19	Cars
-1.936	6.593	-0.199	8.127	1.878	-4.845	1.249	-3.416	-0.530	-4.451	-4.739	-1.996	-0.405	-4.636	-8.467	-0.020	4.045	-1.176	6.173	-4.341	-1.827	5.116	1.924	8.806	6.187	9.599	6.781	-0.208	19	Cars
2.430	0.786	0.834	-0.478	2.036	-2.061	-3.168	-6.567	-6.464	-9.722	-5.320	-1.197	1.227	3.136	-4.619	-3.155	2.297	3.600	4.925	0.908	3.784	5.749	7.356	2.774	-2.355	1.267	4.852	-3.621	19	Cars
1.515	-11.964	-2.345	-7.614	-5.286	-6.030	2.591	-1.960	8.489	4.984	2.100	5.764	-1.355	2.569	-3.358	-6.022	-4.515	-0.851	-2.046	-4.280	-4.639	-0.261	3.387	3.486	1.939	11.818	5.243	10.956	19	Faces
5.139	-1.877	5.544	-3.281	-5.636	-2.684	-11.552	-3.340	8.100	-10.840	-0.604	4.004	-15.263	-11.942	-2.654	4.296	5.743	7.053	2.353	-3.486	-10.129	1.710	1.603	-4.694	2.257	6.193	-1.272	2.114	19	Faces
-10.338	-10.308	-15.862	-5.486	-6.524	-9.514	6.282	2.645	12.665	13.355	12.533	15.823	10.127	2.157	-8.004	-6.386	-4.225	-8.113	-1.394	-6.850	-4.599	0.170	2.499	9.432	4.240	14.070	12.939	15.171	19	ScrambledFaces
-8.158	-7.377	6.186	-4.739	-3.033	0.645	6.062	9.155	7.402	3.858	3.557	9.571	2.116	1.142	-12.006	-20.255	-14.032	-9.396	-13.615	-15.970	-6.890	-2.404	-7.144	4.335	8.681	9.885	7.014	11.089	19	Faces
-6.213	-6.906	-7.964	-15.889	-8.727	-11.575	-2.634	2.474	2.320	13.249	17.821	15.238	1.539	-6.853	0.209	-5.874	-5.174	-0.337	-1.534	-10.200	-8.197	-7.052	-1.143	7.038	10.457	11.462	9.241	11.636	19	Cars
3.180	7.165	0.698	9.552	0.221	3.626	3.162	-1.360	-4.857	5.935	2.427	3.770	4.746	0.795	4.434	3.950	-0.631	-2.836	3.174	-0.386	-3.393	-1.241	-0.592	2.464	-2.219	-1.974	2.585	4.116	19	Cars
-6.142	-6.320	2.152	-3.840	0.552	0.163	4.270	0.797	7.307	4.551	11.401	5.356	0.428	1.529	-4.015	-4.838	-2.941	0.094	-0.439	3.507	-3.197	-7.032	-3.781	0.989	-0.386	1.271	2.383	7.310	19	ScrambledFaces
0.762	-1.819	-8.058	-1.711	-4.272	-9.800	-2.557	-4.489	3.893	-2.917	0.283	2.412	2.778	1.470	4.383	6.487	4.175	-2.497	11.532	5.573	2.042	5.995	0.038	3.363	1.603	9.474	6.138	10.805	19	Faces
8.416	4.630	0.479	5.487	5.846	1.648	-3.632	-2.505	-7.306	-2.404	-10.629	-12.152	-5.242	-4.222	10.107	8.781	11.116	2.321	6.698	13.629	10.143	11.706	-3.046	-8.372	-11.961	-11.437	-7.418	-13.886	19	Cars
7.584	15.315	0.179	5.470	0.760	-2.473	-3.730	2.822	-1.479	-6.397	-0.908	-2.009	4.802	6.601	-3.484	2.681	3.260	0.304	7.833	7.808	10.290	3.066	-2.013	-2.720	-13.726	-6.024	0.543	-2.341	19	Faces
-1.984	-2.775	-7.955	2.092	11.356	3.075	2.583	-5.132	-2.250	6.519	7.943	-1.705	3.651	8.003	-1.821	-2.245	-3.706	-1.656	3.632	3.195	11.287	8.285	5.058	6.424	-5.233	-7.002	4.964	1.833	19	ScrambledCars
7.905	4.514	6.278	3.954	5.763	1.543	0.477	-4.134	-1.432	-2.183	-1.592	-0.347	-1.513	1.228	-3.451	3.132	-0.238	2.596	2.804	3.687	3.991	1.083	-5.727	-7.063	-13.020	-6.231	-8.337	-3.501	19	ScrambledCars
-2.679	-1.536	-0.806	-5.647	-8.716	-11.321	-4.844	-6.992	-6.291	1.615	2.748	6.722	-0.939	-0.650	-0.127	-1.372	-0.947	2.092	0.060	-0.955	-0.345	4.788	1.190	7.983	0.622	8.401	7.410	11.041	19	Faces
-2.028	6.534	-1.852	1.150	0.693	-0.958	-4.480	-8.824	-8.626	-4.668	-12.580	-11.475	-1.225	0.612	9.978	7.712	13.222	11.248	12.051	8.678	3.939	3.855	7.286	0.083	-11.170	-11.386	-10.081	-11.826	19	Cars
-0.379	-5.731	-3.110	-6.890	-8.022	-9.302	-12.134	-14.430	-5.210	-5.022	-2.130	4.613	-3.249	0.055	7.996	-3.087	8.507	11.467	5.185	-2.117	-3.706	3.600	0.848	2.804	3.617	10.147	5.311	2.904	19	Cars
-3.998	-3.491	-7.818	-2.017	-4.997	-10.276	-0.915	-8.871	-1.617	-0.257	2.935	-1.171	1.880	4.621	0.345	1.667	4.165	-0.897	9.704	5.147	2.705	3.837	5.131	2.420	7.811	8.952	3.800	1.651	19	Cars
0.254	0.932	1.321	0.292	-0.790	-5.290	-5.286	-12.190	-2.678	-5.379	-4.060	-3.873	6.815	3.170	-3.218	2.751	8.948	6.055	9.071	6.015	3.881	10.149	6.817	2.621	-5.991	-6.195	0.618	-3.454	19	Cars
14.422	10.123	10.811	3.727	-2.005	1.863	-5.332	2.002	-1.114	2.733	-2.110	1.765	-4.233	-5.691	16.079	11.299	3.707	-2.136	-4.410	4.859	1.687	-5.639	-9.024	-9.537	-12.460	-17.273	-9.848	-2.991	19	ScrambledCars
5.358	5.855	6.518	3.297	-3.437	-3.622	-3.786	2.029	0.672	4.770	3.315	-0.438	-9.521	-6.031	3.989	1.453	1.595	2.471	3.197	-1.099	-7.818	-7.835	-4.297	-5.352	-5.692	-8.361	-2.338	3.144	19	ScrambledFaces
3.262	17.207	16.696	16.200	11.300	13.656	0.597	2.909	-3.122	0.264	-2.988	3.300	-9.380	-2.258	-4.408	-3.442	-2.979	-1.105	-3.191	3.509	1.073	-0.256	-2.202	-8.886	-12.632	-15.827	-6.207	-6.602	19	Faces
-6.588	-13.420	-10.701	-6.032	-1.549	-1.506	-0.008	4.228	6.578	7.851	13.236	8.698	1.794	-0.767	-4.460	-12.142	-9.435	-8.124	2.770	-0.544	2.395	15.574	3.168	2.469	-4.519	-1.516	3.662	6.302	19	Faces
1.377	4.220	-1.466	2.105	-0.650	-1.740	0.521	5.108	-2.383	-4.800	-2.027	-6.229	1.628	3.296	4.270	5.112	3.973	-0.644	7.698	9.783	11.837	4.899	-2.021	-5.067	-13.566	-5.460	-0.091	-6.604	19	Cars
0.855	3.666	-4.171	5.743	11.256	-7.946	-2.720	-23.215	-11.598	-5.420	-4.846	-9.175	11.773	19.491	3.157	14.593	14.594	1.427	12.293	21.483	20.481	15.814	0.319	6.382	-14.657	-6.922	0.214	-5.268	19	Faces
1.470	1.440	-0.517	11.617	7.292	2.302	6.790	-4.054	4.658	3.229	3.709	1.579	9.571	16.324	-7.429	2.904	-3.017	-8.547	-0.693	2.429	9.180	1.102	-0.519	3.833	-5.725	-3.617	0.380	-0.024	19	Cars
7.084	10.032	10.241	5.095	-5.073	-0.536	-7.023	-5.429	-16.090	-6.332	-10.294	-5.511	-6.675	-1.182	2.838	5.410	6.958	10.257	7.617	5.649	-0.037	-1.204	-4.783	-8.956	-9.050	-8.540	-5.757	-1.390	19	Faces
1.361	6.943	5.759	0.243	-5.690	-6.031	-10.149	-15.995	-19.871	-9.486	-7.256	0.622	1.386	-0.763	2.111	-1.968	3.194	8.002	4.196	4.774	-0.992	3.529	9.255	4.477	-2.922	4.018	-0.233	2.808	19	Faces
4.835	1.907	2.249	2.484	5.818	-1.073	-1.533	1.651	6.404	-5.015	-1.833	-2.504	-3.947	-1.947	4.349	8.060	8.012	-1.254	4.959	5.140	3.576	-4.107	-4.508	-5.665	-9.949	-5.956	-2.362	0.306	19	ScrambledFaces
2.568	-0.412	2.586	4.661	4.743	-1.107	-1.922	-4.966	-13.363	-5.585	-5.282	-9.529	4.565	7.454	6.449	1.768	8.059	6.984	7.371	5.644	8.505	7.735	-2.627	0.308	-14.126	-22.566	-2.988	-9.958	19	Faces
-1.154	-6.180	-7.192	-3.292	-10.754	-6.452	2.081	-1.077	21.064	2.088	19.658	16.255	-1.793	-3.306	-6.097	-2.251	-1.466	-4.496	-5.011	-2.207	-3.447	-11.428	-7.403	-3.162	-1.576	6.397	7.567	14.852	19	ScrambledFaces
-2.531	-2.077	-3.670	-2.679	-2.014	-7.632	-6.433	-2.662	-1.957	0.951	0.526	0.049	-1.403	-2.311	1.950	7.605	7.323	6.537	14.262	8.735	3.837	0.193	-6.745	-2.621	-3.197	3.782	1.554	-0.174	19	ScrambledCars
6.219	-2.067	5.787	0.630	-1.606	1.029	-4.190	4.434	7.548	-1.380	4.180	-0.637	-4.103	-1.005	2.601	4.144	-6.607	-4.781	-4.354	1.341	-5.215	-7.916	-4.824	-4.874	-4.768	2.247	-6.875	1.515	19	Faces
6.040	5.030	9.866	7.127	-2.816	-0.433	-7.574	-8.896	-12.450	-11.710	-8.660	-10.814	-10.208	-7.149	8.238	7.026	13.635	13.201	12.766	0.740	-1.637	4.227	-1.397	-6.516	-8.853	-4.779	-12.780	-6.060	19	Faces
-1.064	-0.539	1.107	1.910	-6.303	-4.919	-6.141	-0.588	-2.236	-3.340	-0.850	-0.347	-5.831	-5.412	-1.504	-3.273	1.632	4.058	0.058	-2.831	-7.332	2.434	-0.217	-1.005	6.641	5.126	-2.523	2.383	19	ScrambledCars
-3.694	-8.565	2.617	-11.047	-6.780	-3.167	-8.487	7.284	4.606	-6.674	3.622	10.812	-4.927	-6.701	-3.347	-7.808	-5.081	3.516	-1.862	-12.886	-7.877	2.854	-1.018	2.659	4.473	4.339	6.488	10.967	19	Faces
2.150	-0.344	10.320	-9.318	-7.388	1.335	-8.324	7.767	-3.805	0.125	-0.253	0.746	-5.326	-3.957	2.836	-6.906	-1.832	5.505	-3.292	0.624	-2.977	-3.232	-0.482	-8.942	-7.122	-4.210	-10.573	-2.971	19	Faces
0.938	10.176	2.751	14.532	9.340	4.943	-1.336	-10.128	-5.302	-2.632	-7.839	-3.720	-1.106	0.822	5.833	17.189	10.807	-2.104	10.864	12.840	8.966	-0.741	3.764	-6.622	-8.299	-4.495	0.769	-4.786	19	ScrambledCars
-1.471	9.704	2.703	3.429	9.525	3.112	2.960	8.104	-1.288	-7.756	6.273	-2.882	-7.219	-9.613	1.045	2.113	-1.325	-2.264	1.761	0.028	-0.339	-7.036	-0.874	-10.532	-0.360	-4.639	-11.260	-3.939	19	ScrambledCars
7.240	4.948	11.050	2.034	-1.641	0.591	-6.113	4.033	2.507	-2.737	1.857	5.039	-11.095	-7.203	1.713	-0.255	-3.356	1.027	-7.282	-9.455	-7.510	-8.506	-10.631	-11.395	-10.646	-0.535	-7.896	4.079	19	ScrambledCars
-2.189	-12.928	0.095	-7.932	-8.430	-5.891	-1.369	7.302	8.155	2.359	1.464	5.046	-1.318	-0.189	1.962	-9.027	-6.492	-0.945	-4.224	-8.804	-2.778	5.819	-3.421	-0.013	2.162	6.761	-1.843	4.716	19	ScrambledFaces
4.091	2.728	9.419	6.220	-1.549	-1.378	-5.824	-7.900	-10.826	-9.983	-8.232	-6.067	-1.927	-1.528	6.775	4.024	2.973	8.134	3.926	1.014	-1.629	-0.155	5.934	1.125	-0.922	-16.269	-5.550	-9.669	19	Cars
2.704	3.261	1.369	2.992	-2.088	-1.996	-3.819	-9.038	-12.923	-3.814	2.119	3.673	2.207	-0.939	5.996	1.896	5.087	3.229	5.003	-0.754	-5.047	-3.062	1.462	1.000	0.576	3.597	6.061	10.849	19	Faces
6.405	12.708	4.309	10.101	3.550	0.028	0.675	-13.916	-3.257	0.613	3.384	1.808	-1.929	-6.483	3.878	4.403	-2.859	-0.755	0.621	1.112	-2.665	-2.103	-8.119	-5.997	-5.801	6.319	-0.388	7.678	19	Faces
-2.318	6.100	7.080	7.010	-3.031	-0.867	0.826	1.747	9.321	1.480	13.783	5.809	-8.457	-2.079	-7.506	0.888	-3.182	-4.944	-12.754	4.326	1.118	-9.093	-10.170	-8.429	-1.621	-0.414	-3.098	2.506	19	ScrambledCars
5.319	-1.891	7.946	-5.409	-8.535	-7.303	-11.022	-3.041	-7.982	-11.083	-1.997	9.533	-13.116	-8.631	8.704	-9.008	-1.677	1.747	-2.212	-13.768	-13.614	-3.054	-1.331	-4.237	14.468	4.249	-2.303	11.179	19	ScrambledCars
-3.383	-15.036	-16.939	-16.814	-13.701	-11.608	-3.836	-10.669	-5.359	7.574	6.107	19.056	9.568	5.734	4.218	4.095	-1.731	1.305	6.436	0.860	3.583	13.763	7.589	11.423	0.952	14.585	16.084	15.060	19	Cars
-11.928	-10.101	-9.197	-1.553	3.957	5.239	9.051	5.397	22.462	7.387	12.232	4.099	1.544	-3.131	-9.623	-10.550	-7.970	-5.388	-5.223	-14.061	-7.283	1.692	-2.526	1.518	5.177	8.418	9.002	11.637	19	ScrambledCars
-5.151	-2.005	-6.869	-1.450	-3.058	-12.520	-0.359	-7.303	3.373	7.983	11.964	0.418	-0.805	0.131	-2.773	-1.331	-3.699	0.221	2.761	0.833	2.177	9.574	7.019	5.425	0.394	12.240	7.191	5.004	19	ScrambledFaces
0.871	1.471	1.525	-1.261	1.402	-3.476	-3.923	6.857	10.757	-6.645	0.340	0.708	-4.554	3.183	-11.277	-4.514	-5.282	-3.577	-3.820	4.843	-0.774	-1.787	1.233	3.538	1.019	4.366	-3.072	0.958	19	ScrambledFaces
0.834	-3.558	0.800	-5.075	-3.459	-1.664	10.303	10.177	5.593	10.612	11.391	8.703	3.462	4.788	-0.985	-8.727	-10.044	-8.408	-1.863	-8.168	-3.367	-2.602	-3.036	1.587	-3.959	6.290	5.671	5.225	19	Faces
0.660	7.932	-0.017	7.551	-0.669	0.319	-2.491	-4.696	-6.762	-9.865	-8.894	-10.857	6.155	4.399	5.338	3.336	5.036	7.634	12.222	11.218	9.844	8.732	1.427	2.818	-18.027	-7.894	3.690	-8.847	19	Cars
-6.385	-13.229	-3.930	-10.242	-6.896	-9.039	-2.304	-0.854	10.834	6.860	17.768	20.037	3.608	-3.944	-13.419	-14.074	-6.668	-1.415	-3.652	-10.442	-5.840	-10.714	-5.862	0.621	-0.004	21.463	8.383	24.825	19	ScrambledFaces
-0.955	2.435	-1.689	-3.248	-7.344	-6.265	-3.744	-0.296	-3.490	-6.375	-3.556	-8.136	2.509	2.655	1.369	-1.792	2.477	9.308	5.246	-5.220	2.751	10.939	6.345	2.020	0.554	1.574	1.961	-1.313	19	Cars
7.513	-0.993	8.496	5.395	4.048	2.377	6.078	6.831	11.667	4.912	15.445	10.646	-4.699	-1.773	-7.695	-2.759	-7.631	-6.920	-7.650	-1.707	-7.097	-12.737	-12.508	-4.189	-15.878	-3.837	-2.253	2.868	19	ScrambledFaces
-4.633	1.884	-7.283	3.040	5.658	-2.802	0.033	-4.664	-6.479	0.080	-4.520	-3.123	4.843	12.011	1.800	10.802	11.289	0.467	9.605	15.497	17.139	15.297	2.229	4.166	-12.478	-11.571	0.817	-7.150	19	ScrambledCars
6.312	7.203	0.999	9.211	5.134	10.637	7.201	7.226	7.331	4.246	10.903	8.137	-2.463	-1.118	-3.314	7.661	-2.756	-9.874	-8.322	-2.696	-0.699	-11.637	-16.038	-10.224	-17.238	-6.229	-0.602	6.015	19	ScrambledCars
-12.180	-10.442	-11.847	-3.674	-8.992	-0.869	-0.924	5.544	18.013	16.182	15.703	6.047	2.238	3.110	-4.094	-3.205	1.614	-0.451	-0.015	-1.488	-1.121	3.021	-4.157	-2.016	8.481	-0.654	1.621	6.250	19	Faces
-10.900	-8.528	-17.951	-4.268	-1.554	-10.266	1.774	-2.727	0.200	8.723	4.160	2.597	6.822	7.584	-0.651	-2.987	2.466	-0.410	2.351	4.673	3.742	6.892	5.801	5.399	10.040	4.200	9.242	7.402	19	ScrambledFaces
-13.588	-11.537	-8.871	-1.436	2.547	2.164	4.394	-0.302	10.034	13.080	10.778	6.800	7.424	4.787	-12.972	-9.018	-5.167	-8.107	1.126	-3.452	4.342	5.677	-0.193	-0.987	1.336	11.129	5.826	7.615	19	ScrambledFaces
-3.270	1.679	-0.865	3.971	12.865	-1.689	2.821	-4.021	2.328	-3.877	-3.747	2.186	0.004	6.467	-8.975	-1.806	-1.000	-2.230	0.748	5.545	12.555	4.589	-2.773	4.245	0.631	1.869	-2.839	2.370	19	ScrambledFaces
3.936	-3.205	-4.145	-6.310	-5.937	-3.682	-8.547	-0.823	0.291	-7.052	-2.481	-4.449	-6.908	-1.467	6.615	3.260	1.818	4.573	0.861	0.790	1.347	-0.447	1.868	-2.364	-3.521	-6.745	1.704	-0.521	19	ScrambledFaces
-3.247	6.624	0.002	6.139	8.487	5.464	-0.477	-1.643	3.441	0.647	-0.537	13.333	-0.271	3.384	-5.938	6.695	-1.113	-10.945	3.245	18.140	10.928	-2.528	-12.939	-5.262	-12.515	-1.404	0.719	3.579	19	ScrambledCars
-3.013	-7.801	4.276	-2.742	0.053	6.199	1.960	2.103	2.731	0.247	6.669	-2.624	-2.276	0.223	0.007	-8.439	4.796	3.542	5.903	-3.166	2.931	3.702	0.075	-4.477	-7.231	-1.005	-4.397	-7.017	19	Cars
4.681	-0.467	4.864	2.622	2.776	-3.186	-0.564	1.987	2.177	-4.687	-4.789	-0.977	-7.002	-8.931	-0.235	-4.128	-4.173	1.917	-0.875	-5.929	-7.095	-2.771	1.506	2.605	5.420	8.819	2.697	2.362	19	ScrambledFaces
-6.690	-12.454	-9.107	-8.732	-4.231	-7.695	3.093	0.604	3.375	4.030	6.520	5.089	8.768	4.978	-0.577	-1.589	-1.008	4.792	5.010	-4.568	-0.001	5.153	3.548	8.687	4.673	-1.976	7.086	4.051	19	Cars
-6.919	-4.196	-2.790	-8.044	-10.271	-8.465	-4.959	3.024	11.273	-4.961	7.265	4.453	-3.323	-2.404	-1.720	-0.418	0.888	0.069	0.688	1.279	3.053	7.739	-5.410	2.237	-6.279	3.222	-3.384	0.915	19	ScrambledFaces
-6.097	-3.850	0.567	0.754	-0.145	0.437	1.826	-0.167	6.304	7.865	4.607	3.251	2.601	-2.869	-1.028	2.063	-2.269	2.531	0.194	-2.325	-3.854	2.463	8.834	-0.437	-0.845	5.505	-1.215	-2.430	19	Cars
1.723	-0.833	-2.150	4.219	2.058	-0.191	8.257	-0.244	6.282	5.222	8.177	3.955	10.119	4.392	-6.865	1.753	-5.940	-10.796	-4.510	3.904	3.347	2.108	0.525	0.474	5.711	0.210	4.248	4.463	19	Cars
0.982	1.034	-6.433	7.344	7.179	-6.651	2.902	-1.112	13.235	3.102	11.321	5.130	8.646	12.982	-8.175	5.319	-1.012	-7.852	-1.284	10.227	17.863	4.597	-4.386	2.540	-14.563	-5.678	2.638	0.417	19	Faces
9.677	3.642	3.639	-1.631	-5.771	-3.964	-9.984	-16.400	-17.551	-9.015	-9.383	-5.258	-7.342	-4.966	8.780	10.508	9.384	7.576	9.930	6.361	-3.749	5.848	-1.680	-3.843	-5.885	-3.858	-6.525	-3.511	19	Faces
-2.296	-3.743	-10.753	-6.937	-2.275	-3.894	0.370	-6.907	2.989	-0.545	9.330	4.453	0.964	3.780	1.890	-0.762	-0.614	-0.431	2.159	1.395	3.607	0.136	0.317	3.771	-1.280	9.259	5.609	7.474	19	Faces
-3.724	1.175	-3.219	0.532	-5.277	-8.163	-4.578	-10.008	-11.096	-1.098	-1.913	-4.658	-0.833	3.841	3.452	2.713	8.223	6.440	13.864	6.811	6.417	10.537	10.186	4.563	-7.428	-0.445	-1.007	-3.681	19	Cars
-10.037	-8.305	-4.774	-0.056	1.461	3.014	2.136	-1.620	6.386	3.577	12.905	6.013	-2.528	-3.086	-0.628	-0.444	6.780	1.609	1.180	-0.961	-0.101	-2.072	-3.492	-5.481	7.731	6.705	-0.476	6.610	19	ScrambledCars
-5.483	-4.541	-7.808	-1.081	-2.693	0.490	2.159	8.894	15.081	3.826	10.410	7.568	-1.713	-6.915	-14.254	-7.225	-7.162	-1.144	-0.311	-7.175	-1.779	-4.327	2.610	1.597	3.560	13.426	2.778	10.842	19	ScrambledFaces
4.403	-0.023	10.283	0.937	4.843	-4.623	0.006	-1.541	5.837	-1.306	-3.042	-7.641	-3.825	-5.238	5.787	5.830	-2.367	3.439	-0.192	3.677	-4.257	-9.754	-7.608	-6.041	-6.878	-1.642	-3.871	-3.294	19	ScrambledFaces
6.875	8.145	3.087	5.576	-1.047	-10.515	-0.182	-12.169	-0.259	-0.973	-1.351	-0.085	-3.114	2.783	9.101	14.517	15.545	-0.034	12.530	13.126	3.568	6.387	-3.674	-0.060	-11.565	-6.463	-0.135	2.761	19	Cars
-3.662	-4.496	-1.424	-2.156	11.119	1.404	-3.755	4.083	11.047	-0.738	-2.987	-7.255	-4.514	-0.433	-6.406	-5.544	4.179	-1.511	2.308	-0.023	3.610	4.891	2.436	-4.258	-2.862	-2.039	-8.838	-4.261	19	ScrambledCars
-19.642	-11.431	-8.498	-10.955	-7.859	-4.630	3.438	5.220	20.494	12.694	19.672	16.307	5.979	0.248	-5.765	-17.516	-6.966	-0.845	-7.250	-16.690	-10.777	-0.988	-2.613	6.713	8.050	13.934	7.324	15.209	19	ScrambledFaces
-9.546	-12.595	-10.552	-8.057	-1.661	-6.167	6.844	1.509	4.022	13.565	16.640	13.000	4.946	5.442	-17.432	-8.447	-10.915	-5.001	-4.400	-2.695	2.574	1.351	0.626	11.484	7.970	13.078	11.472	14.675	19	ScrambledCars
-5.671	3.475	0.277	3.786	2.587	0.085	4.057	-10.977	0.351	7.798	2.688	3.054	1.135	3.576	-10.457	-1.509	2.448	-2.541	-1.341	0.650	3.714	-1.340	0.325	5.145	4.805	3.739	2.538	7.406	19	ScrambledCars
2.609	-0.949	1.843	1.461	-2.689	0.272	-1.337	-11.414	-1.303	-0.652	-3.389	0.196	-1.106	1.815	6.277	-0.467	1.851	1.504	-1.002	0.924	-0.844	4.490	-4.719	-2.617	-9.195	3.893	-1.566	-0.953	19	Faces
-15.728	-5.138	-12.257	3.373	6.842	-1.659	7.783	-4.391	8.217	11.920	7.739	2.628	12.211	17.757	-10.732	-5.942	-3.892	-6.547	3.682	5.284	10.280	9.607	4.768	10.165	-0.777	7.257	5.579	0.899	19	Cars
30.378	9.145	10.233	0.871	-6.939	0.622	-18.363	-5.499	-9.969	-20.369	-20.744	-14.180	-18.729	-12.469	20.451	30.883	12.402	16.113	4.600	0.056	-6.991	-3.208	2.424	-12.143	-15.537	-11.581	-16.934	-12.937	19	Cars
-6.250	-7.215	-7.822	0.608	-3.303	0.732	5.780	4.391	0.461	11.435	8.276	5.944	8.301	4.578	-10.170	0.243	1.847	-2.676	7.870	2.854	4.124	11.328	3.148	2.452	6.828	-5.617	1.562	3.304	19	Cars
8.778	8.478	0.774	-0.252	-3.982	-3.243	-3.458	-2.951	-9.719	-7.340	-4.249	-4.923	-4.034	-3.885	4.657	6.367	6.693	2.461	3.271	6.344	-0.713	0.062	2.534	-2.115	-2.695	-2.308	-0.594	-3.410	19	Faces
6.206	12.063	3.553	7.325	6.324	-1.459	6.099	3.306	1.083	9.914	8.051	9.462	6.829	5.277	1.937	7.348	-0.648	-11.035	-2.987	3.574	8.410	-3.831	-11.890	-4.282	-18.781	-7.110	3.751	6.508	19	Faces
4.567	9.400	9.279	11.711	8.565	8.309	1.490	1.930	8.563	-2.285	-8.034	-3.148	-2.018	4.478	0.670	9.682	8.498	1.038	10.264	11.261	5.528	6.550	-2.151	-7.042	-15.830	-19.798	-6.850	-11.028	19	Cars
-0.104	-2.392	-3.097	2.401	1.000	-2.666	1.332	-4.127	-4.293	0.578	3.100	-0.330	6.187	-0.619	0.213	-6.006	1.175	5.451	5.058	-4.201	2.246	5.087	10.433	0.130	-3.158	-4.002	3.303	-0.587	19	Faces
2.371	4.812	-2.907	7.708	-0.513	-5.059	-10.239	-12.700	-18.731	-13.050	-10.665	-9.129	0.317	0.763	11.000	8.192	10.732	11.458	18.992	7.109	3.029	7.080	10.481	1.761	-0.234	-3.120	-3.861	-6.722	19	Faces
2.940	9.434	7.504	3.652	8.443	3.023	3.146	-4.248	-9.413	-2.495	3.087	0.499	1.197	4.876	-8.831	2.152	1.972	-1.108	-0.278	7.287	8.181	-3.681	-9.251	-2.686	-15.181	-4.051	-1.268	5.834	19	Faces
-4.180	1.143	-7.471	4.336	9.571	6.506	7.745	-5.158	7.232	2.584	-5.305	-4.051	10.439	13.144	-6.287	6.558	0.704	-6.478	7.126	18.024	16.643	10.829	1.873	3.858	-10.130	2.672	-5.415	-6.049	19	Cars
-4.487	0.022	-3.688	-7.610	-2.948	-7.659	-2.080	-6.418	-0.238	-0.276	12.189	8.141	2.818	0.985	-1.418	-3.458	-1.991	3.043	-1.446	-4.182	-4.172	4.299	1.464	4.792	8.320	3.082	1.623	6.056	19	ScrambledFaces
-4.551	-7.419	2.429	-0.591	3.215	1.660	2.050	-2.372	-0.372	5.397	6.019	2.781	2.251	-1.275	-5.369	-13.736	-11.719	5.861	-2.166	-8.373	-4.821	-1.221	-0.848	-0.233	8.802	6.043	4.117	6.444	19	ScrambledFaces
0.152	-4.275	3.430	-7.932	-8.791	-8.201	-13.718	-7.239	-3.433	-9.860	2.242	1.313	-10.556	-11.449	3.146	-3.650	4.059	4.909	-0.434	-7.892	-8.688	2.327	5.968	-2.630	2.055	7.815	-1.282	1.504	19	ScrambledCars
