FP1	F3	F7	FC3	C3	C5	P3	P7	PO7	PO3	O1	Oz	Pz	CPz	FP2	Fz	F4	F8	FC4	FCz	Cz	C4	C6	P4	P8	PO8	PO4	O2	ID	Condition
-0.088	7.177	12.910	4.353	1.662	3.731	-5.904	-0.052	-6.724	-9.639	-13.634	-6.429	-6.685	-2.543	4.932	5.201	1.903	14.843	1.287	0.570	-0.214	5.557	5.478	-2.769	-3.866	-4.433	-4.782	-4.638	20	ScrambledCars
-2.555	0.023	-4.190	-1.245	-3.006	0.461	-3.675	0.942	-0.414	-6.000	11.076	-1.431	-7.042	-6.807	7.805	-0.132	0.261	7.587	-4.419	-3.921	-4.719	-7.229	-2.496	-3.354	-7.902	-7.927	-0.463	-2.012	20	ScrambledFaces
1.205	8.426	10.639	3.823	2.351	16.667	-4.532	-6.403	-0.539	-5.115	-7.324	-3.277	-10.241	-6.092	6.787	5.696	5.742	5.716	-0.953	3.798	-0.878	-7.752	-4.373	-9.380	1.201	-5.738	-6.559	-5.760	20	Faces
-16.474	-2.178	4.376	0.041	2.352	-3.943	3.988	5.533	9.499	6.741	7.987	6.962	3.312	-3.609	-6.909	-5.248	-6.795	0.527	-11.570	-6.593	-6.832	-13.095	-8.669	1.310	2.006	15.439	2.941	6.463	20	ScrambledCars
1.985	-2.325	-0.276	-4.871	-3.199	-0.181	3.262	11.131	9.951	5.969	14.001	9.000	-2.188	-5.858	-0.629	-3.148	-5.051	-13.731	-4.009	-2.609	-5.266	-2.123	-6.158	-1.940	5.143	5.541	1.173	6.080	20	ScrambledFaces
-8.113	-1.724	-7.519	1.070	1.174	-3.685	8.501	-3.641	6.736	8.398	9.555	11.581	4.730	2.315	-0.045	-2.279	-4.544	-5.691	-6.218	-0.070	-0.364	-3.384	-10.250	4.858	-3.351	16.068	7.052	3.773	20	Faces
1.213	4.960	7.364	6.866	-0.527	4.051	-4.505	1.477	-7.828	-2.591	-0.661	-8.708	-9.018	-8.946	3.858	-0.240	6.191	7.409	3.499	-3.509	-7.660	-2.778	0.906	-5.107	-4.135	-2.563	-4.457	-6.513	20	Faces
-9.130	-3.625	-7.629	0.804	14.563	1.189	13.241	12.762	10.708	13.130	9.911	5.799	7.657	7.109	-8.250	-2.179	-7.533	-9.289	-3.872	3.404	4.755	-4.933	-12.316	-0.288	-0.246	-1.075	-1.587	2.946	20	ScrambledCars
7.985	2.627	-8.125	-2.915	-13.545	-17.838	-4.623	4.368	4.049	-2.405	3.491	6.963	0.366	-11.299	-0.626	4.389	-4.479	-12.819	-3.436	-4.783	-11.050	-5.990	-3.675	0.877	5.918	7.737	7.041	10.162	20	ScrambledCars
5.282	6.553	10.805	4.793	7.200	-7.820	-3.661	-3.151	-4.061	2.182	-0.771	-2.475	-12.035	-9.321	1.255	2.974	4.789	9.760	3.742	4.825	-3.521	-11.324	-1.387	-10.049	-2.975	2.497	-5.086	-2.953	20	ScrambledFaces
-4.514	-1.313	-1.070	0.028	2.754	-8.707	1.715	-5.645	0.362	-0.951	2.313	2.415	5.450	8.421	-4.076	-2.709	-1.513	-5.649	1.149	1.867	4.862	5.802	5.832	8.120	-4.056	13.781	0.810	1.067	20	Cars
-7.315	-6.220	-3.772	-0.673	6.782	-0.501	4.884	-3.030	7.660	4.437	6.218	4.499	7.010	6.832	-8.424	-7.154	-6.030	-11.524	-1.552	-1.924	2.966	-3.986	-2.245	3.611	10.429	-0.314	8.079	3.809	20	ScrambledCars
-0.336	-2.595	5.747	3.021	-5.402	-0.496	-1.483	-0.615	2.904	7.420	7.366	1.819	-0.476	-1.368	0.875	-1.362	-2.020	3.439	-3.273	-5.240	-3.863	-0.581	-1.906	3.708	-5.010	-8.696	5.512	2.910	20	ScrambledCars
7.343	2.325	13.099	0.630	-1.349	-0.643	-5.325	0.232	-0.543	-0.663	1.727	0.410	-9.429	-5.816	5.089	2.265	-0.508	7.903	1.234	-2.011	-3.232	-1.364	-3.710	-3.313	-7.073	-0.476	-3.484	0.745	20	Faces
-4.519	-3.964	-11.159	-2.147	-0.109	-7.349	-1.750	-3.631	-4.061	-1.175	0.805	0.079	3.208	1.498	3.062	-0.783	-4.193	2.720	-0.800	0.210	2.102	2.455	-3.171	2.726	6.853	6.918	3.768	4.582	20	ScrambledCars
8.219	2.508	-11.821	-3.808	-8.242	-5.348	-0.924	-8.127	0.327	-0.211	0.025	0.869	0.693	-3.425	-4.456	0.337	9.945	6.171	1.857	-1.236	-2.805	-2.984	0.528	-0.835	7.668	4.971	-1.570	1.465	20	ScrambledFaces
0.297	-1.605	-12.542	-0.409	4.828	0.554	4.643	-0.776	4.571	3.202	13.254	6.501	2.562	3.727	1.860	-2.145	0.506	-1.330	-0.638	-0.869	2.572	-0.709	-13.564	-4.390	-19.582	4.286	-5.169	1.740	20	Faces
5.372	0.667	17.245	-6.749	-3.238	6.386	-1.578	8.189	6.423	1.677	12.179	2.338	-13.569	-16.999	-0.838	-13.381	-7.064	4.446	-10.312	-16.976	-15.994	-11.799	-6.599	-12.648	3.141	-1.251	-2.713	-0.025	20	ScrambledCars
-3.947	-4.439	-1.930	-3.378	-2.326	4.830	1.096	6.949	14.740	8.035	12.934	8.386	-4.672	-8.632	0.190	-12.042	-11.078	0.162	-10.400	-15.438	-12.664	-7.398	-5.068	-2.310	-1.344	3.290	2.251	5.716	20	ScrambledCars
13.149	-1.095	2.771	-7.154	-9.712	-2.834	-3.708	-4.119	-0.199	1.109	5.349	5.079	0.246	-5.182	1.476	0.557	-3.776	-3.987	-0.594	-1.978	-2.942	-5.247	-2.419	2.094	5.224	11.072	4.676	7.198	20	ScrambledFaces
-7.544	-6.431	-3.987	-9.208	-5.560	-15.862	-7.303	-3.957	4.632	2.673	8.613	5.668	-4.202	-7.591	5.104	-9.812	-8.413	10.371	-4.360	-9.731	-6.934	-2.146	4.955	2.396	11.276	12.843	7.180	8.855	20	ScrambledCars
-2.489	-9.753	-7.299	-1.379	6.666	-6.890	10.859	-5.671	4.950	10.841	10.736	5.858	12.520	13.259	-10.408	-6.501	-14.278	-20.097	-11.885	-1.622	8.858	-6.316	-10.429	5.208	9.342	7.140	8.101	5.690	20	ScrambledCars
-1.681	-3.755	-7.682	-0.931	4.565	5.183	1.878	-3.653	0.726	3.009	4.668	2.026	-3.421	-0.875	-3.180	-3.108	-1.230	-0.234	-1.267	-3.794	-6.360	2.115	2.845	3.380	8.274	17.510	2.416	3.503	20	ScrambledFaces
5.516	-1.336	-2.955	3.934	0.910	3.637	1.236	-7.817	-1.523	-2.350	-2.496	4.856	-1.123	0.548	4.392	0.794	-0.650	-3.629	0.691	6.254	4.137	1.304	-5.128	0.371	-7.907	1.705	4.073	4.586	20	ScrambledCars
3.468	2.632	-2.523	1.970	5.226	2.972	8.143	-0.312	4.371	9.056	6.588	4.333	5.547	3.090	-7.124	-0.660	-8.001	-2.358	-9.327	-3.310	-0.395	-8.868	-17.234	-1.239	-2.396	0.531	2.638	1.304	20	Cars
-0.273	-1.143	0.711	-2.359	-2.928	3.388	-1.940	3.183	6.260	-10.076	2.737	3.791	-8.492	-10.348	3.978	-5.186	-2.742	2.390	-1.915	-5.792	-7.270	-2.066	4.280	-4.123	3.932	2.867	-6.432	-3.402	20	ScrambledCars
-6.174	-11.446	-9.175	-4.298	10.541	-4.648	13.341	9.776	13.632	17.301	13.643	11.889	8.255	2.250	-13.236	-11.845	-11.397	-9.835	-12.796	-6.214	-2.352	-12.017	-11.602	3.739	-2.156	7.918	9.324	14.516	20	ScrambledCars
-1.708	-2.452	4.057	-0.530	9.690	18.359	7.474	0.253	2.319	4.495	0.661	-0.612	6.194	5.917	-6.918	-4.647	-4.865	-0.263	-5.719	-2.755	0.738	1.376	-4.455	1.400	-8.033	-1.249	5.754	0.408	20	ScrambledCars
9.048	-4.894	5.226	0.584	-4.676	2.825	-0.762	-9.748	-12.870	-3.121	-8.646	-3.499	2.972	-0.293	-1.300	-3.161	0.522	5.447	-0.034	0.256	1.541	0.838	10.862	9.186	7.822	6.720	8.629	3.756	20	Faces
-2.641	-11.010	-11.707	-4.894	-4.645	-7.003	6.246	4.053	5.395	9.156	14.892	9.788	13.970	6.591	-6.200	-8.335	-3.401	-9.278	-5.452	-4.914	2.810	-1.365	-6.353	7.875	0.549	7.156	11.998	9.347	20	ScrambledCars
-7.841	-5.339	-4.408	-0.896	-0.829	7.087	3.470	-6.144	-1.604	4.889	-2.950	5.106	8.028	2.017	-0.568	-2.445	-2.091	-6.802	-3.347	-0.547	0.904	-4.928	-3.673	5.870	12.003	8.295	13.323	5.878	20	Faces
-10.283	-3.678	-3.114	-1.048	3.725	2.010	4.942	1.454	3.067	9.247	-2.253	0.147	0.801	4.478	-2.806	-5.730	-0.396	2.856	-4.407	-1.356	0.100	-6.023	-4.075	-0.164	-6.094	8.099	-0.933	-0.175	20	ScrambledFaces
7.849	-1.923	9.178	-3.254	-2.923	6.331	0.736	7.357	7.047	5.590	13.201	10.995	-2.955	-4.965	-1.934	-6.183	-10.513	-13.600	-10.761	-4.738	-6.473	-10.197	-13.106	-0.051	3.932	6.676	3.581	11.566	20	ScrambledFaces
-7.894	4.554	-9.069	0.943	2.670	1.692	1.519	-4.013	-4.384	-1.013	0.715	-0.838	6.623	5.903	-0.468	0.278	4.433	-6.136	1.720	3.750	4.258	3.616	-3.898	5.858	0.600	0.356	6.607	4.109	20	Faces
-2.491	-4.641	4.756	-1.772	-3.183	-0.918	4.141	7.580	9.924	6.336	14.295	10.320	-3.311	-6.920	-2.011	-10.109	-5.474	-2.444	-7.751	-14.233	-9.387	-12.409	-5.218	-0.265	-3.703	4.323	3.014	5.005	20	ScrambledCars
-5.532	-5.642	-5.575	-2.424	2.552	5.533	11.209	4.050	7.641	8.926	10.659	1.673	6.052	7.808	-2.588	-5.070	-6.146	1.117	-4.580	-2.719	3.134	-2.666	-7.250	-1.048	-3.442	-3.083	1.713	-2.457	20	Cars
-0.457	-7.493	-4.771	-4.165	-9.876	-5.783	-2.338	1.210	2.900	5.119	8.070	9.217	-2.729	-2.724	3.987	-7.014	-10.720	-5.919	-12.634	-7.518	-6.451	-6.870	-6.868	0.301	3.781	12.517	5.477	12.163	20	ScrambledFaces
-7.061	-4.948	1.757	2.591	7.932	5.014	3.461	-0.860	1.190	5.002	1.901	2.912	7.385	12.096	-1.929	4.819	6.083	-8.526	5.239	11.874	10.863	1.187	2.205	2.912	-2.203	-7.784	2.318	-0.363	20	Cars
5.840	-5.359	-11.514	1.725	-0.898	-7.677	4.649	6.624	12.181	6.301	9.993	4.982	-2.324	-3.399	-5.749	-5.944	-3.447	-2.549	-4.754	-7.068	-3.373	-2.923	4.177	1.381	-1.121	-3.068	3.272	2.883	20	ScrambledCars
2.369	3.822	0.974	2.161	0.641	-1.990	-6.556	-11.662	-9.338	-7.459	-3.195	-8.615	-9.619	-1.426	8.060	5.217	6.586	21.240	5.918	7.317	2.944	8.051	2.673	-0.585	-1.035	0.480	-6.997	-8.215	20	ScrambledFaces
-5.193	-5.858	-13.362	1.351	2.605	-15.557	16.814	0.376	11.254	11.757	9.680	8.703	14.028	10.828	-14.001	-4.404	-3.612	-7.315	-1.353	-1.715	2.906	-0.216	-9.891	5.738	6.887	-0.514	5.868	6.494	20	Cars
-10.869	-0.650	-2.132	2.296	7.134	3.778	1.609	-3.596	-5.426	5.535	-6.751	0.061	2.958	1.076	-1.070	-6.984	-4.794	7.969	-6.406	-4.429	-1.143	-6.812	-5.504	-0.923	8.344	-3.915	1.431	5.348	20	Cars
-4.549	-9.726	-4.712	-5.161	-9.071	-0.511	-0.635	-1.213	-2.617	-1.227	-0.829	-3.813	1.428	2.133	8.219	-5.877	0.032	12.726	3.234	-1.167	2.896	-0.334	0.962	-2.222	4.730	-4.616	-1.480	-3.249	20	Cars
7.473	3.759	4.298	7.133	5.565	3.953	1.387	-1.457	-1.921	-0.360	-0.422	0.256	-0.880	-2.338	-2.542	-1.412	-2.195	5.040	-1.370	-1.900	-4.632	0.961	-5.534	-7.326	-2.488	-2.335	-5.412	-2.667	20	Cars
-5.002	-5.357	-13.959	-4.655	-2.231	-1.738	6.711	-7.885	3.279	8.257	7.827	2.624	10.521	11.695	-2.543	0.398	-0.523	-7.318	-5.449	3.667	9.521	-2.476	-10.427	4.992	2.553	1.233	2.292	1.003	20	ScrambledCars
1.463	-2.496	-2.965	-1.564	4.990	-11.770	4.246	3.391	3.414	7.942	7.001	5.980	5.259	0.318	-5.462	1.410	-7.097	-4.788	-3.190	-4.182	-0.861	-1.690	-3.754	0.417	4.241	5.921	3.630	5.483	20	ScrambledFaces
13.858	-1.253	6.895	-8.734	-5.168	-11.632	-6.591	-10.374	-8.841	-4.725	-1.969	1.467	1.790	1.996	-2.117	5.930	4.401	0.926	1.435	4.192	1.917	8.172	6.671	5.192	6.095	-1.075	2.238	0.987	20	Faces
-5.075	2.211	2.398	1.959	-0.336	7.350	2.498	-1.600	-2.848	-2.388	-5.273	-0.220	1.954	-2.745	2.317	-0.589	-5.319	-5.524	-4.570	-1.759	-1.610	-7.946	-6.225	-0.559	-4.094	5.925	0.804	1.479	20	ScrambledCars
13.758	9.073	10.152	10.213	-8.159	1.520	-11.706	-9.212	-11.375	-18.994	-18.875	-13.775	-19.544	-14.471	5.999	8.561	12.627	11.010	4.514	1.681	-6.295	3.319	-1.762	-8.031	5.460	-0.815	-10.542	-8.673	20	Cars
27.077	13.154	11.788	1.552	-2.830	7.233	-7.086	-8.201	-4.608	-9.109	-1.738	-7.998	-11.033	-6.863	-0.336	15.994	10.544	9.209	3.414	5.814	-1.391	-6.939	-8.862	-8.747	-12.606	-6.407	-7.526	-8.042	20	Faces
-3.762	-0.248	-6.466	1.493	4.775	-12.067	8.828	5.809	7.188	10.340	11.377	3.764	7.916	2.423	-9.210	-1.500	-4.422	-1.508	-5.173	0.520	1.503	-6.842	-4.762	1.630	3.759	0.168	7.539	4.798	20	ScrambledCars
-2.414	-8.480	-10.429	-9.061	3.013	-6.365	2.634	-2.803	-0.073	0.537	8.443	3.323	4.057	2.062	-2.063	-8.655	-4.217	-6.792	1.466	-2.824	0.823	2.672	2.567	7.900	3.087	4.877	8.326	7.603	20	ScrambledCars
0.858	-1.178	4.401	0.029	1.318	-4.879	4.173	-6.299	1.589	5.017	5.932	3.191	7.579	8.147	-6.053	0.606	-6.159	-5.851	-2.767	3.687	6.521	-0.996	-3.534	5.776	1.734	-1.638	5.124	6.335	20	ScrambledCars
3.991	0.749	-15.162	0.280	6.142	-12.343	2.527	-7.730	-6.451	-0.712	-8.575	4.083	10.209	11.583	-4.900	1.784	0.448	-5.774	6.380	6.891	9.725	4.424	0.479	8.608	4.688	9.323	8.875	1.858	20	ScrambledFaces
-7.338	1.966	-0.053	-0.193	-3.283	-9.482	-5.128	-11.307	-6.170	-5.596	2.626	-3.790	-0.775	-0.364	2.720	7.295	13.122	8.558	4.185	2.684	0.171	-3.223	-1.489	-0.493	-3.655	6.631	-3.818	-1.174	20	ScrambledFaces
-4.075	-5.439	-11.875	-7.955	5.773	-3.274	6.960	0.733	0.352	2.736	0.971	-0.036	0.634	4.926	-3.209	-5.708	-6.470	-2.791	-3.621	-1.964	2.332	9.441	-0.577	5.812	10.463	9.828	3.649	1.979	20	ScrambledCars
-1.113	-6.072	-3.884	-5.990	-5.711	-5.795	-2.778	-4.586	-2.785	0.610	-4.842	4.593	3.932	3.464	0.602	-3.051	6.026	-2.009	4.058	-1.643	-0.008	3.166	1.865	4.376	2.555	-2.663	1.592	1.121	20	Cars
6.353	-0.375	8.188	-1.219	-2.382	-7.568	-2.648	-3.826	-8.573	-7.801	-6.012	-4.588	-8.525	-3.456	5.522	3.156	2.130	5.702	3.155	1.806	0.525	-2.458	1.867	-3.472	4.429	-0.805	-4.807	-6.621	20	Faces
-3.729	-3.843	-1.225	0.982	-0.106	1.793	7.403	-0.598	3.322	1.612	1.718	-2.735	7.822	10.536	-3.610	-0.082	-4.515	-6.286	-2.262	1.438	9.240	1.438	0.846	2.748	1.342	-6.967	1.576	-3.536	20	ScrambledCars
-0.349	0.340	-5.098	-5.315	-0.127	-8.200	1.162	-7.606	-2.394	0.549	1.948	1.087	4.735	4.666	-3.473	3.645	-0.156	3.042	1.084	0.255	1.558	-2.767	-0.044	2.742	15.191	-0.654	3.855	-0.214	20	Cars
6.951	-1.150	3.960	-6.682	-5.189	-4.800	-8.484	-1.312	1.717	-1.070	8.274	4.248	-9.910	-12.587	2.704	-2.297	-0.885	-5.928	-2.433	-4.451	-11.576	-9.536	1.223	-4.458	7.160	3.884	4.801	7.487	20	ScrambledFaces
8.080	-2.148	-4.243	-7.716	0.905	6.463	6.869	9.320	3.592	5.287	9.118	6.309	4.770	3.108	-5.056	-11.173	-12.972	0.154	-5.951	-10.952	-6.664	-12.557	-2.868	-1.967	-2.809	-1.451	3.200	3.125	20	ScrambledFaces
0.165	8.530	9.438	8.699	-0.138	-4.639	-3.670	-3.540	-5.425	-0.666	1.914	2.808	-4.992	-3.097	3.726	3.410	11.348	9.231	3.925	0.470	-3.654	-4.980	-6.512	-8.559	-5.981	-6.423	-7.315	-3.792	20	Faces
-0.937	1.844	6.559	0.203	4.153	0.362	3.900	-0.692	0.518	2.350	-2.241	5.164	1.315	2.814	-1.886	1.942	1.053	2.614	1.400	1.540	1.768	5.126	2.860	2.586	-1.140	3.424	1.252	4.074	20	Cars
3.496	-4.430	0.108	-6.582	-0.586	8.181	0.263	-4.585	-7.127	3.886	-0.917	2.537	0.859	-5.834	1.541	-0.264	-3.300	1.182	-2.076	-3.898	-6.240	0.160	-3.124	2.080	2.135	9.992	-1.891	2.880	20	Faces
-1.638	-3.059	-9.327	-1.627	-4.276	1.159	-2.252	-0.124	-0.002	-1.011	3.199	-1.103	1.866	1.464	1.756	0.218	3.605	-3.446	2.172	-1.437	0.146	6.370	4.399	4.046	2.064	-0.018	7.115	0.638	20	ScrambledCars
1.195	-5.305	-1.121	3.820	-6.587	-0.049	5.665	-0.427	5.501	-3.141	6.761	3.033	0.487	-1.481	-3.256	-5.670	-6.638	1.427	-8.475	-3.923	-0.884	-6.664	1.059	3.417	10.627	4.664	-1.588	1.704	20	Faces
-2.814	-2.220	-0.585	-1.306	5.501	-0.671	3.324	-11.809	-8.818	4.817	-2.367	3.491	9.287	7.530	-1.357	-0.669	0.287	-6.713	4.187	2.178	3.442	3.756	5.900	7.266	0.441	-4.208	7.290	5.243	20	Faces
1.128	-3.626	-10.675	-2.580	-3.675	-11.638	4.274	-5.940	0.143	5.219	3.651	9.324	6.548	3.284	0.373	5.623	4.925	2.144	-0.888	6.624	2.398	-0.237	-4.889	1.459	-4.042	1.983	7.592	6.965	20	Faces
-9.579	3.590	5.323	6.958	10.547	3.621	10.563	5.656	5.501	7.449	1.245	-0.068	2.793	3.956	-7.267	-1.847	-1.741	-5.344	-5.819	-1.112	3.124	-12.038	-12.376	-1.227	-1.899	-2.935	-0.657	-2.414	20	Cars
-53.385	1.709	-7.419	4.474	8.110	4.565	-1.873	-6.658	-5.313	0.103	-9.407	-9.306	-0.999	5.640	19.778	8.264	11.378	-1.941	5.192	8.811	9.690	11.427	7.952	4.049	3.182	0.950	-1.822	-4.955	20	Cars
4.796	-4.314	4.876	-3.351	-5.858	2.505	-2.112	-2.510	4.096	3.250	5.357	-0.484	-5.456	-6.555	1.452	-6.413	-5.008	2.561	-1.765	-8.907	-6.419	-5.241	4.037	-2.298	-2.596	4.862	-2.208	1.867	20	ScrambledFaces
-0.987	-1.689	8.232	-3.140	-7.857	4.792	-0.302	9.229	6.251	-1.035	8.963	-0.352	-3.887	-4.968	-0.157	-4.751	-3.055	0.213	-7.011	-7.086	-6.236	-8.065	-5.961	-7.433	0.629	-4.734	-5.402	2.724	20	ScrambledFaces
-0.203	-4.016	-8.795	-9.872	-5.294	2.950	6.169	-0.440	-2.565	7.950	11.100	7.401	2.647	-3.532	-0.992	-7.444	-1.883	-2.008	-5.579	-11.866	-7.767	-5.057	0.447	4.736	13.344	3.784	7.243	5.373	20	Faces
3.169	3.294	6.642	-0.198	-11.104	-6.111	-8.441	2.838	0.080	-7.699	0.618	-0.536	-9.397	-12.561	7.495	-1.735	4.329	10.737	8.133	-1.074	-6.747	-1.213	-2.049	-3.514	3.807	2.096	-4.550	0.341	20	ScrambledCars
-3.910	-2.006	-2.576	2.279	3.880	5.230	5.312	3.769	3.746	5.931	7.512	-1.012	3.778	4.680	-0.630	2.222	-1.258	-6.732	-1.725	3.375	5.447	-2.205	-5.702	-2.593	-2.090	-1.970	-2.494	-2.602	20	ScrambledFaces
-3.789	3.039	-9.312	6.460	-0.090	6.189	-2.082	-7.306	-5.575	0.552	-1.231	-1.258	4.506	10.001	5.312	2.911	-0.837	-6.813	0.606	4.939	4.808	-4.303	-3.710	3.720	-5.309	4.528	3.442	1.406	20	Cars
5.346	1.700	6.051	-4.776	-0.458	3.318	-2.807	2.088	0.262	-1.860	12.858	2.280	-11.497	-13.708	1.433	-4.980	-2.838	5.225	-10.404	-8.731	-11.408	-9.239	-11.916	-9.426	8.941	0.815	1.848	7.325	20	ScrambledCars
-1.376	1.196	3.782	-4.857	-5.858	-4.840	2.483	-1.473	-2.087	2.554	-0.109	-7.169	2.515	2.772	-0.482	3.508	-0.395	7.087	1.612	6.684	4.601	4.502	-1.852	3.627	3.708	-2.720	-3.786	-3.966	20	ScrambledCars
-2.171	-1.287	4.621	-5.306	-0.567	4.584	-5.858	1.774	-1.121	-1.126	-3.172	0.045	-4.525	-4.477	2.273	-6.164	-4.978	8.080	-5.446	-3.233	-5.262	-8.298	-3.427	-3.692	1.535	0.862	0.794	1.376	20	ScrambledFaces
-3.654	-9.250	4.609	-5.667	-2.485	-3.756	8.586	3.429	11.522	11.158	13.708	9.473	4.337	-0.909	-10.250	-17.686	-16.815	-7.332	-9.579	-17.331	-10.162	-3.591	-2.117	4.832	11.465	6.447	5.637	8.706	20	ScrambledFaces
-26.774	-3.496	-11.258	-3.021	-1.790	-17.885	5.593	4.041	2.128	11.111	8.230	3.491	7.188	6.827	2.185	-2.754	-2.258	-2.942	-3.493	-2.490	0.075	4.962	-6.138	10.470	5.072	6.119	12.208	9.277	20	ScrambledCars
1.679	-6.453	-1.248	-8.446	-13.486	-11.788	-10.060	1.550	4.654	-5.766	-4.514	-1.300	-8.804	-9.937	1.350	-6.889	-3.115	16.342	-1.117	-10.150	-12.565	0.511	8.637	1.955	9.213	14.751	1.738	2.279	20	ScrambledFaces
6.684	-4.839	-12.234	-5.581	-12.281	-3.237	-0.786	-2.290	-2.672	0.709	-2.669	6.880	-4.542	-5.455	11.365	0.263	2.397	-3.004	1.861	0.050	-1.774	-5.077	1.768	-1.151	-3.640	4.201	0.477	2.671	20	Faces
-1.975	4.193	1.725	3.308	3.894	0.479	2.509	-8.267	-2.917	-0.073	-4.948	-2.466	8.967	9.904	-4.295	8.322	5.390	-1.103	2.991	7.632	8.953	0.928	-0.870	7.468	-10.491	-10.365	3.698	-2.363	20	Faces
1.372	3.221	22.055	-6.545	-21.174	-15.272	-17.878	-5.507	-6.005	-8.428	-7.994	-2.397	-11.241	-12.459	8.179	0.938	5.516	14.572	3.313	-4.001	-12.391	-5.277	-1.127	-5.588	5.714	4.846	-3.530	-0.177	20	ScrambledCars
-2.821	-6.474	-17.699	-7.836	-1.130	0.032	2.517	1.895	5.027	6.450	8.047	9.942	11.944	6.863	-4.966	-6.122	-2.988	-12.080	-3.860	-4.056	0.259	1.158	-0.848	10.077	5.755	1.147	14.127	10.395	20	ScrambledCars
3.256	-4.301	-10.057	-0.284	-1.239	0.546	3.904	5.810	5.052	4.872	16.109	8.485	-1.704	-10.318	-3.620	-11.339	-3.009	-1.153	-7.317	-9.284	-10.989	-4.135	-4.272	-1.545	1.988	10.336	4.805	9.331	20	ScrambledFaces
-11.229	-8.621	-2.402	-5.247	-1.302	-1.597	7.635	4.161	3.985	8.658	12.857	3.058	8.972	10.919	-5.292	-9.726	-3.503	1.880	-5.570	-3.202	3.952	0.029	-6.937	5.947	9.874	-1.643	5.968	3.008	20	Cars
-5.729	0.417	5.777	-2.286	-1.811	7.695	0.567	3.468	1.828	-3.545	-2.117	-3.461	-10.786	-8.868	5.306	4.858	-0.456	9.284	-4.416	-4.205	-8.997	-4.478	-0.627	-7.863	-1.717	-4.082	-6.285	-7.994	20	ScrambledCars
-2.834	-2.253	1.988	-0.388	7.703	1.509	8.458	-3.258	-3.271	-1.273	0.333	0.274	6.111	4.793	-6.537	-1.978	-4.858	0.936	-0.909	-2.922	0.005	2.716	-1.280	5.529	-6.061	2.967	10.384	3.671	20	Cars
2.098	2.157	11.378	4.303	-4.643	-5.649	-1.069	0.124	5.474	3.138	1.751	4.175	-4.215	-4.378	-0.166	2.037	-2.957	-11.216	-8.712	1.568	0.265	-9.071	-8.246	-2.720	2.953	5.367	0.521	5.061	20	ScrambledFaces
-1.077	-1.487	-6.865	0.649	1.361	-1.634	6.358	-3.627	1.968	2.785	6.377	1.619	12.724	14.156	-2.930	1.118	-1.803	-3.187	-0.188	6.589	15.163	-0.487	-0.327	4.327	1.118	2.025	6.045	3.711	20	Faces
7.756	6.442	6.882	-4.709	-3.940	-5.150	-1.417	12.996	-0.046	0.386	4.129	1.984	-8.046	-8.871	2.992	-2.250	-0.524	1.413	-0.716	-8.285	-8.122	-6.939	-6.647	-7.059	-2.301	-0.878	-1.796	-0.148	20	ScrambledFaces
-2.844	-3.457	10.369	-3.319	3.637	8.133	-3.400	4.091	0.161	-5.089	-3.969	-3.074	-5.638	-7.094	4.294	1.345	0.708	9.284	6.872	-1.912	-4.587	1.775	9.146	-1.974	-3.064	0.948	-2.417	-1.613	20	Faces
-14.453	-5.816	-10.103	0.282	7.143	-1.149	4.393	-7.298	-2.224	1.775	-3.352	-6.566	12.096	12.055	-4.661	3.289	0.468	-2.986	2.777	6.084	10.103	8.069	0.730	6.155	1.183	-3.614	0.710	-1.286	20	Cars
-2.374	10.056	6.901	8.130	6.507	0.994	0.356	-5.498	-4.749	-0.651	-0.904	2.168	-0.259	-1.637	0.935	4.437	3.659	4.378	3.296	6.409	0.136	2.311	-2.215	0.635	-3.122	-4.113	-1.004	-3.562	20	Faces
-2.910	3.770	8.815	0.235	-6.243	5.761	-1.375	6.141	3.445	-4.377	3.869	3.819	-1.679	-7.356	2.326	-0.665	-2.776	-3.478	-3.518	-5.987	-9.458	-8.496	-5.914	-4.472	-2.007	-1.837	-3.245	2.381	20	Cars
-11.314	-13.187	-20.000	-7.607	-0.292	-4.184	4.687	5.019	8.727	6.295	5.902	1.939	3.149	-0.903	-6.261	-12.346	-6.155	-3.517	-4.532	-11.402	-4.896	-3.290	-2.507	5.330	14.363	0.797	5.094	8.289	20	Cars
-2.209	-2.111	-9.376	-1.679	-6.624	-15.866	-2.993	-5.450	-0.583	3.403	7.017	3.038	2.209	0.630	4.170	-1.003	-0.208	-1.062	-1.852	-1.886	2.132	1.257	-0.434	1.032	3.943	6.429	0.388	1.555	20	Faces
-12.370	-4.276	-3.320	-4.807	1.267	-2.267	6.488	3.321	14.038	8.395	8.756	9.827	3.788	-0.764	-4.874	-4.861	-8.797	-8.690	-11.033	-6.665	-3.954	-15.365	-13.307	-0.164	-2.145	8.502	1.689	5.374	20	ScrambledFaces
7.291	0.497	6.669	-1.100	0.553	-5.555	-1.480	-4.659	-4.316	-7.960	-0.855	-7.898	-4.883	-2.513	-1.461	4.414	8.160	16.376	10.550	5.033	0.447	6.822	8.121	-3.150	3.749	-14.808	-5.468	-7.508	20	Cars
4.458	2.854	4.865	2.419	-0.175	10.260	-2.676	-3.961	-5.815	-5.884	-4.441	-5.759	-4.324	0.296	4.346	2.699	6.516	-0.545	4.178	2.634	2.412	-0.445	2.623	-3.764	-4.856	-8.694	-4.535	-8.251	20	ScrambledFaces
-5.808	1.364	4.840	1.625	2.964	-8.229	7.312	-0.974	2.367	2.549	5.717	0.951	6.200	9.861	-4.672	3.045	1.748	0.360	0.786	2.934	5.959	-0.314	-6.100	2.303	-0.770	-6.902	-0.076	-1.481	20	Cars
2.479	2.774	-8.514	5.164	-2.984	-1.041	1.052	-8.562	-6.198	0.652	-10.160	-6.733	6.468	11.012	1.487	6.940	8.119	5.099	6.672	7.601	11.886	4.781	3.680	5.711	-13.430	-7.789	0.239	-6.366	20	Cars
-15.764	-4.015	-11.866	-3.341	1.286	2.767	9.065	-0.017	1.357	12.346	13.824	5.133	11.858	4.661	1.991	-4.160	-6.702	1.959	-4.158	-5.058	-2.809	-6.392	-2.161	6.099	-6.231	5.415	13.216	5.600	20	Cars
0.935	-0.372	8.953	-4.420	-3.837	-10.406	-2.906	7.895	3.611	8.590	-0.207	3.260	-0.316	-1.834	-5.434	-2.418	-2.733	-3.592	-5.431	-0.421	-4.456	-6.406	-2.358	1.323	3.378	8.487	2.172	3.346	20	ScrambledCars
13.890	5.423	3.997	2.947	-0.107	-0.277	-1.711	-9.995	-8.522	-0.327	-4.880	-2.569	-5.369	-1.839	1.711	8.235	6.556	-3.160	4.129	8.591	1.917	-0.414	-4.307	-6.566	-2.752	-4.646	-1.871	-3.601	20	Faces
-7.201	-3.264	-3.025	-1.179	3.501	-3.620	1.613	-4.902	-2.449	0.427	2.313	2.518	1.647	2.518	-1.325	-1.360	-0.949	4.824	-0.107	-2.095	-0.907	0.299	1.444	8.049	4.406	4.483	4.981	5.252	20	ScrambledCars
-3.707	0.330	2.741	4.396	9.158	6.545	16.216	3.847	-0.245	8.604	4.151	2.712	15.138	14.192	-9.792	-6.459	-10.318	-12.604	-4.204	-0.744	7.119	-0.783	-6.456	6.799	-7.074	-5.740	5.940	-0.042	20	Cars
4.488	-1.770	6.492	-4.709	-9.890	-9.573	-1.457	2.775	5.511	4.904	9.563	1.219	-11.232	-12.383	1.665	-2.198	-1.257	10.168	0.264	-6.580	-12.056	-5.735	0.122	-5.250	-0.035	12.299	-3.594	1.130	20	ScrambledCars
-8.177	-1.601	1.183	2.852	-0.974	6.051	-0.457	3.945	6.980	2.809	9.175	9.640	-3.338	-5.591	5.145	-4.638	-4.978	-2.441	-6.760	-6.221	-6.912	-7.453	-4.382	-3.252	3.521	5.325	0.514	8.502	20	Faces
5.629	6.037	6.200	-1.959	-13.525	-1.172	-11.979	-1.631	-1.560	-6.456	-1.728	0.486	-11.605	-13.206	11.024	7.554	6.269	8.529	-4.034	2.571	-6.510	-12.982	-7.230	-9.581	-1.056	-5.674	-5.670	-2.990	20	ScrambledFaces
-6.429	-10.559	-15.183	-8.822	-1.576	-7.968	6.425	1.645	6.681	8.178	13.069	4.444	8.370	2.142	-5.492	-12.830	-5.401	-2.194	-0.689	-10.704	-3.473	10.556	9.509	9.932	6.800	4.635	10.574	-0.705	20	Cars
-13.674	2.291	-2.134	9.288	8.517	-0.628	7.945	3.821	6.390	4.282	-4.378	-3.891	8.071	8.241	-9.576	-4.252	-7.223	-5.564	-6.060	1.214	2.412	-3.935	-2.736	2.610	-2.360	-1.919	2.125	-2.028	20	Cars
5.442	8.072	4.151	3.254	2.044	-2.056	3.663	-1.627	0.791	1.315	-0.755	1.078	0.105	0.857	1.325	9.828	7.273	-1.794	2.464	10.609	7.056	-8.536	-8.544	-8.589	-21.076	-7.019	-8.189	-3.554	20	ScrambledFaces
2.576	3.293	1.436	3.221	10.186	9.405	3.110	-3.738	-6.500	-0.241	-6.254	-7.978	-4.581	4.562	-0.229	8.138	5.309	-6.372	6.557	7.028	6.381	5.699	3.685	2.222	1.382	0.404	-1.262	-2.741	20	Faces
2.658	-2.691	-16.717	-2.534	8.488	10.771	8.106	0.784	4.276	6.307	8.869	10.754	13.198	12.440	-7.301	-3.738	-6.526	-12.002	-7.789	-3.115	5.723	-1.813	-10.386	5.325	5.969	2.068	10.902	8.969	20	Faces
0.233	0.610	10.524	-1.241	-1.039	-1.728	-2.915	-3.344	-0.885	-1.969	1.180	-0.177	-3.159	-2.123	-0.767	1.128	-0.006	1.374	-0.974	2.225	-0.298	-2.005	-1.672	0.847	5.139	0.256	-0.796	-1.088	20	ScrambledFaces
1.075	-2.062	8.797	1.765	5.088	3.366	-3.426	0.624	0.292	1.053	0.991	-0.545	-7.643	-8.159	-1.193	-7.303	-0.204	4.503	-6.141	-3.726	-6.700	-9.201	-3.804	-10.762	0.291	-2.216	-7.272	-1.275	20	ScrambledFaces
-11.765	0.714	3.325	-1.040	7.616	4.000	6.769	12.000	12.078	7.087	8.751	7.548	7.530	1.821	-8.980	-8.034	-7.426	-14.471	-10.092	-6.039	-1.629	-7.515	-5.297	0.340	-5.672	4.451	4.509	6.878	20	ScrambledFaces
-2.661	-6.003	-0.202	-5.705	0.346	2.132	0.208	-3.388	-2.144	-0.406	-0.743	3.672	2.760	5.063	1.189	-6.637	-5.340	-4.348	0.250	-1.269	1.156	2.478	-4.383	3.403	5.282	8.034	3.831	7.510	20	Faces
-0.601	2.428	7.552	0.061	7.833	4.179	-2.040	0.914	-3.400	1.504	2.059	-0.114	-9.723	-9.115	2.827	-1.135	-5.401	3.876	-2.821	-7.533	-8.128	-4.931	-1.451	-6.278	1.294	-1.434	-6.307	-1.707	20	ScrambledCars
13.255	1.347	2.627	-0.106	-8.240	-14.180	-9.971	-10.734	-15.285	-7.132	-7.296	-2.642	-7.094	-3.117	6.418	6.495	6.293	5.693	3.666	4.310	2.183	1.518	3.453	3.354	6.743	4.666	3.415	1.935	20	ScrambledFaces
3.142	8.723	-8.206	6.155	5.767	-2.196	-6.658	-1.110	3.165	1.496	-6.432	0.947	-1.266	1.262	1.232	8.785	4.262	-8.141	2.078	11.045	4.098	-1.169	-3.194	-1.131	-12.109	-1.333	-1.537	-1.088	20	ScrambledFaces
16.167	-1.801	10.050	-0.404	-0.049	0.828	1.973	0.395	-1.513	0.893	-3.248	-0.061	-4.165	-7.892	-8.287	-1.321	-2.525	2.996	-3.862	-4.863	-6.289	-4.942	-4.557	-1.742	3.918	-1.513	-0.073	0.763	20	Cars
0.264	-1.018	-0.475	-3.898	-4.549	0.042	-2.410	3.762	3.372	2.033	-0.107	-2.134	-0.978	-1.575	0.799	0.351	0.293	1.423	-0.340	2.268	-0.437	-4.743	-0.932	-1.473	-3.390	-0.173	2.496	2.222	20	ScrambledFaces
9.391	-2.254	-3.236	-8.107	-3.836	2.802	-0.995	-4.212	-4.383	-1.432	-4.742	4.439	4.182	0.790	-1.502	-2.044	-0.651	4.767	-1.255	-0.559	0.728	1.699	-3.507	8.037	6.166	7.506	6.814	5.212	20	Faces
-3.886	0.365	5.644	0.034	-1.289	-2.112	1.594	-1.708	-6.397	-0.998	-3.732	0.073	-4.018	-1.314	7.198	2.092	2.277	2.815	1.273	3.010	2.465	1.821	-1.849	-2.981	1.162	-1.651	-1.659	-2.627	20	Cars
-8.434	-14.407	-20.495	-3.536	2.145	-8.903	2.957	-5.768	-1.832	3.594	1.105	5.736	9.089	10.355	-1.153	-4.553	-1.008	-3.850	1.690	2.678	5.758	8.222	6.567	9.538	8.186	15.649	9.115	8.585	20	Cars
-1.203	-3.877	5.506	-8.083	-9.865	-4.304	-4.234	-1.288	2.866	-0.116	4.759	1.412	-9.914	-6.539	5.902	-5.386	-3.714	-5.249	-1.591	-4.350	-4.263	0.297	1.532	-2.272	8.249	5.357	0.502	2.975	20	ScrambledFaces
11.479	-1.768	2.812	0.196	-2.786	-4.878	-8.585	-0.289	-0.063	1.944	2.506	0.978	-12.785	-9.232	5.797	0.041	2.148	14.827	-0.968	-2.029	-5.187	-5.900	-3.090	-8.944	1.010	-7.455	-10.804	0.026	20	Faces
20.731	5.334	6.948	0.791	-5.150	-2.934	-7.736	-3.499	-4.287	-11.254	-1.261	-3.720	-13.260	-15.172	4.713	7.527	4.500	10.766	-0.135	-3.540	-6.068	-8.788	-11.893	-14.503	2.677	0.337	-6.839	-3.512	20	Faces
21.680	7.052	0.757	5.795	6.634	14.924	1.888	-10.623	-11.869	-2.149	-16.855	-8.701	-3.296	6.138	-0.344	8.916	8.442	-0.462	7.888	9.254	10.609	3.464	-2.250	0.048	-10.312	-8.141	-5.126	-10.208	20	Cars
-8.250	-4.503	-5.043	-5.129	-0.429	-1.740	5.192	-2.714	-0.081	2.674	1.860	4.516	9.886	7.575	0.614	0.253	-0.774	-3.513	2.393	2.688	6.051	-0.699	-2.567	7.108	-4.339	1.235	7.379	5.264	20	ScrambledFaces
-6.450	-2.109	-15.816	0.950	12.531	7.242	7.288	4.759	9.132	3.806	6.687	2.495	4.748	5.504	-4.348	-1.900	-7.763	-10.564	-3.122	1.869	3.935	-3.012	-1.243	0.564	0.329	5.264	-0.258	2.301	20	Faces
5.611	1.903	-7.502	3.170	3.155	-11.245	-2.389	-13.103	-8.431	0.754	-3.086	1.990	7.606	4.589	-2.645	6.163	7.204	-3.002	4.584	8.032	6.334	6.333	1.427	4.625	6.956	4.225	6.238	3.814	20	Faces
-3.308	4.651	-7.222	1.805	2.164	6.752	0.011	-4.980	1.189	-1.787	-1.164	-0.719	1.103	0.229	-0.358	3.010	6.468	-0.887	5.336	-0.337	-0.915	0.150	7.127	0.129	3.520	5.962	2.683	2.328	20	Cars
-3.626	0.358	-12.211	1.095	-1.859	12.864	2.683	-3.366	-5.900	-4.549	-3.704	-5.839	3.268	0.203	2.923	4.891	-2.456	9.166	-5.430	4.939	3.160	-5.324	-9.249	-1.938	2.447	2.896	-2.676	-6.275	20	ScrambledCars
-14.229	-1.879	-8.751	-6.176	-8.297	-14.144	-3.946	-6.850	0.268	-3.142	-2.037	0.074	-4.222	0.240	10.807	6.698	3.204	7.464	6.464	5.101	2.833	3.457	-0.454	4.755	9.433	10.293	4.258	3.727	20	ScrambledFaces
-0.051	-16.367	-14.385	-12.387	-10.267	3.319	6.230	-6.571	8.782	6.996	11.685	12.904	16.782	13.365	-4.041	-8.463	-9.440	-11.981	-5.953	-5.204	6.343	3.121	-4.167	11.858	8.335	8.358	14.739	14.573	20	ScrambledFaces
-2.789	-0.908	-1.497	2.206	3.281	-2.436	-2.040	-5.652	-7.296	-9.703	2.986	-3.858	0.697	4.085	3.059	-1.692	2.636	15.254	4.338	2.314	1.696	5.947	1.971	-0.052	-0.286	-11.042	-1.275	-1.325	20	Cars
7.034	-2.902	-1.093	-6.435	-11.235	2.493	-0.443	-6.849	-1.863	-1.369	-3.645	4.639	2.337	3.790	3.572	-0.154	-3.423	-0.886	-2.569	-2.198	0.998	3.837	-4.367	0.881	12.059	4.663	4.150	3.915	20	Faces
-1.395	-3.598	0.872	-5.505	-4.917	-5.931	-4.308	-6.642	-2.867	-2.342	0.733	7.973	-1.309	-0.714	5.124	3.851	2.156	-5.734	-1.212	0.974	-1.919	-1.312	-1.527	-1.052	-4.558	20.086	2.207	8.226	20	Faces
8.929	-5.516	-0.041	-6.554	-13.849	-6.762	-0.654	4.574	7.650	-3.965	7.592	10.662	1.504	-4.470	-4.537	-7.193	-10.160	-6.933	-12.384	-10.575	-10.230	-7.310	-11.399	-0.287	15.123	13.978	11.642	13.321	20	ScrambledFaces
6.303	1.221	8.083	0.479	-5.539	6.103	-2.211	1.186	-2.254	1.927	0.799	-0.880	-6.944	-7.323	-0.113	-3.928	1.500	5.170	-2.676	-7.367	-10.715	-2.796	4.638	-4.204	-1.926	2.498	-4.872	-3.420	20	ScrambledFaces
4.471	-10.216	4.973	-6.251	2.495	6.358	6.237	11.451	10.401	11.092	11.619	10.520	7.323	-2.788	-14.665	-16.393	-18.435	-12.346	-17.131	-12.397	-10.569	-12.328	-5.502	1.348	10.364	5.664	7.427	11.176	20	ScrambledFaces
-11.320	-4.681	3.570	-5.781	-0.087	6.188	9.673	5.686	4.164	6.605	5.113	5.004	13.842	7.490	-6.892	-11.990	-12.690	-5.893	-8.325	-8.006	0.359	2.336	2.939	10.183	1.263	-2.670	5.483	2.999	20	Cars
-17.077	-4.221	-14.756	-5.933	-2.783	-12.873	3.348	2.873	0.999	5.145	3.872	3.737	6.935	5.725	3.220	-2.553	-3.840	-6.386	-0.968	-1.248	4.642	0.499	1.491	8.646	11.976	12.611	7.149	7.623	20	ScrambledFaces
10.866	2.777	2.943	8.553	-2.077	-5.678	-5.076	-4.300	-3.260	-2.250	0.846	2.995	1.647	5.126	-0.024	6.028	-1.726	-12.269	-1.124	5.027	3.298	-2.829	-1.833	-1.441	-2.538	2.817	2.579	4.774	20	Faces
5.458	-3.428	11.627	-4.314	-2.713	5.886	1.468	4.978	-4.018	-0.952	-7.399	-0.182	2.966	1.331	-1.593	-2.519	-6.785	-5.047	0.207	-5.177	-3.071	0.098	-1.383	0.004	-0.916	7.193	3.420	1.101	20	Cars
6.873	-4.309	-7.171	-2.886	3.098	-1.262	3.120	7.667	13.896	14.049	3.730	7.272	1.223	-9.332	-7.781	-7.746	-11.890	-5.147	-14.149	-7.468	-6.898	-8.771	-7.267	-3.583	-7.509	5.023	3.044	5.951	20	ScrambledCars
-8.452	1.911	-8.487	-4.506	-2.659	7.952	3.058	1.645	0.417	0.848	1.472	-3.418	4.804	6.436	1.966	1.591	2.826	4.207	4.577	5.153	5.210	2.917	-0.640	5.091	4.150	-1.189	1.865	-0.604	20	ScrambledFaces
-11.735	-9.725	-21.920	-2.943	1.295	-9.735	6.209	2.117	5.838	6.834	0.035	0.565	6.347	10.885	1.525	2.603	7.123	1.383	8.568	7.692	9.925	10.836	8.191	5.058	-0.287	2.263	6.746	0.756	20	ScrambledFaces
2.463	10.072	5.905	5.069	5.430	-8.069	5.092	3.010	2.140	7.504	-4.552	5.125	-0.513	1.704	-5.996	3.005	-3.790	-5.908	-7.371	-0.917	0.207	-6.992	-11.187	-2.626	-3.545	1.208	1.319	1.327	20	Faces
-1.324	-9.912	6.638	-6.111	-0.660	-6.190	-2.737	-10.163	-1.988	-0.821	2.858	0.064	2.846	1.368	-1.037	3.371	2.505	6.111	5.938	2.289	2.492	6.354	-1.273	6.006	10.349	-0.190	0.137	4.867	20	Cars
-4.005	0.430	-6.231	0.760	5.244	-1.167	10.533	3.790	5.370	4.285	3.478	5.062	10.051	5.749	-8.481	1.920	-3.007	-15.154	-6.627	4.019	4.247	-9.436	-1.998	-3.001	-1.547	2.788	2.118	1.967	20	Cars
-6.560	-4.672	-14.086	-7.799	8.944	-7.987	6.692	-3.735	-1.636	4.079	-0.584	0.931	12.876	14.063	-4.285	-4.508	-2.927	-2.291	3.367	1.753	11.478	15.046	7.876	10.332	-0.691	0.808	7.570	-0.844	20	Cars
6.519	-4.811	-6.172	-1.413	-6.304	-5.549	0.582	-0.963	1.454	1.837	5.010	2.799	0.911	-3.307	-0.428	-4.509	-5.054	-6.666	0.984	-4.236	-2.648	-3.147	1.123	2.250	6.660	8.685	2.296	8.345	20	ScrambledFaces
-2.233	-1.501	-8.084	-6.808	-6.908	-2.558	3.220	-4.484	-0.189	1.463	4.901	-1.269	4.629	0.519	-2.301	0.490	1.439	-3.548	0.549	-5.007	-2.028	3.304	2.031	5.687	0.396	9.934	1.311	1.762	20	Cars
2.427	-3.768	1.909	-1.263	-8.644	-6.951	-4.823	-1.260	2.182	-4.030	2.705	0.688	-6.779	-3.669	-0.298	0.947	-3.471	-1.432	-7.220	-1.892	-5.573	-1.883	-7.424	-1.444	15.042	9.395	5.572	3.779	20	ScrambledFaces
-5.400	2.414	-8.968	7.079	13.184	1.288	7.057	-5.950	-0.892	2.692	3.642	-4.025	4.937	6.605	-7.510	2.211	0.912	4.356	5.140	2.925	2.019	4.072	-0.773	4.918	2.016	-3.018	1.857	-0.398	20	ScrambledFaces
-9.665	4.518	9.431	4.827	7.304	-3.569	4.504	-4.097	-2.844	0.153	-0.997	-0.345	4.259	3.955	-3.756	-4.441	-8.955	-5.785	-5.611	-2.927	-0.084	7.639	6.562	8.016	1.756	2.546	8.293	1.088	20	Faces
-1.294	-2.072	-8.346	-3.408	3.240	8.850	5.492	8.600	7.927	3.232	10.025	5.998	-4.804	-4.558	-0.943	-4.879	-4.057	-9.168	-1.227	-6.066	-8.539	2.099	-7.591	-0.666	10.265	7.717	1.966	4.451	20	Cars
0.129	-1.566	8.464	-3.154	-2.957	-3.279	2.627	3.984	10.623	7.861	15.900	7.956	0.759	-10.697	-6.590	-6.558	-9.090	1.926	-6.155	-9.911	-13.700	-0.938	2.815	0.390	8.185	4.868	9.249	9.760	20	ScrambledFaces
3.433	1.672	-4.148	4.199	4.586	-12.596	-1.084	-11.124	-5.843	-6.744	-1.118	0.630	4.869	8.180	2.541	8.951	6.737	-1.647	5.171	13.209	14.027	-1.262	-3.613	2.971	-10.088	-1.269	2.802	-1.356	20	Faces
-4.019	-7.942	-5.989	-5.809	-10.827	0.307	6.163	1.430	8.845	12.974	13.303	8.679	10.699	6.429	-4.417	-12.300	-10.807	-2.715	-9.138	-7.806	-2.434	-0.479	-1.368	11.014	5.514	8.089	9.791	9.926	20	ScrambledFaces
6.476	-2.241	-8.268	1.674	-0.843	1.218	-0.982	-0.666	-6.291	-0.422	-6.890	-6.378	-1.607	0.118	-0.457	1.494	2.088	14.237	3.956	-1.057	-0.315	0.963	6.749	2.688	8.038	3.304	-3.465	-5.624	20	Cars
-11.292	-3.779	-6.015	-2.082	3.452	-4.585	-2.466	-7.435	-3.257	3.247	-0.079	-1.628	-1.128	4.612	6.105	-0.587	4.202	-0.814	2.787	4.752	6.205	6.077	1.334	-1.320	-2.589	-0.979	0.022	-4.588	20	ScrambledFaces
-3.905	4.852	1.724	8.723	9.112	3.544	6.434	-1.675	1.244	4.655	-1.272	1.793	4.874	2.458	-7.282	5.863	-0.279	-8.447	-2.542	2.506	0.303	-10.341	-4.698	0.714	-2.247	3.291	-3.276	0.699	20	Cars
-2.285	1.003	-8.897	1.352	5.556	4.788	-0.818	-0.993	0.170	1.144	0.859	1.542	0.982	2.222	1.823	-1.960	-1.705	4.360	-1.411	0.681	2.673	0.476	-1.718	1.510	3.499	-3.211	0.046	1.363	20	ScrambledCars
-2.698	3.698	5.630	6.119	7.617	11.579	12.197	10.786	11.845	8.845	9.094	7.823	5.231	2.918	-7.722	-2.782	-8.532	-11.837	-7.859	-2.899	-0.845	-9.200	-10.348	-2.090	-11.464	-1.094	-2.510	-0.510	20	ScrambledCars
2.983	-0.611	4.530	-1.411	-1.019	-8.348	-0.406	0.163	1.179	1.487	11.189	5.198	-1.143	-10.397	-2.779	3.827	-0.644	0.231	-3.847	-4.055	-6.391	-7.683	-8.900	-1.650	5.782	7.815	6.501	6.791	20	ScrambledCars
-1.218	-8.541	-12.262	-9.220	-6.541	5.670	-8.959	-4.047	-2.144	-5.928	4.183	-4.272	-2.686	-3.014	7.922	-8.523	1.792	7.363	5.015	-3.814	-1.161	7.122	3.909	0.942	-4.474	2.533	-2.759	-1.782	20	ScrambledCars
-1.166	-0.916	-0.538	-0.012	1.941	6.981	2.159	0.658	4.931	3.934	3.622	6.857	3.652	2.683	-3.354	0.268	-0.040	-7.708	-3.618	0.920	-0.604	-6.802	-7.729	-0.706	-3.957	3.026	0.955	5.089	20	ScrambledFaces
-3.747	-5.837	-11.084	0.500	6.887	4.932	4.024	3.021	4.690	8.426	6.420	5.935	8.600	7.832	-3.206	1.126	-7.061	-10.002	-5.331	2.194	5.410	-6.216	-9.460	1.712	10.047	-2.017	3.886	3.011	20	ScrambledFaces
10.641	-2.392	-9.317	-4.715	-12.195	-8.472	-5.894	-4.859	4.888	-4.272	9.044	9.455	-1.531	-2.730	0.590	-5.881	-1.096	1.209	-3.262	-5.052	-5.423	-2.246	-4.004	0.187	7.500	9.715	3.241	6.710	20	ScrambledFaces
-1.226	-7.398	0.740	-1.160	3.565	1.503	2.987	-2.088	0.924	4.943	-5.601	-3.296	7.523	12.175	-5.996	-1.990	-1.402	9.007	2.176	3.428	7.147	4.541	0.044	5.206	-4.615	3.265	2.267	-1.660	20	ScrambledCars
7.982	3.663	-7.507	-2.876	-3.417	-13.363	-4.805	-12.403	-9.299	-10.226	-12.594	-3.260	-3.011	0.145	7.186	14.647	12.072	5.950	7.452	11.963	8.707	5.307	0.973	5.034	-5.652	-5.240	10.057	-2.303	20	Cars
-6.863	-6.266	-0.894	2.491	2.548	-2.547	5.206	-10.288	-6.614	1.817	-4.297	-8.286	8.695	10.973	-4.336	-0.212	4.879	5.987	5.731	1.418	8.963	7.464	10.525	7.447	-0.408	-2.493	0.019	-6.999	20	Cars
3.621	-2.362	-9.829	1.087	-7.132	8.834	-4.911	-3.873	-3.370	-5.706	-3.954	-8.042	-6.538	-5.842	2.296	-0.251	3.774	-0.629	0.335	-3.999	-5.361	2.183	6.567	4.407	7.729	-0.869	-0.411	0.128	20	ScrambledFaces
2.850	0.727	-13.273	11.196	-1.586	-6.979	-6.677	-19.029	-11.426	-9.201	-10.978	-7.052	3.403	8.411	9.485	15.383	9.844	15.887	10.848	20.885	16.394	12.817	8.158	6.083	-10.254	-0.919	-6.010	-7.668	20	Cars
-6.967	1.147	13.995	-2.313	0.001	7.166	2.382	2.531	0.514	3.304	4.845	0.559	-4.272	-1.669	3.282	-0.098	-4.513	-0.580	-5.264	-1.952	-2.975	-10.892	-5.290	-6.016	2.349	1.759	0.530	0.251	20	Faces
-0.741	2.317	-5.486	2.060	-5.765	-9.321	-2.319	-3.125	3.002	-7.765	4.316	0.671	0.129	0.082	2.232	5.210	1.228	3.607	-0.569	6.673	2.183	3.535	-3.478	-2.118	-4.534	4.355	-1.556	1.720	20	ScrambledCars
-13.372	-7.273	-6.515	-1.190	8.948	3.254	12.676	8.300	13.041	9.023	10.529	7.999	7.863	8.407	-9.255	-7.384	-6.107	-16.199	-6.688	-1.623	3.106	-4.360	-7.035	7.240	1.934	3.845	8.156	6.798	20	ScrambledCars
4.501	-8.321	-5.672	-0.862	-3.881	-11.657	7.584	6.597	11.223	12.526	2.616	17.515	14.257	2.146	-10.537	-5.825	-14.898	-26.887	-10.387	-4.480	-0.802	-2.924	-3.822	9.231	11.576	18.871	14.155	8.675	20	ScrambledFaces
-3.787	1.929	9.910	-5.004	-4.747	-4.069	-2.836	-7.094	-3.094	-2.867	7.635	5.172	-6.025	-6.960	5.321	-1.799	0.851	-0.359	0.635	-3.301	-5.556	-0.616	8.307	2.549	14.510	12.202	0.137	6.226	20	Faces
16.273	-0.620	-6.436	4.491	2.068	1.015	0.838	6.129	-0.034	2.117	5.511	5.644	-1.598	-3.056	-4.897	-5.381	-1.345	-1.448	-2.487	-7.101	-5.933	-7.763	-1.245	-3.234	-3.277	1.127	-0.750	5.058	20	ScrambledCars
4.455	2.213	-7.250	7.653	3.185	-11.835	-1.163	-4.578	-2.050	-2.693	-8.317	-2.743	-5.734	4.806	5.887	11.827	1.893	-4.168	6.209	11.166	9.828	3.433	1.581	-0.479	2.675	1.420	-1.556	-4.469	20	Faces
-5.623	-7.033	-13.009	0.603	9.108	3.222	13.442	7.310	10.002	12.480	6.343	7.861	12.481	7.213	-10.275	-3.125	-5.558	-12.212	-6.750	-2.467	2.384	-0.969	-2.334	4.634	-1.865	7.750	9.061	6.116	20	Cars
0.996	-3.959	17.142	-7.547	-3.179	-2.499	6.013	1.044	7.919	9.491	2.856	8.385	6.490	3.990	-7.227	-3.477	-4.728	-5.552	-9.657	0.279	1.197	-13.602	-15.574	-2.151	-6.934	2.956	5.358	8.168	20	Faces
-7.751	-0.746	-9.467	1.894	4.858	-1.349	7.166	-1.480	4.277	5.974	2.608	3.900	13.749	17.493	-7.991	-0.560	-4.419	-7.863	-2.501	7.389	11.398	2.938	-3.464	9.614	1.443	1.189	5.544	3.773	20	ScrambledCars
6.458	15.066	19.358	10.935	12.379	2.971	-2.040	-4.832	-8.972	-6.731	-10.473	-7.113	-8.036	-1.630	-0.203	10.395	12.471	9.703	9.249	6.375	1.308	2.308	-7.100	-4.003	-14.865	-8.839	-1.212	-6.783	20	Cars
-9.065	3.782	-10.722	2.841	1.543	4.179	-3.793	6.402	3.836	-7.594	-1.662	-3.472	-3.533	0.757	5.447	6.478	6.096	5.297	6.190	5.688	2.346	0.353	5.712	-2.886	-2.152	-2.331	-6.665	-4.394	20	ScrambledCars
-10.969	-0.343	-7.236	1.861	3.728	5.690	7.583	2.532	2.771	6.189	6.360	-2.269	3.023	0.914	-1.016	3.033	2.468	-7.518	3.979	-3.135	-4.044	3.340	2.269	3.304	-7.040	-2.435	2.029	-4.051	20	Cars
5.589	1.259	3.572	-3.895	1.523	3.718	-0.387	-7.584	-5.217	-1.872	-2.945	-2.017	-1.259	-2.371	-1.077	5.667	3.259	0.022	-0.481	1.905	1.367	-6.238	-13.434	-3.067	0.673	-3.009	-3.548	4.738	20	Cars
4.664	7.876	4.171	7.718	1.150	-2.037	-5.907	-7.411	-8.650	-8.908	-18.391	-10.580	-7.196	-3.250	2.162	11.765	10.113	9.976	5.371	4.540	2.533	5.756	5.413	-1.755	6.035	-11.327	-7.719	-7.899	20	Cars
-11.840	-11.418	-25.902	-12.057	0.617	-5.670	11.823	7.672	15.095	14.744	19.066	16.342	7.247	4.958	-3.277	-8.689	-12.865	-4.191	-14.114	-7.792	-2.258	-9.017	-13.604	7.647	8.827	7.417	11.424	9.651	20	ScrambledCars
11.896	6.181	0.093	7.334	-2.393	5.676	-7.595	-5.976	-13.608	-6.029	-11.797	-7.317	-1.954	-1.563	8.309	7.608	2.980	2.701	4.052	9.414	4.247	-5.762	-5.352	-8.279	-10.950	-5.733	-7.585	-6.179	20	Cars
-10.981	-2.939	-7.783	1.790	4.166	4.073	9.093	-0.357	9.858	5.000	6.866	5.679	6.561	5.938	-7.348	-3.494	-0.958	-15.743	-3.145	2.825	0.726	-6.761	-6.153	-0.749	5.492	3.752	2.820	6.818	20	ScrambledFaces
5.445	-5.608	1.630	-7.960	-4.328	-9.364	-0.440	-1.941	5.489	1.771	9.116	9.747	3.587	1.578	-2.970	-4.092	-7.020	-2.893	-7.678	-1.473	2.014	-4.969	-8.420	-3.928	5.226	3.157	3.516	4.974	20	ScrambledFaces
-0.406	8.690	3.216	6.068	0.708	4.028	-1.750	-3.144	-5.481	-4.995	-5.273	2.037	-4.529	-1.400	4.574	0.107	6.751	-0.688	0.629	3.009	-1.923	0.175	0.563	-2.066	-1.544	-2.484	-3.041	-1.218	20	Faces
-9.982	-2.828	-2.721	4.202	10.105	7.897	3.776	6.565	4.822	0.087	5.135	1.529	-1.462	0.210	-1.014	-5.531	-11.227	-5.184	-10.307	-2.993	-1.459	-1.522	-6.160	1.316	7.213	-3.462	-3.405	4.022	20	Faces
4.481	-8.160	-1.723	-5.790	2.495	1.980	5.426	2.482	5.723	6.909	10.082	2.942	8.342	6.415	-9.358	-4.564	-1.330	-5.237	-3.836	-4.070	2.040	-4.112	-4.324	0.920	-3.441	-0.301	3.717	0.420	20	ScrambledCars
10.957	10.823	6.137	0.657	-6.636	-9.905	-9.249	-14.775	-8.250	-4.956	-6.004	-0.939	-3.698	-5.870	1.830	5.996	3.285	0.390	-1.925	1.809	-2.021	3.183	-3.533	-1.358	4.989	1.695	-1.871	2.142	20	Faces
7.691	1.501	8.698	0.912	-0.571	3.794	0.960	-6.142	-2.040	4.471	-2.159	0.909	7.029	7.298	-3.108	6.131	-0.666	-5.977	-2.507	3.560	5.962	-0.730	-9.512	-0.145	-12.819	-2.313	1.661	-1.975	20	ScrambledFaces
-3.149	-8.192	-4.654	-3.587	0.841	0.143	6.639	5.101	13.363	9.016	8.448	5.558	5.851	6.577	-9.819	-10.099	-11.035	-9.484	-9.980	-7.064	-1.454	-1.976	-6.767	4.480	-1.863	0.601	2.140	1.628	20	ScrambledCars
3.569	-3.521	-4.035	-6.789	-8.080	-11.472	3.319	4.049	6.363	6.212	1.629	11.727	0.675	-9.236	-0.951	-9.922	-9.021	6.598	-5.371	-9.980	-9.745	-6.690	-3.276	0.677	4.225	8.007	5.529	7.396	20	Cars
-0.401	-0.816	-5.230	0.962	12.996	2.959	0.868	4.227	0.744	2.392	13.427	4.356	-2.205	-2.962	-0.868	-6.542	-10.808	-9.649	-7.448	-3.436	-4.622	-2.789	-12.181	-4.319	0.736	5.907	-1.661	5.675	20	Faces
2.261	-2.316	4.899	0.488	-6.653	-5.866	-7.695	-1.551	-3.784	-6.819	-6.460	0.005	-4.126	-9.190	2.156	4.375	4.682	6.260	1.652	2.502	-6.304	2.832	-1.606	-2.301	1.251	3.996	-0.960	5.783	20	ScrambledCars
-1.104	1.173	13.539	-2.153	-0.655	11.493	-0.824	-0.465	1.065	0.131	5.893	0.767	-1.404	-2.769	-0.245	-6.143	-6.408	-9.041	-6.531	-6.565	-4.640	-2.985	0.609	4.447	4.267	6.128	2.304	2.518	20	Faces
-3.815	2.228	-7.480	-0.672	5.855	-0.921	-2.359	-3.080	-1.461	-3.153	-0.344	3.410	0.074	0.396	1.197	-1.492	-2.747	2.638	-4.151	-2.615	-0.589	0.558	-1.748	-2.102	-1.301	4.967	0.235	3.353	20	Faces
3.545	4.105	5.814	2.641	-10.105	-4.283	-8.840	-15.060	-13.069	-11.779	-7.791	-9.058	-12.534	-9.229	13.572	4.395	7.339	21.454	8.088	5.503	-3.426	-4.853	4.923	-6.041	2.356	-2.263	-3.054	-5.681	20	Faces
13.219	-5.706	1.286	-4.212	-4.083	6.208	-5.219	2.708	-1.415	0.220	3.021	-0.748	-2.248	-6.051	-2.611	-6.559	-4.042	-3.206	-9.687	-6.986	-5.715	-1.897	-4.233	-3.331	-2.584	-0.582	-4.273	-0.747	20	ScrambledFaces
-1.981	-6.037	-1.853	-4.117	-3.377	-1.754	-0.544	8.063	6.929	3.842	4.945	6.317	-2.392	-1.304	-1.617	-7.424	-4.167	-8.945	-2.552	-7.126	-5.644	-4.354	-0.327	-2.952	9.588	-1.012	-0.218	8.609	20	ScrambledCars
6.417	5.898	-7.317	-0.183	2.179	4.085	-1.386	5.950	-9.117	-3.960	12.221	-1.165	-2.126	-2.656	8.007	9.290	3.661	1.782	1.932	5.927	2.308	-3.637	-0.443	-7.550	0.982	0.017	-9.262	-4.018	20	Faces
0.496	-1.061	4.098	-2.335	-4.663	-5.554	0.187	1.287	3.832	3.241	7.284	4.884	0.925	1.521	2.050	0.199	0.297	-6.405	1.097	4.274	3.604	-1.611	-4.758	-2.560	9.105	3.582	0.704	2.671	20	Faces
-13.912	-8.424	-2.278	-6.356	-2.149	-6.854	6.338	6.801	1.478	4.822	4.875	6.183	6.056	2.013	-2.884	-9.909	-8.032	-5.035	-2.861	-11.386	-4.836	1.962	2.418	7.896	14.739	7.790	9.232	7.110	20	ScrambledFaces
2.889	-0.279	3.142	-1.038	-0.368	-5.796	0.251	-9.952	-4.068	-2.783	-4.570	-1.064	3.846	3.122	-4.640	3.330	1.502	5.872	1.829	6.472	1.754	5.053	3.890	5.555	1.273	1.455	9.909	4.022	20	Cars
2.742	2.219	-3.709	1.689	6.653	-7.963	3.328	-10.093	-8.363	-1.581	-7.692	1.042	7.168	11.257	-6.181	5.276	-0.239	-2.246	0.069	6.149	8.812	2.704	1.368	7.508	11.009	-2.744	3.376	2.165	20	Cars
-0.123	-7.219	-3.813	-8.443	-4.908	-8.350	-1.205	0.460	5.253	0.557	12.310	7.159	-4.421	-8.330	-1.382	-9.063	-8.627	-4.253	-4.474	-10.217	-10.583	-4.174	-0.252	3.673	11.686	14.897	2.061	10.004	20	ScrambledFaces
1.097	-3.377	-5.375	4.073	4.874	6.210	5.238	1.148	-1.175	1.545	5.086	1.123	3.216	-0.716	-2.596	-3.486	-11.299	-1.745	-5.502	-2.034	-4.031	-3.113	-5.044	-1.088	10.998	2.452	3.301	1.992	20	Cars
-1.829	4.888	-1.818	3.024	-0.556	7.559	-1.735	-8.090	-7.953	-5.091	-0.563	-3.973	1.341	5.131	5.990	8.002	2.593	5.787	0.589	6.326	4.258	0.309	-2.424	-1.342	5.809	-4.091	-3.032	-1.254	20	Cars
-0.930	0.509	-12.512	-2.628	0.544	-2.847	1.980	-4.206	1.312	3.170	6.097	2.808	-0.224	-3.962	-0.736	3.348	1.478	-6.427	-1.348	0.365	-1.479	-0.972	-1.130	4.850	6.192	9.175	6.937	5.177	20	Faces
2.042	10.204	0.817	11.201	4.859	1.077	0.734	4.895	0.240	0.847	-5.211	-11.487	-5.108	0.063	-0.841	2.395	6.102	9.221	4.140	3.049	0.592	4.874	2.283	-4.864	-11.904	-16.668	-7.228	-9.763	20	Cars
-5.594	3.650	3.390	0.408	-6.090	-16.126	-3.818	2.774	1.391	-7.623	0.025	0.418	1.278	-5.325	-4.310	-4.216	4.119	-2.283	-0.185	-3.729	-7.074	-11.121	-0.180	0.341	-1.421	2.805	2.186	3.334	20	ScrambledFaces
-7.996	-8.439	-2.069	-0.656	-2.586	0.175	1.669	6.589	11.316	4.527	3.909	4.581	3.135	-3.101	-8.448	-9.083	-1.927	-0.835	-3.031	-11.363	-7.492	-1.356	3.076	2.493	11.085	7.625	-5.368	2.372	20	ScrambledCars
-6.251	3.960	-3.983	2.944	-0.378	2.033	-1.543	0.080	0.179	1.068	-0.136	4.677	-4.415	-7.309	4.591	0.765	2.639	0.050	-3.823	-0.741	-4.900	-0.949	-0.122	-1.572	8.466	4.811	0.578	4.328	20	Faces
-23.959	-3.622	-5.980	-4.029	-0.363	-0.544	5.289	0.614	6.890	5.791	6.476	7.945	8.232	5.911	3.941	-12.736	-16.354	-16.365	-8.363	-7.675	-0.053	-5.738	-7.498	2.088	2.289	2.514	6.688	7.193	20	Faces
-1.914	-5.824	-6.438	-4.973	-5.072	-5.963	2.970	-0.663	3.496	2.974	6.565	9.290	5.724	0.064	-2.066	-0.313	-7.325	-4.670	-7.446	-1.976	-3.179	-8.469	-4.403	7.101	5.748	16.793	9.822	10.497	20	Cars
2.733	-9.125	0.292	-9.408	-0.159	-7.730	-4.526	-3.851	-3.601	-3.277	-0.900	-5.170	-0.457	-3.097	-0.678	-3.792	1.664	10.511	5.786	2.811	2.273	4.128	3.095	-1.721	6.522	-0.401	-0.866	-2.496	20	ScrambledCars
-9.846	-7.022	-2.706	-2.666	-0.952	-0.250	7.377	5.318	6.845	8.540	8.359	9.136	9.975	4.528	-8.153	-9.678	-10.496	-17.359	-9.199	-10.217	-3.087	-4.249	-1.218	10.924	15.340	11.341	11.670	12.535	20	Faces
11.704	9.456	2.330	7.448	0.600	17.107	-5.923	1.587	0.855	-4.775	0.103	-4.440	-10.080	-8.924	3.310	2.674	2.046	3.652	-1.044	-1.461	-7.482	-10.109	-5.422	-8.599	-8.170	-4.006	-10.190	-2.781	20	ScrambledCars
-11.879	-11.933	-7.484	-8.823	-6.480	1.968	7.789	11.445	18.029	13.936	18.668	19.394	6.446	-4.968	-0.842	-10.313	-10.178	-8.835	-10.533	-15.020	-9.785	-13.192	-9.776	-0.183	6.643	6.448	9.398	12.162	20	Faces
-9.588	2.206	-8.390	4.920	12.058	-8.795	7.744	-0.240	1.370	5.316	3.349	2.109	15.075	13.826	-4.986	6.964	-5.900	-13.424	-1.626	11.509	17.308	-0.553	-9.376	7.663	-2.676	2.478	7.700	4.237	20	ScrambledCars
2.668	0.561	-7.825	0.434	-1.269	0.555	0.226	-3.396	-2.510	3.833	-4.730	0.742	-1.869	-2.408	-0.779	-5.199	-4.266	-3.430	-4.438	-3.559	-3.563	-5.687	1.636	1.189	11.213	4.673	3.561	0.992	20	Cars
-13.346	-7.617	-4.713	-0.966	2.357	-4.693	11.748	1.562	6.365	11.622	10.338	11.369	11.026	9.015	-6.047	-2.817	2.804	-17.204	-2.128	-3.184	2.288	-1.525	-10.516	8.072	5.258	4.788	6.131	9.304	20	ScrambledCars
-0.559	-7.310	-5.175	-1.098	-1.043	-16.766	3.385	4.022	2.228	3.892	2.932	7.131	5.400	0.849	-10.180	-7.005	-3.504	0.739	-3.627	-7.255	-4.687	0.449	0.013	10.672	9.795	13.127	9.833	11.922	20	Faces
-9.419	-2.385	-8.987	1.072	9.016	7.971	14.444	7.379	8.352	11.529	2.903	0.648	12.183	7.264	-13.880	-6.895	-9.309	-13.170	-5.492	-7.414	-2.113	-5.096	-5.006	6.846	4.024	0.517	6.486	2.645	20	ScrambledFaces
3.772	-2.676	-2.422	-3.319	-7.278	1.432	-2.226	-6.714	-0.045	0.580	7.348	3.608	4.259	-0.770	-3.238	-6.201	-3.857	-1.054	-2.285	-6.036	-4.180	-1.048	-1.286	9.645	14.897	15.707	10.656	9.959	20	Cars
11.443	8.031	-6.066	5.693	2.870	4.982	-3.043	-6.251	-10.086	-5.761	-12.204	-6.044	-1.219	0.613	2.602	6.162	5.408	14.509	3.691	7.269	3.827	-0.246	4.637	-6.184	-4.655	-10.779	-10.889	-7.241	20	Faces
-2.782	2.246	-3.462	0.639	-2.097	0.378	-3.135	-7.565	-8.992	-3.187	-7.153	-3.972	0.311	1.174	-0.293	0.315	5.157	6.484	1.885	0.271	-0.176	6.966	2.992	8.767	11.125	2.816	3.625	0.884	20	Cars
-4.082	5.234	6.756	4.184	2.523	-1.308	-4.425	-10.041	-9.901	-4.847	-7.249	-6.713	-8.357	-3.256	3.436	3.994	11.303	17.352	4.389	0.621	-3.105	-4.713	1.467	-5.261	-1.365	0.013	-2.501	-4.954	20	Cars
-7.191	4.404	-0.151	2.134	0.444	-0.487	-1.919	-1.829	-1.535	-2.550	-10.083	-0.314	-2.934	-5.797	0.184	-3.972	-1.086	-0.134	1.713	-3.624	-7.557	-2.710	6.024	2.224	3.437	2.060	-0.315	-0.819	20	ScrambledCars
-0.002	-5.314	-9.913	-1.984	0.538	-1.643	1.333	-7.406	-0.600	2.205	0.366	-6.166	7.343	7.309	-5.367	0.167	3.313	10.100	3.359	3.429	5.441	4.758	8.506	2.652	10.161	-3.474	-2.643	-4.351	20	Faces
-1.338	6.716	6.502	2.753	6.361	6.504	-3.760	-0.176	-2.344	-3.476	-2.240	-5.470	-10.260	-9.914	-0.222	0.448	5.258	11.553	2.457	-3.092	-7.578	-8.869	3.628	-7.888	0.496	-0.941	-9.767	-4.328	20	ScrambledCars
-1.043	-5.250	-9.587	-5.909	-10.264	-1.311	-1.725	4.145	7.347	5.957	6.848	0.922	-1.633	-5.895	3.478	-5.524	-3.442	-4.776	-2.682	-4.405	-2.833	-7.163	-3.341	-2.890	2.864	5.623	1.451	5.300	20	ScrambledCars
-3.820	5.410	3.536	3.060	4.807	-1.030	0.691	-5.036	-1.673	7.127	5.128	-2.349	2.857	2.588	-0.171	7.162	6.611	-2.481	1.490	4.402	6.097	0.084	-7.272	-1.933	-4.847	-9.379	-2.238	-0.763	20	Cars
1.995	3.041	1.440	-4.171	-2.641	8.228	-0.326	0.281	-2.047	3.107	2.467	-1.941	-5.129	-1.376	0.375	-2.410	2.037	-5.365	-2.932	-2.075	-3.447	2.701	1.949	-1.569	-3.290	-0.332	-5.038	-4.031	20	ScrambledCars
-13.001	9.791	9.992	3.866	1.892	9.222	3.120	3.228	-2.677	-1.326	-4.998	-7.030	-1.902	-2.487	2.184	-0.695	1.129	5.618	-0.055	-1.468	-2.622	-2.395	-0.273	-1.752	3.106	-4.723	-4.683	-5.919	20	Cars
-1.537	9.713	3.775	2.089	6.733	14.812	-4.493	15.349	5.750	0.193	0.584	1.315	-8.285	-10.406	-0.686	-4.870	-4.742	-5.064	-11.692	-7.590	-9.252	-13.815	-4.712	-8.381	-6.206	-6.961	-8.869	2.226	20	ScrambledFaces
-0.336	5.443	-10.837	-1.857	-5.687	-7.213	-5.671	-1.790	-2.176	-0.793	-3.673	-0.591	-6.357	-10.909	4.743	2.224	6.453	12.954	-0.092	-1.223	-8.070	-6.329	-0.787	-2.525	1.552	6.424	0.939	3.274	20	Faces
1.992	6.228	3.628	8.410	8.046	2.020	8.510	-1.928	-0.981	5.098	2.026	2.040	9.787	8.178	-4.929	8.416	-2.518	-5.357	1.209	5.379	6.338	-3.643	-4.727	1.664	-5.501	-5.828	1.049	-2.856	20	Cars
-0.641	-1.798	-18.617	2.269	-1.724	-9.841	-4.038	-17.461	-18.040	2.009	-3.624	-5.807	7.570	7.330	7.798	11.903	9.992	11.267	9.605	11.711	11.309	8.233	7.352	8.478	1.132	-5.094	4.457	-3.436	20	Cars
-5.138	-0.944	7.836	4.982	8.314	3.575	-0.847	1.148	0.779	-1.751	-3.313	1.838	-2.873	3.217	0.680	-0.261	0.657	0.667	-0.420	1.747	0.233	-2.404	-3.884	-1.588	-9.389	0.117	0.107	-2.343	20	ScrambledFaces
10.896	7.959	-28.660	9.184	11.578	-5.219	-1.228	-0.772	-0.963	0.101	5.857	2.099	-1.167	1.610	-0.151	-1.997	-3.894	-5.882	-0.456	2.524	3.935	0.677	0.056	-3.239	2.271	-1.997	1.198	1.212	20	ScrambledFaces
-13.158	1.247	6.228	-6.045	-4.406	-0.641	0.777	-1.453	-3.435	-1.181	-0.213	3.672	0.387	-0.992	6.015	-2.519	5.214	0.855	0.955	-1.585	-4.013	2.683	-2.648	-0.537	6.069	1.257	3.304	4.206	20	Faces
-7.358	0.231	-3.750	0.514	-11.584	-5.361	-5.351	-4.100	-2.177	-5.074	-0.409	-2.904	1.031	1.148	8.311	2.867	1.393	-0.884	-0.593	0.585	3.658	3.247	-0.272	-0.238	2.832	-1.950	-0.765	1.195	20	ScrambledCars
-4.537	-4.962	-6.048	-5.256	6.283	7.550	1.897	-0.489	0.700	1.789	1.787	1.406	-3.791	-1.742	1.912	-1.911	-4.600	4.686	-3.971	-1.409	-2.051	1.234	-0.310	5.187	4.406	-0.980	3.984	3.568	20	Faces
0.248	1.573	19.704	3.769	0.354	-2.574	3.938	5.303	3.400	-2.194	8.607	2.865	-1.485	-2.983	-4.071	-1.091	-4.764	-2.062	-5.467	-0.500	-3.141	-4.930	-3.914	-3.145	2.082	-4.739	-3.371	3.071	20	Faces
0.284	1.119	-10.660	0.188	3.993	-2.103	5.285	3.170	5.228	5.222	6.355	1.976	-0.047	-0.030	-6.205	-4.658	-3.911	0.440	1.324	-7.588	-8.214	-3.198	1.665	1.419	0.517	0.319	5.512	3.353	20	ScrambledFaces
0.857	-2.648	-1.805	-3.130	-2.712	-1.868	4.225	10.318	12.899	13.936	13.663	8.967	0.972	-5.658	-4.536	-3.309	-8.746	-9.916	-12.254	-5.484	-7.256	-10.682	-11.862	-1.688	5.874	4.327	6.067	8.614	20	ScrambledCars
-7.648	-7.841	-12.569	-5.968	-2.614	-3.498	6.920	2.712	10.909	11.342	13.154	9.647	6.813	5.885	1.047	-3.669	-7.931	-12.872	-4.652	1.760	2.893	1.533	-5.864	2.223	-8.706	6.176	3.882	7.186	20	ScrambledFaces
3.729	3.058	-7.730	-0.754	2.269	-12.949	2.192	-4.314	-1.011	3.626	-1.104	-0.040	5.007	8.407	-1.637	2.054	3.169	10.233	2.326	4.549	5.735	2.395	0.452	5.411	-22.905	-6.866	4.056	-1.229	20	Faces
3.892	-1.609	7.505	0.526	-0.109	13.499	2.368	2.281	2.730	2.714	-1.591	4.151	-5.650	-8.327	0.873	-4.856	-7.551	-3.742	-12.132	-5.660	-4.677	-13.450	-8.365	-4.060	-1.483	2.578	2.678	5.095	20	ScrambledFaces
-6.684	1.760	-0.431	0.243	-4.172	-3.747	1.269	0.729	-0.198	0.677	7.426	3.719	4.359	-0.136	-1.335	0.198	-2.805	-8.119	-8.546	-4.372	-5.286	-2.275	-7.545	-1.727	1.898	12.218	0.979	4.206	20	ScrambledCars
-12.739	-1.090	-3.569	0.240	6.381	-5.215	3.548	-0.222	-0.574	-0.581	0.163	2.722	3.596	0.339	-1.125	-4.704	0.773	1.804	2.576	-1.619	0.311	5.365	2.981	5.493	-0.460	5.822	3.127	2.902	20	Faces
4.402	-12.310	-7.199	-7.503	-3.560	2.328	0.674	-5.239	1.725	4.471	6.403	6.363	0.470	-4.018	-1.046	-6.844	-1.577	2.049	0.864	-9.392	-6.178	-0.442	-3.490	3.155	8.226	6.884	4.845	7.317	20	Faces
3.618	5.321	8.907	0.144	0.553	-3.833	-3.940	-8.076	-6.448	-4.341	-8.461	-6.168	-6.431	-6.099	0.901	3.615	7.502	8.758	4.975	1.325	-4.025	3.472	11.716	-0.915	-4.996	-2.119	-2.557	-3.885	20	Faces
1.455	-0.998	6.519	1.701	-2.160	-5.571	6.899	-2.163	3.991	4.357	-1.270	-0.257	9.084	7.252	-6.773	1.780	-5.428	-4.539	-3.601	4.991	8.549	-4.480	-4.252	2.701	4.548	1.967	5.200	-0.786	20	ScrambledFaces
9.861	6.653	-1.463	11.347	0.614	8.541	2.750	-9.948	-11.589	-3.370	-1.835	-7.036	3.416	5.460	3.071	10.407	2.294	-4.879	3.414	9.133	7.023	1.084	-1.165	-0.999	-7.211	-6.080	-1.280	-7.779	20	Cars
-6.782	-0.767	4.278	2.550	-4.724	-1.685	-0.342	17.488	14.124	4.298	9.301	9.095	-10.004	-18.247	-1.987	-13.775	-16.021	6.084	-16.580	-20.813	-23.829	-20.100	-10.700	-10.628	11.541	7.454	-4.342	7.273	20	ScrambledCars
-4.514	-9.519	-11.217	-6.928	-0.851	-7.820	8.199	-6.008	4.087	10.209	14.721	7.639	20.271	12.226	-12.979	-9.843	-9.979	-16.517	-6.669	-0.944	4.799	-1.998	-4.435	15.799	11.375	16.250	22.289	16.263	20	ScrambledCars
-0.094	10.207	6.639	8.370	6.590	8.228	7.858	-7.125	-3.688	4.015	-8.198	0.670	9.158	9.923	-4.605	6.941	1.775	0.718	3.935	4.467	1.895	0.216	1.856	-2.851	-8.508	-4.196	2.673	-6.115	20	Cars
0.951	2.541	15.785	1.105	7.285	11.871	5.692	-3.886	-8.744	2.942	-4.576	-4.542	7.097	5.098	-6.579	0.930	3.508	-2.498	5.753	2.560	4.300	3.201	3.554	3.901	0.062	-2.404	-3.774	-7.803	20	Cars
-2.689	-4.241	-6.138	0.419	2.399	-2.743	-0.093	-10.022	-3.605	-0.084	-3.395	5.335	5.653	5.401	1.050	4.733	-1.480	-5.740	1.811	3.325	3.832	0.300	-0.390	6.379	9.459	-1.823	5.654	6.982	20	Cars
-3.285	10.739	-2.668	7.749	14.366	5.747	-0.148	-2.663	-4.675	0.231	-8.622	-13.579	-0.285	5.095	-1.038	8.475	-0.064	6.021	4.009	7.384	7.306	1.741	0.891	-0.705	-11.228	-8.041	-8.533	-8.172	20	Cars
-4.212	-3.973	5.575	-3.776	-5.030	-6.550	4.429	2.658	3.641	6.541	8.665	1.958	6.111	-0.828	-5.326	-4.317	-6.384	2.775	-8.415	-9.106	-1.593	-6.088	-5.744	0.280	5.497	-2.996	0.757	-2.429	20	Cars
2.763	8.824	-3.274	2.859	-0.594	2.213	-7.679	-13.633	-9.703	-5.302	-0.912	-9.975	-8.369	-3.691	7.943	6.918	11.882	6.311	10.171	6.155	1.144	3.765	12.772	-2.479	-2.460	-4.693	-3.642	-2.915	20	Faces
-17.702	-4.771	-7.512	-5.745	3.997	4.400	2.268	1.247	-0.524	2.900	7.525	2.647	6.691	4.875	1.245	-5.109	-8.322	-16.776	-3.736	-0.034	1.084	0.662	-2.313	7.708	11.125	13.164	7.341	4.610	20	ScrambledFaces
-10.336	0.852	-3.366	-2.756	2.946	9.150	6.136	8.965	11.856	9.586	10.432	8.545	-3.499	-5.839	-3.718	-8.542	-10.301	-5.356	-11.184	-11.062	-13.278	-9.959	-4.825	-3.744	14.611	5.592	3.147	4.623	20	ScrambledFaces
4.147	3.168	-7.562	3.620	1.961	-0.446	7.689	-0.887	3.011	5.416	3.957	2.700	4.929	1.451	-5.136	1.366	-4.767	2.373	-10.871	-3.729	0.628	-10.915	-9.985	-2.350	-5.159	2.685	2.026	3.445	20	Cars
-9.749	2.713	3.422	-0.473	-4.579	-2.455	-11.522	-1.328	-0.440	-4.568	2.442	1.180	-10.984	-10.547	8.448	2.409	7.440	9.567	-0.799	0.697	-7.850	-8.686	-10.809	-7.687	4.106	4.202	-5.420	2.119	20	ScrambledFaces
-5.089	-5.686	-11.638	-6.802	2.855	-8.008	10.368	1.058	5.072	6.165	3.089	8.794	10.827	10.114	-7.849	-5.577	-7.080	-8.851	-3.580	-5.661	3.030	0.588	-7.142	9.026	6.066	12.102	15.272	4.580	20	ScrambledCars
-4.777	3.512	0.928	0.692	4.942	-1.822	1.047	-9.753	-9.309	-3.088	-5.391	-1.670	1.053	1.007	5.978	8.376	8.413	3.668	10.034	6.976	4.802	9.048	8.022	1.270	-10.147	-0.284	-1.399	-1.577	20	Faces
-3.208	-0.499	0.355	2.591	6.229	-5.435	-2.417	-2.307	-6.665	-1.560	-11.069	-4.820	-0.667	-1.369	-0.539	2.098	4.912	10.921	0.621	2.802	0.662	-2.524	-1.889	-3.768	0.122	-1.622	-3.669	-4.596	20	Cars
-14.911	-1.679	-2.732	-0.555	-1.565	1.370	5.391	4.797	11.627	3.544	9.337	6.788	4.896	5.167	-0.642	-11.393	-15.138	-10.237	-8.050	-9.080	-2.887	-4.131	-2.650	1.133	-0.563	2.923	4.372	5.922	20	ScrambledFaces
-0.908	-4.100	1.536	-1.409	-7.412	1.373	4.585	10.468	6.861	8.240	8.550	8.034	2.813	-3.504	-3.860	-7.171	-8.856	-12.280	-9.024	-11.542	-9.757	-10.908	-8.726	-1.795	7.739	8.663	6.246	10.463	20	ScrambledFaces
-3.406	6.496	-0.072	4.014	12.304	8.214	3.273	7.013	8.478	3.549	4.600	4.067	-4.849	-7.337	-1.404	3.905	-1.037	-10.706	-5.539	-0.590	-1.071	-10.534	-15.912	-6.078	2.258	-2.156	-0.170	3.151	20	Faces
4.774	-4.081	2.505	-7.803	-7.571	-10.669	7.641	6.951	14.520	11.138	15.822	16.003	1.611	-3.284	-7.390	-16.208	-13.513	-7.796	-6.544	-15.799	-10.773	-13.432	-9.688	1.007	0.827	13.344	2.883	11.819	20	ScrambledFaces
