FP1	F3	F7	FC3	C3	C5	P3	P7	PO7	PO3	O1	Oz	Pz	CPz	FP2	Fz	F4	F8	FC4	FCz	Cz	C4	C6	P4	P8	PO8	PO4	O2	ID	Condition
3.383	-1.238	2.399	1.933	-1.142	4.144	-0.852	-1.462	1.717	1.864	0.070	-3.827	-4.612	-3.065	-4.921	0.124	1.450	6.468	-6.632	2.536	-5.347	-2.044	-1.499	0.798	0.035	-2.319	-2.337	-1.600	21	Cars
-1.341	0.325	-1.705	8.245	1.532	3.777	0.063	-0.455	13.661	-4.453	3.809	-3.872	9.110	-0.271	0.899	-7.596	-0.708	0.641	-3.474	0.876	-2.886	0.886	-0.208	-0.766	-1.610	4.377	-20.444	0.973	21	ScrambledCars
-4.119	1.811	-8.260	-1.023	5.541	-10.553	2.663	-4.543	-10.132	-1.225	4.945	-2.020	-1.098	5.926	6.903	2.993	-7.660	0.567	-1.768	0.018	4.053	0.691	-0.119	-0.991	4.949	0.293	7.731	4.237	21	Faces
-1.215	-2.466	5.835	-0.065	-1.812	5.201	0.931	-8.044	-4.506	5.384	4.014	2.302	-7.041	3.324	4.870	9.828	-4.931	-7.152	4.842	6.932	5.776	0.519	5.852	-2.357	-0.309	1.178	-13.681	2.074	21	ScrambledCars
-7.674	5.676	-9.629	1.639	0.673	-7.062	-0.664	-3.371	3.796	-1.761	4.881	-3.395	-0.317	-2.280	3.612	11.017	16.580	-2.678	0.531	-3.163	-3.669	-1.369	-1.836	-0.762	2.744	2.666	0.052	-0.519	21	Cars
6.911	-1.690	4.827	2.112	-1.993	5.039	0.395	-4.776	-14.914	-1.831	-4.901	2.592	-1.457	5.488	-5.012	-5.947	0.287	2.949	1.269	5.606	5.804	3.156	1.606	3.441	-1.811	0.480	13.295	-1.538	21	Cars
-0.696	-2.603	3.181	5.640	-1.496	-2.952	1.504	0.168	-5.469	-1.197	4.334	5.241	2.886	0.399	-1.851	0.420	0.082	-0.396	-0.245	3.878	3.661	-6.251	-0.811	-0.969	-3.380	-2.695	3.788	-1.748	21	Faces
-4.202	-2.589	-4.574	6.369	-1.610	5.144	-1.384	-3.185	-4.498	-3.264	0.693	3.908	-7.497	-1.264	8.791	0.971	-3.344	3.655	-4.698	2.426	0.682	-5.378	-1.376	-5.224	0.572	3.947	-2.197	0.390	21	ScrambledFaces
-3.462	1.212	-0.761	4.708	1.712	5.120	1.186	-7.533	-4.856	-3.902	-1.069	5.409	-1.208	2.612	7.641	-8.950	-8.974	3.067	0.446	2.442	2.839	-0.975	0.023	1.813	-1.121	2.315	4.022	-0.309	21	Faces
-3.015	1.380	0.227	2.343	-1.531	8.538	3.251	5.710	3.057	1.867	6.746	7.067	0.879	-4.985	-0.428	-5.327	3.268	-3.914	-9.005	-6.513	-5.621	-0.733	-3.554	0.060	-0.487	0.685	0.813	-6.517	21	ScrambledFaces
9.570	-1.022	1.117	-2.119	-6.993	-5.215	-5.844	0.880	-7.202	-0.974	-6.645	1.093	-0.558	-2.512	-5.723	-6.256	14.040	8.992	1.576	-8.154	-8.002	8.293	3.498	-1.705	-2.314	4.683	23.418	0.277	21	ScrambledFaces
-1.404	4.652	4.300	4.963	-0.258	-6.664	1.801	-2.343	-12.707	2.624	0.495	-5.506	0.702	0.484	1.116	6.842	-1.723	-4.385	2.730	1.305	-0.270	3.237	0.889	-4.383	-4.676	-4.810	0.434	-0.712	21	Faces
0.753	-1.970	6.612	5.759	3.770	2.073	0.976	-4.281	7.699	-2.837	-3.948	0.295	-2.339	0.953	-5.714	-8.179	2.607	-0.029	-5.931	-0.387	-1.315	-1.794	-0.793	5.056	-2.394	-2.301	-4.757	-7.371	21	Faces
-2.882	2.081	-11.282	3.119	2.951	0.765	2.145	5.387	11.690	3.569	-1.631	3.461	-1.063	-0.132	-4.697	1.368	7.720	-7.562	-4.601	4.347	0.133	-7.904	-5.525	-0.604	-0.141	0.298	-12.675	5.517	21	ScrambledFaces
-1.678	0.457	-7.913	-2.251	-0.330	0.798	2.537	4.443	-1.074	1.208	1.888	2.478	5.981	2.836	10.922	-2.361	-7.153	-3.459	-2.822	-4.183	3.818	1.617	1.049	2.568	4.160	1.162	-5.734	1.096	21	ScrambledCars
-2.991	-2.624	-1.002	-3.060	3.781	-2.672	3.254	-1.473	-5.371	-4.738	4.817	11.263	2.768	1.676	0.446	-5.326	-12.721	-0.514	-1.778	-2.061	1.003	1.502	-1.809	2.469	1.269	2.686	11.050	0.959	21	ScrambledCars
-4.208	-3.719	-1.155	-1.231	-2.492	-6.531	4.940	0.911	11.021	1.770	5.760	5.206	3.028	-0.732	2.595	-7.683	-20.055	-1.156	-5.842	-7.559	-2.286	-2.355	0.056	0.188	-0.907	2.872	6.444	2.032	21	Cars
2.476	-2.865	1.551	-2.561	2.054	0.433	3.714	0.341	6.695	0.622	1.881	-1.955	0.097	-0.030	-13.901	3.095	-6.134	1.847	-1.066	1.467	0.551	0.583	-1.507	1.118	2.569	0.503	14.285	5.455	21	Faces
2.153	-2.173	1.809	5.164	4.609	-0.151	-1.729	-4.701	1.340	-0.351	-6.920	-7.565	-4.241	1.735	0.578	6.759	13.405	-0.856	1.840	4.915	2.040	1.180	3.621	1.615	1.461	-4.786	-8.071	-3.148	21	Cars
-2.718	0.613	1.110	-5.016	-0.564	-4.358	1.105	3.487	1.401	1.009	-2.711	2.502	-7.167	0.783	8.712	-1.217	0.894	-4.693	-2.313	1.852	-3.207	-0.187	1.575	0.401	-1.277	1.823	0.000	-2.719	21	Cars
-3.354	1.485	0.095	1.241	-4.648	-2.422	-5.698	-3.088	-9.066	-2.501	-1.229	-5.772	-3.063	-5.804	0.611	21.989	4.166	6.310	1.720	0.258	-1.814	-6.735	-5.993	-3.510	-1.571	-0.058	3.785	2.583	21	ScrambledFaces
2.945	5.902	-0.448	-2.920	0.646	6.054	3.155	3.141	3.491	3.612	4.180	1.195	1.952	1.174	-8.696	-15.735	-16.843	0.419	-5.685	-0.354	0.278	3.105	-1.051	-2.467	1.808	6.132	-3.137	-5.981	21	ScrambledFaces
3.392	4.654	4.392	0.654	1.789	0.192	2.845	0.489	3.152	-0.709	0.903	0.392	-16.158	1.185	-10.020	0.369	-2.119	-0.772	-4.125	7.602	2.947	-1.060	1.070	1.367	-0.459	-3.138	13.634	-3.998	21	Faces
0.184	6.118	6.911	2.419	-0.505	-6.562	-1.265	-4.672	7.756	-1.827	-8.177	-7.622	3.480	4.040	6.722	9.921	-1.545	8.155	1.608	5.477	1.378	-4.465	-0.140	0.242	-1.974	-2.753	-8.812	-0.398	21	Cars
-2.042	-2.603	-5.244	0.693	-8.093	-10.446	-5.350	-4.005	-7.493	-4.795	0.240	-0.937	1.087	-0.533	13.276	21.611	6.799	1.927	-5.335	-0.767	9.941	-1.362	-4.089	-3.016	1.621	5.123	-6.180	4.805	21	ScrambledCars
4.005	3.982	-1.779	-0.098	1.129	1.268	-1.007	-5.567	-9.214	-0.273	7.902	3.927	-1.893	2.798	-0.928	3.433	-11.484	-2.691	1.455	1.889	4.931	3.912	2.583	4.442	0.082	-4.470	-18.029	1.201	21	Faces
3.361	-3.070	0.536	-4.416	0.306	-5.021	4.809	5.122	-3.738	2.019	6.565	3.745	14.746	2.167	-10.064	-4.954	-12.913	-2.963	-5.878	-2.751	-0.228	4.527	-1.638	4.657	2.058	5.768	5.641	8.528	21	Cars
-6.456	-2.618	-3.709	-3.828	-2.778	2.343	0.749	1.538	19.867	4.003	2.123	5.761	-7.122	-3.053	2.492	-3.175	-4.802	-0.653	-13.459	-3.804	-4.556	-6.122	-7.925	-0.228	5.232	3.103	2.342	3.966	21	ScrambledFaces
0.742	1.602	-4.580	8.236	0.940	3.047	2.772	-5.603	-6.837	1.075	1.630	-3.874	2.610	2.677	-1.060	-3.809	5.234	-0.605	-3.284	7.601	6.544	-0.348	0.694	2.772	-3.482	-1.351	-0.517	-7.244	21	ScrambledCars
-2.920	2.276	-2.254	-1.453	0.461	-1.625	-2.677	7.527	1.825	0.437	-0.303	-4.524	-1.267	0.707	6.244	-0.698	-3.447	-0.834	-1.235	0.597	3.412	-0.078	1.638	-2.774	2.398	2.979	14.361	-4.842	21	ScrambledFaces
5.968	-2.736	9.156	3.137	6.948	2.255	-0.412	-2.806	-11.190	0.559	-8.240	-1.764	4.214	1.593	-9.683	3.028	6.721	7.575	-1.298	1.806	1.531	-4.729	-1.465	1.189	-0.826	-0.655	4.003	-8.665	21	ScrambledCars
-3.710	-0.370	3.015	3.810	-0.050	7.890	-0.419	-7.993	-9.119	-4.069	1.430	-1.203	-1.776	-3.571	2.935	8.718	0.322	1.843	1.929	2.384	0.905	3.324	-3.591	-0.737	0.816	-0.420	5.962	0.667	21	Cars
-4.206	-1.831	1.333	-3.451	2.943	-2.383	2.202	9.386	-11.659	-0.509	-2.940	4.836	1.065	-3.225	10.500	1.935	10.739	-0.122	-5.328	-6.335	-8.591	-3.883	-4.652	-2.203	-2.895	-0.049	2.184	1.184	21	Faces
-0.253	-5.395	3.322	5.609	1.716	-3.555	-0.274	-7.115	-9.369	0.598	-0.669	-1.796	-4.174	-1.361	7.690	6.886	8.055	-0.003	-0.627	-0.239	2.227	0.832	5.374	-0.943	-1.567	-0.286	-1.366	-2.932	21	Cars
-2.533	1.186	3.834	-2.543	-0.783	-0.328	-1.317	3.174	-0.606	4.738	2.649	1.480	-2.976	-0.670	-7.138	-1.259	-9.496	-2.963	-2.236	5.513	-2.547	-5.566	-2.063	0.173	3.747	1.094	1.334	2.040	21	ScrambledCars
0.818	-0.504	4.408	4.549	0.148	4.890	-2.851	0.330	-2.384	-0.817	6.092	0.884	-1.696	1.077	0.066	1.765	-14.498	0.829	-4.621	-7.111	-1.708	-1.234	1.847	-3.817	1.355	2.696	-14.339	1.159	21	ScrambledCars
1.376	-5.648	-4.042	-1.298	-2.010	2.660	-1.085	-10.324	5.340	3.142	-0.927	-1.884	-2.113	3.544	-5.531	-1.558	28.651	2.008	-4.081	1.119	-0.488	-0.645	-2.832	1.974	2.716	2.698	-2.324	0.912	21	Cars
-2.356	0.856	-4.460	-2.338	1.816	4.437	3.063	0.676	9.354	2.135	-2.148	-3.934	5.552	1.653	-2.775	-5.950	7.635	-6.953	3.466	4.659	4.848	3.994	-0.014	1.331	0.811	6.967	3.343	0.789	21	Cars
5.376	-1.594	-4.205	5.199	8.808	3.869	3.312	2.167	-14.289	3.607	2.307	5.922	0.605	0.205	9.500	-3.189	7.633	-1.152	0.416	4.441	8.985	0.486	4.035	-3.051	-9.568	-7.314	-10.626	-6.665	21	Faces
0.558	-4.972	10.810	7.993	1.549	-0.586	-2.471	-1.110	1.588	0.492	-6.701	-4.792	0.074	5.688	-3.265	17.876	-12.313	-3.048	0.555	-1.831	2.025	-2.307	1.438	-2.417	4.205	-2.933	1.519	5.646	21	ScrambledCars
-0.963	3.685	0.826	2.532	1.229	10.624	2.090	1.230	-8.816	-3.671	-1.889	-1.472	-0.137	-1.619	9.799	3.759	0.989	2.092	2.022	8.423	2.346	0.468	0.370	-2.738	-2.913	2.041	-10.969	-4.090	21	Faces
0.666	9.141	2.380	-0.664	-3.212	-9.124	-3.679	-0.633	2.169	-2.078	-3.530	-1.652	1.165	-1.037	-0.137	0.033	5.289	6.164	-4.169	1.925	-3.299	-1.054	-2.954	1.373	-4.358	0.697	-2.156	-1.353	21	ScrambledFaces
-4.164	3.440	-1.475	0.252	0.109	2.809	1.952	-3.419	-6.098	1.925	-1.154	0.955	-2.529	3.359	5.444	4.675	-2.688	-1.266	0.768	7.855	-1.319	-0.313	-3.659	-5.068	4.404	-2.655	-8.889	4.414	21	ScrambledCars
2.849	-0.143	-2.613	1.655	3.969	7.585	1.464	-0.803	1.772	3.966	-0.703	0.842	0.019	3.378	-2.431	0.087	-12.237	-2.457	1.358	-0.518	-3.271	3.535	1.507	-1.153	0.324	-1.905	-1.645	-3.285	21	Cars
0.195	6.433	-2.789	-4.070	4.999	-10.395	-5.799	-6.090	-1.435	-2.787	-2.375	-6.299	4.765	12.205	4.373	7.268	0.787	8.154	-2.938	3.323	0.822	-2.085	-3.158	1.293	0.916	4.849	-4.118	2.812	21	Cars
7.613	-6.287	-5.060	-0.862	1.756	1.369	3.484	3.667	-14.085	6.247	5.625	10.425	4.781	-0.964	-10.025	-14.631	-11.298	0.824	-1.570	-1.978	-2.312	1.027	2.415	3.619	8.261	-0.544	4.374	11.305	21	ScrambledFaces
-1.084	-7.279	-1.599	3.728	-4.444	-1.079	-2.249	-2.240	-1.990	1.473	4.443	-0.045	0.796	2.533	1.598	9.717	3.587	-2.620	-1.061	0.938	5.165	-4.389	-1.115	-3.044	-3.022	-4.334	-5.001	0.742	21	ScrambledCars
4.623	4.512	8.316	1.342	4.362	-2.242	-4.522	0.288	0.121	-5.755	-11.957	-1.946	-13.306	-1.416	0.574	0.981	2.842	4.191	3.581	3.678	3.035	2.214	3.970	-3.727	-1.982	-0.085	-3.319	-0.867	21	ScrambledFaces
-2.437	0.749	4.203	-1.128	-4.080	-5.747	2.618	-0.608	2.804	2.943	3.415	1.668	2.085	2.695	-9.911	-4.383	-6.925	-0.102	-8.648	-0.792	-5.545	-6.213	-5.113	0.810	1.015	2.112	2.261	0.065	21	ScrambledCars
-1.754	-1.055	-7.881	-1.150	-3.241	5.015	-0.569	-0.965	-0.857	1.605	6.935	-0.355	-1.580	-0.435	5.424	0.765	1.267	-2.053	-1.515	-9.700	-0.532	-0.583	4.573	5.940	3.615	4.506	-2.950	2.963	21	Faces
0.758	-5.973	4.806	-8.383	2.887	2.245	1.328	2.982	-0.029	6.744	7.556	0.635	-7.311	0.349	-16.248	13.779	-4.156	-7.017	-7.905	-6.781	-1.093	-2.099	-3.136	0.108	3.925	5.043	6.857	6.022	21	ScrambledCars
2.063	-2.169	-4.855	0.350	2.309	-0.750	0.365	0.324	6.322	-1.930	2.381	-1.677	-2.059	4.194	3.986	1.168	-6.039	-2.900	-4.095	1.091	3.857	6.763	3.137	2.300	-4.858	0.153	7.745	-2.822	21	Cars
-1.472	6.210	3.463	2.349	1.908	1.435	1.850	-4.738	4.773	-1.562	-2.516	1.935	4.301	3.646	-2.291	-7.767	-3.854	1.888	0.953	2.002	6.820	-2.860	-4.679	-1.048	-4.535	0.750	-5.307	1.117	21	ScrambledCars
1.433	0.871	6.322	0.001	7.889	1.119	4.038	-8.060	-10.954	2.759	-0.118	-4.783	5.092	7.791	-10.006	5.477	-1.927	-2.237	-0.003	-1.441	6.464	1.340	1.423	2.488	1.680	7.929	-0.184	4.273	21	Faces
-0.531	-2.348	-8.508	0.393	0.578	5.323	0.614	1.286	16.597	1.346	-0.514	-3.365	-5.974	-2.462	-5.451	-15.349	3.487	-0.629	8.522	0.198	-0.935	-2.251	7.648	2.805	6.682	1.430	2.334	6.166	21	ScrambledCars
-3.355	-4.469	-4.214	-5.595	3.961	7.167	2.041	10.891	-1.854	1.263	-1.699	2.424	1.446	0.158	3.704	1.633	-6.034	-2.116	-3.539	-3.057	-3.754	-7.501	-2.237	1.127	3.217	1.957	-7.531	0.440	21	Faces
-5.397	-0.099	5.685	1.871	0.353	10.276	0.581	-2.458	10.916	0.930	4.667	-3.580	-0.584	-1.026	-7.826	19.469	-4.092	-4.055	-2.841	-0.465	-4.521	-1.480	-7.526	-5.152	-1.840	-0.100	0.947	-7.291	21	Cars
4.114	-10.050	-2.941	2.159	-0.517	-0.608	-0.054	-5.773	1.930	0.242	0.239	2.019	10.219	6.984	-3.859	-2.283	2.771	-0.961	-1.323	-1.638	6.338	3.155	0.164	2.505	-0.611	1.834	-0.668	5.607	21	ScrambledCars
-3.678	-2.917	-1.825	-3.205	-0.116	-4.748	1.758	-0.093	-7.289	-2.163	-0.239	4.492	-4.646	-0.735	7.179	-12.705	24.184	-3.800	0.208	-2.224	0.873	2.363	-0.152	-3.061	0.696	0.327	-1.024	-0.880	21	ScrambledCars
2.486	3.137	-2.548	1.169	1.002	-4.675	-4.012	-6.256	-4.414	3.210	1.317	0.358	1.070	5.696	1.524	-3.859	-4.327	0.977	0.478	5.737	0.482	6.562	3.867	1.739	7.561	-0.438	0.927	5.379	21	Faces
-0.475	-2.154	6.736	-1.917	-4.202	-2.608	0.051	2.440	6.828	-0.643	0.627	1.149	0.516	-3.279	-4.834	-2.344	2.433	3.759	-1.130	-7.450	-8.214	-0.709	-2.650	-3.941	0.029	-2.401	6.712	-0.771	21	ScrambledCars
-7.650	-3.070	-3.869	-2.315	1.564	7.244	1.707	4.564	-3.747	-1.908	-0.074	-2.385	-3.261	1.031	15.131	6.013	-14.078	-1.866	-7.228	1.350	-0.338	-0.663	-3.970	1.875	-0.936	2.274	11.422	3.819	21	ScrambledCars
0.815	2.905	0.173	-5.327	-1.953	-0.348	-0.483	7.307	2.318	-0.707	2.044	-10.876	2.119	1.195	-3.350	1.774	1.532	1.619	1.053	1.224	-2.197	-0.374	-1.984	0.398	-1.427	-1.622	0.003	4.894	21	Cars
-3.289	-3.899	2.472	0.914	5.865	8.317	-0.704	1.906	1.000	0.677	4.302	-0.851	6.649	0.263	2.259	-5.574	-1.242	-2.224	1.235	-4.286	3.033	-1.317	-1.064	0.439	-2.862	1.384	-1.268	2.613	21	Faces
4.387	-3.036	-4.378	2.228	2.226	-2.285	0.074	-7.121	-1.365	-1.345	-7.206	6.271	2.902	6.629	1.740	21.976	-5.243	-2.733	1.048	9.757	19.711	-1.755	-5.521	2.003	-8.834	-3.114	3.450	-1.223	21	Faces
-9.626	0.887	-7.789	0.521	0.965	3.639	10.201	5.981	6.753	6.673	8.315	0.605	4.304	5.114	7.860	-17.313	-10.572	-11.307	-8.493	-0.350	4.322	-0.461	-0.982	0.246	-1.696	1.249	8.779	-0.300	21	ScrambledCars
1.564	8.041	2.461	-3.118	-1.891	1.334	1.245	-2.024	-2.300	-0.203	-5.308	2.803	1.974	1.054	-0.130	0.345	-11.609	2.775	4.258	1.434	3.692	-3.042	4.083	8.097	1.291	7.127	0.211	-0.526	21	ScrambledCars
-1.740	4.671	1.168	-0.155	1.322	4.154	-0.365	-3.712	-8.652	2.249	0.680	0.524	-5.051	4.360	9.764	7.364	11.383	-4.532	-1.177	2.519	0.461	3.250	0.950	4.407	-1.137	-3.586	1.391	-2.163	21	Cars
-3.837	-4.509	-0.284	-9.908	-2.088	9.865	0.501	10.093	-2.873	2.519	8.856	8.581	2.027	2.567	6.454	-11.114	-11.836	-4.301	-7.598	-8.819	-5.927	-2.167	-0.734	4.750	6.114	6.542	-4.146	6.592	21	Cars
1.758	0.346	-8.865	8.084	1.711	8.761	1.350	-0.357	2.956	-1.669	3.172	-0.051	5.610	6.497	-2.294	-6.203	0.643	-1.155	-3.562	-3.643	5.255	0.763	-1.380	1.412	-4.208	-1.521	2.184	-2.241	21	ScrambledFaces
-1.178	0.515	8.448	0.518	-3.884	0.920	-4.336	6.799	-0.142	-1.782	-1.730	-3.403	-3.894	-1.572	3.381	-4.112	4.419	-3.226	2.022	7.379	1.449	-0.237	2.019	-2.024	1.053	-3.202	-3.155	-6.343	21	ScrambledCars
-2.362	14.116	2.809	2.509	5.645	3.538	0.351	-10.554	-9.677	-3.652	-5.223	-2.862	-8.667	2.033	6.362	-0.567	13.667	6.774	4.319	8.344	-1.707	-1.331	-0.338	0.920	5.019	-4.338	-15.678	-5.035	21	ScrambledCars
6.038	-3.236	-4.520	2.291	-0.545	-5.322	-4.033	-4.598	0.826	-2.137	-1.243	3.184	-0.948	5.784	0.917	14.230	-2.100	2.119	-2.790	4.070	3.760	3.206	0.254	-2.894	-1.383	0.640	-6.209	5.022	21	ScrambledFaces
1.769	6.737	-8.108	2.489	0.119	8.096	-2.822	3.347	-9.772	-4.313	-3.741	-3.012	-4.724	4.738	6.386	2.085	2.395	-0.707	7.934	5.817	6.875	-1.610	5.270	3.756	-0.075	-2.364	3.050	-11.483	21	ScrambledCars
-1.912	2.103	6.833	1.509	6.017	-4.259	-0.858	-5.522	-6.342	-1.027	-0.051	0.814	-7.698	-0.941	1.605	-3.716	-0.293	3.848	2.521	4.367	-0.515	-4.157	-1.600	-2.126	-4.689	-5.768	-0.556	0.944	21	Faces
-0.958	-2.699	-2.063	2.928	-5.276	11.925	0.904	2.125	-3.304	3.708	3.288	15.252	4.112	0.985	-0.330	7.468	-0.784	-4.869	-1.530	-5.286	-2.999	-4.533	-3.311	-2.877	-0.107	4.009	-3.265	3.690	21	Cars
0.721	0.251	0.649	-4.763	-2.655	-4.464	-1.517	-10.598	-9.550	-3.147	-1.162	-2.854	-9.834	0.220	0.544	-5.300	-4.810	8.265	4.715	-3.982	-0.362	0.007	2.161	1.163	3.918	-0.745	1.719	-0.031	21	ScrambledFaces
-4.592	1.378	1.687	-7.301	-1.749	-9.850	-0.925	-0.996	1.641	1.997	5.968	1.025	-6.778	-1.942	2.113	-7.523	2.386	-0.489	1.007	3.281	-2.061	3.006	1.516	-1.272	1.563	-1.110	17.394	0.265	21	ScrambledFaces
6.729	11.947	-2.316	5.536	8.561	-3.590	-6.374	-2.509	2.947	-1.946	-3.363	22.179	0.186	-0.477	3.488	3.491	6.511	1.424	3.784	5.738	-2.473	-0.102	0.041	-0.413	-4.295	-3.905	-25.821	-2.149	21	Faces
-3.085	-5.871	-2.287	-7.412	-1.622	-0.549	1.395	3.044	6.433	-2.585	2.833	-1.210	4.282	2.989	-4.907	-5.587	0.565	-3.292	0.758	0.471	-2.075	-1.427	-2.917	3.285	0.856	-0.510	-0.886	-1.059	21	ScrambledCars
2.072	10.376	2.617	0.410	-2.747	9.898	-1.775	-3.070	-8.052	-3.668	-4.513	-6.192	-23.069	-1.227	8.857	3.732	-1.573	3.947	1.055	3.945	2.158	0.406	4.043	0.264	-9.757	-2.233	-7.817	-1.542	21	ScrambledCars
2.760	0.458	-12.798	-4.586	1.196	3.384	2.143	2.493	-7.012	6.044	10.668	4.628	2.210	2.842	-12.753	-9.685	2.141	-3.688	0.665	-6.999	-2.741	0.681	1.211	2.300	8.459	3.501	5.019	4.438	21	ScrambledCars
-0.535	5.410	7.489	-2.417	0.436	5.209	-1.774	7.608	2.351	1.486	2.533	0.875	-4.027	-3.129	-4.291	-1.041	-2.550	-2.246	-0.623	-2.262	-2.749	-3.506	-2.434	-3.547	-4.533	0.394	-10.150	2.074	21	ScrambledCars
-2.378	6.732	-6.904	9.745	7.943	6.005	0.767	6.841	-0.213	0.859	-0.826	-2.737	1.821	-2.749	7.985	6.036	-6.196	-2.612	-1.003	7.644	3.715	-3.363	-4.587	-5.069	-8.872	-11.393	-13.833	-5.321	21	ScrambledFaces
2.654	2.074	-8.687	-2.233	-0.191	0.778	4.246	8.250	-7.573	5.066	6.337	-6.070	-4.260	4.797	-3.752	9.541	-2.567	-5.438	-6.462	-0.802	7.495	-2.843	0.207	0.286	2.350	1.295	1.260	8.347	21	ScrambledCars
-0.826	3.784	-9.230	-1.893	2.339	-14.164	-4.496	-2.450	6.019	1.860	7.262	2.950	6.247	4.554	-4.381	-15.785	-0.618	-1.978	-2.305	3.022	0.935	2.311	2.843	3.180	6.855	9.894	1.946	4.597	21	ScrambledCars
0.418	-5.020	-5.525	-2.728	0.726	4.558	2.001	-2.977	8.817	-0.440	-0.110	-0.195	-1.299	4.215	5.530	1.793	2.341	-5.416	2.640	6.142	8.044	5.805	1.502	3.258	-3.129	-1.945	1.566	1.891	21	Faces
6.316	0.748	-4.302	0.491	3.824	-6.817	-2.651	-0.824	-8.830	-5.031	-3.331	-5.428	-0.346	0.565	2.588	-0.582	6.706	4.362	4.080	7.133	3.516	8.850	3.948	-3.402	0.256	-0.036	1.145	-5.243	21	Cars
3.506	2.488	1.690	-4.530	4.937	-2.892	-2.391	0.536	-7.210	-3.285	-1.646	-2.611	-4.322	0.484	-2.311	4.313	9.244	7.658	-5.835	-1.394	-2.471	3.002	-4.483	1.942	-4.763	-0.717	21.571	-3.322	21	Cars
-1.664	3.806	3.596	8.684	6.549	5.592	1.857	-10.994	-25.737	-2.201	-0.729	-1.968	4.383	8.657	0.699	6.477	7.001	-3.704	4.428	6.977	5.018	5.900	-4.039	-0.685	-3.390	-5.988	4.533	0.371	21	Faces
6.285	-1.045	3.438	2.958	-0.528	6.031	-1.073	-1.773	-23.384	-1.302	-2.393	-3.121	1.781	0.954	2.022	10.793	2.751	4.095	1.375	-0.764	0.343	0.230	1.409	1.316	0.418	-3.551	-14.821	-1.506	21	Cars
-3.161	-1.919	10.782	1.381	-0.495	-5.964	1.245	-0.443	3.356	3.707	1.513	-1.262	-4.065	-1.358	1.253	8.486	-8.082	-0.021	-4.379	0.012	1.142	-7.202	1.243	1.465	1.504	-4.049	6.143	-1.449	21	Cars
2.356	1.556	-3.646	-9.428	-3.458	10.829	-0.262	6.908	22.137	1.613	-1.618	-0.800	-4.229	-1.918	-2.680	-3.872	-4.398	1.797	6.405	-5.157	-4.510	0.561	1.276	4.693	-2.268	-2.485	7.272	5.730	21	Cars
-0.404	6.631	-3.374	2.256	0.867	5.277	5.063	-5.030	-5.633	1.656	2.252	3.390	-8.392	5.543	4.623	11.729	-5.753	-7.187	-4.080	6.387	7.862	4.462	-0.634	-1.937	-1.088	-2.401	-1.808	-9.350	21	ScrambledFaces
-0.804	1.675	7.693	0.641	4.758	14.128	-2.621	5.554	13.752	-1.231	-4.427	-2.316	2.067	-0.736	-2.248	5.979	6.020	0.212	-1.911	3.198	2.318	-6.054	-7.458	-1.424	-6.457	-3.358	-14.936	-6.301	21	Faces
-3.788	-4.141	-6.914	-6.318	-4.677	-3.675	2.819	11.752	5.769	2.883	3.159	0.732	3.908	-5.054	5.374	2.955	-5.897	-6.648	-5.429	-6.799	-6.271	-0.734	0.807	5.168	1.057	3.950	3.911	5.018	21	ScrambledFaces
3.179	-0.656	6.609	5.058	5.184	-0.921	4.810	-3.367	-6.359	3.115	1.042	-0.232	3.557	3.630	-2.748	-2.592	-3.861	0.306	-1.650	0.904	4.265	-1.213	-0.740	-3.197	-4.244	-5.596	-15.087	5.805	21	Cars
4.290	0.587	-0.804	3.244	1.167	-3.469	6.446	4.207	-3.239	-0.976	0.110	1.049	7.472	3.195	-9.070	0.215	3.290	-2.955	3.323	0.765	1.718	0.881	-0.994	-3.362	1.166	-6.674	-4.870	-1.800	21	ScrambledCars
3.703	-7.148	-2.244	-1.279	-4.258	-1.847	1.894	1.948	1.280	3.174	-0.776	2.533	-1.292	5.939	8.298	-4.973	-2.321	-2.047	-4.202	2.271	5.612	2.030	6.373	2.945	8.312	1.635	2.656	4.321	21	Cars
2.232	-5.073	-2.633	0.382	-0.407	2.131	4.772	-10.014	6.249	2.539	-2.768	13.059	-1.578	-3.376	-6.012	9.584	18.978	-0.159	-0.118	-8.552	-2.623	-2.723	-1.451	-1.997	-2.690	4.971	-12.501	1.823	21	ScrambledCars
-1.488	2.400	5.703	-9.581	-4.063	-4.620	-4.007	-1.693	4.932	2.284	8.586	8.541	-1.956	-0.191	-4.996	-3.619	-10.745	-2.223	2.407	-1.307	-5.968	2.737	1.746	1.965	2.822	2.162	1.691	1.094	21	ScrambledFaces
0.899	0.692	4.049	2.816	1.050	-0.897	1.783	4.252	2.490	-1.243	-0.977	-6.155	-4.788	-2.412	4.438	5.317	1.924	1.048	-1.205	-0.012	-1.779	-5.102	5.556	-3.320	-5.771	2.081	-23.219	0.778	21	Faces
-0.982	4.854	1.769	2.894	-4.193	-8.275	-0.181	-3.469	-9.202	-0.182	-1.880	-0.589	6.934	4.779	1.719	-6.159	8.687	0.399	4.622	1.326	1.907	3.245	-1.195	-0.742	-1.867	-5.231	14.864	-0.716	21	Faces
-6.255	12.211	5.993	1.159	3.149	-5.914	-2.486	5.439	2.756	-1.628	3.351	-2.190	-9.088	-6.676	5.456	-0.122	-1.812	-0.921	0.892	3.027	-1.626	-4.215	0.202	-4.585	-4.131	-1.507	-4.060	-3.118	21	Faces
7.540	1.588	-4.714	6.977	5.269	-5.449	1.221	-3.899	-6.836	-0.246	-3.702	-4.424	3.000	8.240	0.704	11.744	-2.390	1.037	-0.190	3.319	8.735	2.895	4.329	1.009	-0.705	-3.509	-1.998	-2.811	21	Cars
0.271	2.845	2.106	-2.931	2.678	13.790	0.251	-0.259	1.144	-0.115	4.341	-3.798	-5.458	3.036	-12.803	0.603	-4.583	-2.006	2.106	2.230	4.248	-1.291	-1.270	4.922	0.425	0.625	11.863	-2.718	21	Cars
-5.109	5.853	6.209	3.424	5.357	9.950	-3.889	-3.259	-5.782	-1.049	-0.376	-5.720	-0.973	0.806	4.611	-3.874	-9.437	0.526	3.315	9.753	4.987	-1.248	-3.361	-2.497	0.582	-1.781	-9.654	-1.830	21	Cars
-1.748	1.390	-3.612	-5.751	-0.586	-7.375	4.124	-0.193	2.775	2.607	2.993	-0.659	0.380	2.033	2.122	-3.274	7.675	-4.387	-0.605	-1.335	-2.541	3.870	2.313	1.147	3.445	1.467	-3.973	3.178	21	Faces
-1.465	5.309	12.083	-1.037	-2.775	4.706	2.537	3.400	-4.944	0.628	-5.532	-8.186	1.391	6.483	4.676	-0.177	1.054	-0.596	0.786	3.963	5.606	-3.803	-2.522	-3.970	-5.205	-3.096	-10.907	-3.057	21	ScrambledCars
-2.146	0.220	2.763	-7.249	2.438	-5.350	-0.899	-3.276	0.680	0.615	5.671	-1.648	-1.099	-4.629	-4.098	-9.856	-4.648	5.056	-0.052	-4.165	-5.826	0.404	1.007	3.635	7.596	4.228	3.479	3.620	21	Cars
0.305	6.059	1.727	-3.556	-1.195	-1.442	2.402	-1.025	11.159	0.349	-2.433	-2.824	-1.498	3.937	-5.508	-3.657	6.104	-0.743	3.665	7.519	3.053	-2.973	-1.310	3.753	-4.609	-4.733	-3.139	-0.513	21	Cars
-1.484	-1.941	-10.428	-3.974	0.508	-4.291	3.524	2.877	-5.351	-2.247	-0.521	2.737	4.377	0.923	3.370	-2.558	4.001	0.452	0.425	-4.211	-0.793	-0.815	-2.728	0.876	-0.059	3.498	11.431	1.263	21	Cars
-3.850	-1.268	-6.197	0.096	3.575	0.664	3.577	2.068	12.337	3.445	11.598	10.567	-2.702	0.771	-6.404	-18.418	-5.894	-0.756	-5.193	-6.614	-4.926	-5.108	1.182	-7.687	1.471	12.014	2.020	7.796	21	Faces
5.744	-1.384	-0.633	-2.943	-0.381	-1.778	5.440	-5.381	1.946	3.480	3.491	14.250	-0.505	1.646	-7.106	-0.266	-5.870	1.823	-5.491	-3.952	1.792	-1.768	-1.581	0.475	-1.471	3.148	-4.730	1.633	21	Cars
0.706	-3.960	0.622	2.808	3.476	3.592	-2.651	7.083	-1.442	0.195	0.947	-0.943	7.184	-1.312	-6.271	-3.298	6.252	-0.190	3.539	-0.202	0.495	-4.275	0.063	-0.848	0.974	-0.030	4.662	-0.656	21	Faces
1.053	6.049	-0.194	0.326	-0.475	-3.470	-3.194	-7.992	3.067	-1.281	4.682	-1.506	3.311	-0.144	-9.827	8.235	-5.081	2.498	-1.319	0.526	1.076	3.791	-4.173	0.114	1.539	2.419	1.235	-2.893	21	Faces
-0.677	-2.558	-1.281	2.533	-1.219	0.801	-0.360	-2.568	-6.455	4.370	2.907	7.322	3.360	0.928	-1.313	1.295	-1.382	-2.812	-0.393	-1.069	-3.973	-3.671	0.401	5.539	2.122	-2.832	0.144	2.395	21	ScrambledFaces
0.978	5.161	-0.349	-5.579	-3.429	1.953	-4.152	6.982	16.006	2.500	-1.912	-2.017	-6.914	-3.606	-3.122	-4.355	-5.075	3.685	2.204	-7.558	-6.378	0.021	1.643	-1.178	0.434	4.834	14.829	9.682	21	Cars
-12.494	-8.794	-1.095	-2.915	18.443	3.498	4.084	9.391	14.954	2.939	12.271	3.566	-3.438	-5.587	1.153	-1.783	-10.185	-5.976	-9.190	-4.106	-11.794	-10.052	-1.981	-2.775	3.051	2.993	-7.031	-0.496	21	ScrambledCars
9.208	2.272	5.561	3.802	-1.203	-7.396	-0.264	-6.273	-11.954	-0.090	-4.369	1.624	-8.138	1.831	3.298	5.454	-1.485	6.201	0.499	7.692	8.108	0.566	5.693	-1.063	-2.627	-5.229	-12.872	5.164	21	Faces
-6.532	-13.971	-0.865	-1.525	-2.584	4.873	9.449	1.137	10.385	5.782	5.628	4.174	4.529	1.675	-0.514	-10.708	-8.732	-10.076	-0.257	-9.943	-0.831	-2.272	3.761	1.236	4.880	2.825	8.289	0.378	21	Faces
-2.321	-7.149	-11.028	-1.398	-5.569	4.965	1.750	-7.008	4.432	4.082	2.657	0.786	2.232	1.911	-4.676	-0.102	3.465	-4.467	-0.233	1.621	2.199	-0.211	1.729	6.091	5.618	11.144	11.019	5.228	21	ScrambledCars
4.556	-1.137	-1.203	1.080	-2.735	-15.956	1.306	-6.000	-15.492	0.886	0.665	3.890	12.801	0.964	-0.345	-1.926	11.196	3.217	2.632	-1.379	-1.510	6.680	1.770	-4.123	-0.397	2.400	-0.173	0.967	21	ScrambledCars
-3.678	5.380	-4.960	-0.484	1.690	-3.587	-2.814	-0.774	4.126	-3.485	-4.179	-11.732	-7.472	-4.021	5.466	-6.974	21.831	2.147	4.794	1.321	-1.539	-1.170	2.156	-0.543	-1.031	0.596	-8.253	-2.429	21	ScrambledCars
-2.766	4.614	10.506	7.005	-0.292	0.372	-3.786	-4.193	-14.005	-4.301	-5.379	1.469	-4.867	0.525	11.275	16.240	6.231	0.526	0.099	5.569	1.609	-1.668	-1.337	-2.770	-2.310	-3.005	-3.821	-5.805	21	Cars
-4.993	2.607	7.913	5.282	-2.261	2.702	-1.094	-1.490	6.065	-2.674	5.752	-7.659	-2.065	-1.170	9.734	5.079	7.299	0.555	0.513	-0.454	-0.234	-1.896	-0.050	-5.089	-6.581	-5.262	-13.332	-2.845	21	Cars
5.129	3.027	2.982	0.307	0.890	11.064	5.815	3.858	15.261	-1.209	-3.821	-12.256	0.955	5.079	-0.522	-1.095	0.611	-1.765	-2.432	1.696	9.639	5.823	1.798	3.330	-2.567	-3.122	-8.004	-2.634	21	Faces
-1.267	1.211	-7.484	2.624	7.400	2.457	1.234	-5.166	3.043	-1.527	0.961	-2.368	2.939	4.300	0.854	12.318	-4.699	-0.562	0.184	-2.136	5.789	-0.470	-1.750	1.344	-0.218	-0.522	-3.012	-1.722	21	Faces
4.302	-8.338	1.014	0.153	2.667	-2.159	1.442	-2.929	0.565	1.660	0.165	-4.253	-4.406	2.640	-0.261	-1.797	-2.510	-5.125	-3.216	-1.809	7.604	4.635	6.533	5.251	1.871	-1.051	-4.140	0.347	21	Faces
2.585	-0.283	-0.794	-1.821	2.213	-5.304	-1.659	-6.532	12.368	-6.166	-3.324	-2.530	5.613	2.207	-8.916	4.328	-4.820	5.116	2.716	0.486	1.131	2.185	-3.619	4.406	-2.092	-1.862	3.265	-2.075	21	Faces
-0.197	-6.817	2.399	1.961	1.912	1.182	-2.999	-5.102	-3.838	-3.486	-3.667	-5.954	3.543	-4.275	2.110	5.771	-0.666	5.284	-2.881	4.893	-1.823	3.623	-4.109	-1.904	-3.285	0.414	-3.243	-2.756	21	ScrambledFaces
-0.906	-3.757	-11.393	6.843	-0.488	-1.570	2.179	6.570	11.376	-0.055	7.899	0.296	15.591	1.885	-0.572	-6.178	-18.345	-7.733	-1.916	-9.412	2.162	2.635	3.757	4.417	6.526	2.201	1.115	0.770	21	ScrambledFaces
-4.512	-5.651	-8.486	-3.694	1.497	-4.086	0.722	0.262	23.089	2.081	4.483	0.136	-3.031	-4.833	-5.787	5.440	-0.801	-1.755	-0.100	-4.309	-7.498	-5.947	-1.121	-1.148	-1.895	1.054	0.443	-2.983	21	ScrambledFaces
-0.110	3.233	10.491	3.564	1.991	7.052	3.338	-2.386	-11.764	-2.659	-5.259	-1.574	-2.725	5.456	2.500	-2.663	-1.925	1.138	-0.784	1.614	3.729	-0.450	-1.135	1.074	-7.064	-3.244	3.435	-0.126	21	ScrambledFaces
-8.184	-1.926	1.415	1.614	-0.834	0.758	2.211	12.628	3.351	2.878	4.221	2.436	-2.223	-2.424	2.067	0.539	-10.676	-7.718	-10.327	-4.355	-7.241	-10.677	0.602	3.312	6.544	6.934	5.690	1.342	21	Cars
0.361	-0.712	-0.854	-3.032	0.868	2.884	0.998	-0.041	5.252	-1.976	2.949	1.986	-2.340	2.610	0.176	-1.233	-3.400	-1.589	0.220	3.232	-0.792	1.909	2.900	5.194	1.047	0.454	1.096	-0.881	21	Cars
2.257	0.757	14.786	-1.205	2.084	-6.721	-1.522	-0.565	-2.769	-2.412	-4.825	0.048	8.728	0.256	3.024	1.303	-2.959	2.578	2.641	3.560	-0.709	4.863	1.279	-1.430	-2.406	-0.125	-5.244	-5.600	21	Cars
0.368	6.492	3.955	7.682	0.814	-5.770	-0.492	2.469	0.421	-1.686	1.518	-0.833	-8.189	-3.707	-4.353	31.346	-6.393	1.837	-4.379	3.230	-3.943	-6.198	-5.028	-7.760	-4.704	-6.007	-0.001	1.338	21	Faces
2.708	1.609	-2.853	3.938	2.153	7.346	3.018	-6.520	-12.221	5.608	-1.685	-0.201	-2.579	1.036	4.312	-2.310	-3.426	0.975	-3.949	1.684	-0.246	4.695	-0.293	1.083	3.937	-4.156	-2.499	-1.786	21	Cars
-2.438	-8.430	10.042	-6.415	-0.847	1.316	3.241	5.911	-2.983	0.882	0.213	-0.085	4.051	1.331	2.237	-13.435	-3.893	1.852	-1.398	-0.582	-5.349	-1.863	2.246	1.804	3.131	2.112	9.355	1.554	21	Cars
-2.107	13.764	11.931	7.000	2.726	-8.198	-0.757	2.214	-0.875	-1.710	1.805	-8.136	-6.584	0.769	-2.282	-3.653	2.391	1.310	-6.768	4.534	3.437	-4.357	-4.562	-6.173	-6.635	-5.547	-5.970	-1.964	21	Faces
2.510	6.821	4.164	0.891	-4.551	3.551	-3.254	-9.200	-6.314	-3.462	-1.188	-0.478	0.262	2.905	4.298	-0.149	2.583	4.556	6.238	3.313	1.672	6.358	-0.033	1.078	-3.617	-5.545	-4.409	-4.348	21	Cars
-0.028	4.359	7.680	-3.372	0.202	-0.148	1.830	1.220	1.808	-0.922	1.305	-0.031	-0.763	2.369	-4.369	6.857	-4.558	-0.945	-2.654	2.265	0.371	-3.466	-4.278	0.364	-4.530	-2.145	-13.788	2.372	21	ScrambledFaces
7.868	4.400	0.880	-1.095	0.064	-5.628	-3.444	-2.729	-8.197	-0.863	-5.214	-5.110	-1.204	4.131	9.528	8.996	-2.655	7.945	2.975	5.689	4.902	6.809	5.599	-2.376	-4.949	-1.632	1.899	-3.961	21	Cars
-9.180	4.127	9.456	-9.207	-6.921	-7.236	-3.515	-3.258	-1.349	-0.744	4.408	-3.322	-2.036	-3.320	-3.571	-16.518	10.063	3.584	0.427	-3.062	-6.878	-2.635	-6.267	2.721	5.408	2.306	16.697	4.967	21	ScrambledFaces
-5.462	5.462	-7.087	3.004	1.370	4.448	-2.306	5.645	3.580	3.350	5.611	6.166	-3.635	-2.639	10.070	4.358	-12.051	-4.234	-5.061	2.007	-2.777	-6.030	2.731	1.646	-0.287	6.027	-5.733	0.440	21	ScrambledCars
-6.265	-9.115	6.186	-5.289	-1.511	-8.461	3.310	-6.815	12.886	1.369	-1.714	0.847	11.800	2.828	0.124	0.388	-9.883	-0.551	2.154	-1.671	0.345	-1.801	-2.699	-0.096	0.468	4.525	7.686	0.929	21	Cars
-7.962	-0.367	3.893	1.199	-0.353	1.802	-5.133	-6.106	-1.867	3.790	10.180	2.203	10.829	5.039	12.343	-6.168	-13.329	1.708	-7.386	-4.105	-1.606	-2.353	-2.835	2.203	4.346	4.098	-1.142	-1.824	21	Faces
6.912	1.527	-1.476	3.270	-1.304	-6.411	-6.661	-3.315	-16.034	-4.456	-4.504	4.345	-9.547	-2.776	-1.920	7.458	8.724	6.315	0.349	1.452	0.622	-2.631	0.731	1.738	-3.667	-2.607	-0.891	0.527	21	ScrambledCars
-4.933	3.554	-3.261	4.178	4.295	4.131	4.764	4.298	11.313	3.721	11.460	18.806	2.992	-2.211	-9.140	-10.238	2.613	-11.064	-11.344	-6.263	-4.114	-1.521	-10.597	-4.700	0.654	0.269	-5.410	-0.938	21	ScrambledCars
-0.895	8.373	-8.967	0.164	6.257	0.174	6.002	0.802	-7.987	5.255	2.668	2.429	0.783	4.334	-3.764	-5.322	-1.593	-4.932	-1.604	-1.561	5.522	-1.364	-3.918	1.138	-3.312	-0.824	6.453	6.219	21	Cars
3.261	-0.246	-1.018	5.293	0.040	-0.517	0.644	-4.937	7.704	1.011	-5.146	6.363	4.218	2.224	2.421	10.439	4.466	-2.012	1.039	-2.098	2.567	-2.028	1.205	2.730	-7.492	-3.467	-15.488	-2.245	21	Faces
-2.332	5.121	2.226	5.560	-5.412	-8.173	-3.569	-1.801	-7.227	-1.403	-0.201	0.456	21.656	2.724	4.820	-4.168	3.582	1.796	3.200	3.757	3.415	0.275	-5.115	-4.677	-6.246	2.186	-6.077	-1.225	21	Faces
1.340	-1.883	-6.754	0.685	-1.828	3.492	1.491	-4.309	-5.151	2.185	4.995	5.490	-2.896	1.455	1.087	-0.746	-12.629	3.957	2.599	7.368	-1.985	-2.127	3.256	-2.079	2.161	0.458	1.658	-2.282	21	Faces
-0.660	-3.897	5.210	-0.248	0.920	4.277	1.119	0.059	9.729	-2.783	1.412	-0.826	-6.747	-1.040	0.459	4.514	-6.558	1.237	-3.348	-0.769	0.135	-2.606	-0.959	-4.736	-1.448	-1.115	-17.329	1.692	21	ScrambledFaces
0.749	3.470	4.475	5.871	2.959	5.018	0.169	-9.550	-9.081	1.304	1.467	-5.153	-0.314	1.939	-4.565	7.005	6.058	3.696	6.724	9.752	2.420	-6.033	1.770	-0.020	-3.068	-3.156	-14.144	-1.779	21	Faces
-0.702	-4.189	9.029	-1.997	0.438	-2.636	3.213	2.480	0.413	-0.016	-0.361	-0.787	-1.493	1.656	3.584	-5.257	5.170	-1.239	-4.762	0.124	-3.763	1.571	1.272	-1.318	-1.736	-0.084	-3.400	2.951	21	ScrambledCars
0.093	-3.835	-6.577	-4.942	-3.481	-1.121	-2.158	-4.527	9.799	-1.445	-0.459	0.515	0.729	-4.342	-0.535	-12.373	4.393	4.778	1.980	-3.760	-4.117	1.857	-0.692	3.149	3.099	3.845	-4.590	7.266	21	ScrambledFaces
-4.314	5.249	-6.673	-1.202	-0.120	3.535	4.935	7.090	1.751	-2.401	6.110	2.968	-2.995	-0.272	-6.673	-3.559	-4.707	-4.317	2.000	0.514	-0.498	-1.073	-3.089	-5.657	-5.241	4.506	19.011	-0.813	21	Faces
2.323	3.233	-9.534	-2.734	-0.973	-6.867	-3.497	-2.974	-1.471	1.241	1.453	8.006	-0.273	1.266	5.993	-4.504	4.783	4.105	-0.026	4.400	0.149	1.524	-0.251	-1.081	-4.910	2.339	2.218	3.236	21	Faces
2.267	4.185	-7.046	-4.937	1.550	-7.082	-5.344	-6.201	-8.946	-6.670	1.988	2.929	-8.160	4.871	8.471	-3.875	6.934	2.925	0.670	4.559	8.900	4.584	2.187	3.859	1.600	1.663	-4.544	2.896	21	ScrambledCars
1.403	5.190	-2.461	-5.134	-1.186	0.802	0.526	1.466	7.482	-1.190	7.024	-0.523	2.849	-2.066	-5.084	-1.230	-7.465	2.870	1.317	-7.473	-5.689	2.550	1.151	3.656	-3.208	-0.220	0.269	-3.651	21	Faces
-3.300	3.830	4.002	0.330	0.869	-10.084	3.360	-0.581	7.271	-3.218	-1.864	-8.482	6.979	1.217	1.815	-1.943	1.865	-2.181	1.119	7.673	8.445	1.302	-1.402	0.043	-4.216	-2.002	-2.818	-6.017	21	ScrambledCars
3.626	-8.322	3.461	0.654	5.776	0.552	2.893	0.194	-7.069	-3.081	-1.162	-2.399	13.143	-2.050	0.494	11.903	0.665	0.499	0.348	3.295	1.223	3.628	-2.565	2.332	-7.824	-3.729	-11.319	-0.040	21	Faces
2.667	5.978	-0.642	2.818	0.706	-10.731	-4.567	-4.028	-0.157	-2.310	-8.623	-9.522	-10.936	-1.775	3.236	5.834	7.891	3.366	2.520	10.536	5.514	-0.197	3.513	-0.022	4.710	-4.260	-5.428	-7.543	21	ScrambledCars
7.239	-9.798	2.145	-5.812	-0.844	-1.741	-6.180	0.019	-2.990	-5.273	-3.898	8.062	-9.957	-2.123	3.136	5.063	4.830	8.109	4.528	3.771	-2.487	-1.291	3.588	-2.459	-3.498	-3.158	-4.470	-3.775	21	Faces
1.395	-12.748	-2.133	-3.667	1.202	-2.924	-3.248	4.553	-1.011	-1.375	-0.716	6.688	-2.952	-2.786	4.876	-2.209	-7.667	0.778	3.080	-6.285	-2.203	-1.877	7.729	0.303	6.162	5.793	2.080	5.646	21	ScrambledCars
-1.863	-7.870	-8.049	2.710	2.060	5.621	2.064	6.243	-3.714	2.345	5.908	5.207	7.671	4.058	12.319	-5.395	-5.209	-6.311	-5.641	-2.395	1.212	2.469	2.115	-1.833	0.337	2.685	-4.624	1.470	21	ScrambledCars
-0.422	-9.627	-3.319	-0.244	7.558	0.218	5.674	7.503	-2.458	3.920	-8.671	-4.508	10.441	2.063	1.208	3.742	0.515	-3.112	-2.558	-0.905	-0.770	-0.152	-1.819	-0.629	0.548	1.362	15.092	-2.444	21	Faces
0.335	5.070	-1.406	2.842	1.563	-9.560	2.045	-5.664	8.190	-4.965	-1.321	-5.899	1.293	2.096	-0.427	0.157	-0.584	1.782	1.192	4.839	8.268	-1.043	1.575	3.956	-3.134	-0.407	-8.691	0.479	21	ScrambledFaces
0.925	4.179	-7.096	7.503	0.889	4.359	-1.212	-5.292	-0.903	0.315	2.474	-0.194	0.492	3.110	0.244	6.142	0.938	0.599	-0.929	1.800	6.164	0.552	-0.474	2.465	-4.312	1.482	10.095	6.504	21	Cars
-8.658	-8.880	1.346	-0.066	2.186	2.710	1.420	1.985	-0.210	2.053	7.685	0.552	10.564	2.267	6.619	-0.149	-0.089	-4.298	-5.862	-0.601	-4.615	0.092	-5.754	-1.869	-2.837	0.149	10.545	1.536	21	ScrambledFaces
-0.866	6.787	4.911	-2.122	3.152	-10.336	-0.704	1.358	4.959	0.023	-3.310	-3.174	-4.722	-2.169	-0.603	6.528	-10.631	-0.817	-1.755	1.571	1.024	0.200	0.105	-2.054	2.696	1.354	-8.176	3.128	21	Faces
1.154	0.120	-1.670	4.923	2.777	-1.141	3.566	5.012	-1.878	4.852	6.219	-3.985	12.377	4.874	-6.957	-5.402	-20.298	-2.604	-6.772	-0.601	-2.908	-0.813	-0.533	2.759	-0.037	-1.002	1.164	2.498	21	ScrambledFaces
2.768	-3.837	-9.424	-2.089	1.586	2.907	1.383	-6.395	-2.746	1.168	4.691	-2.071	3.941	9.822	-0.879	10.484	2.132	-4.569	1.500	7.492	11.879	4.506	1.402	5.936	-1.349	0.624	7.665	0.445	21	ScrambledCars
4.924	8.440	-5.364	-1.542	2.916	5.898	0.213	6.236	0.198	0.230	-3.221	-6.896	-8.167	1.137	-1.759	-0.713	-3.455	2.484	-4.633	-3.208	1.046	2.196	-1.023	-1.007	-2.354	-1.521	-2.065	-1.210	21	ScrambledCars
6.693	4.149	16.962	-0.208	-1.211	2.133	-3.661	-6.550	-12.334	-3.917	-1.170	-8.103	-3.125	4.778	-1.548	8.323	-2.351	1.662	6.837	7.488	8.069	7.213	1.530	-0.282	-8.245	-6.366	-7.985	-1.075	21	Faces
-0.429	1.538	8.677	-5.237	-0.253	-5.014	-4.845	1.706	16.313	0.240	0.631	-1.565	-4.405	-0.731	-0.359	-4.435	-6.581	1.480	1.488	1.306	7.182	-0.406	-0.112	-3.827	-2.284	-0.267	4.202	-0.829	21	ScrambledFaces
-2.304	0.503	-5.578	0.563	-3.538	1.738	1.868	-4.884	14.161	-2.385	-2.612	2.602	1.537	3.078	1.837	-3.134	10.842	-1.566	-0.981	5.741	5.503	0.922	-5.028	1.572	-4.377	1.168	0.699	5.828	21	Faces
-6.777	-5.237	-1.670	1.988	-8.316	-3.265	1.026	-0.541	9.514	2.589	0.604	8.497	-2.002	-5.865	-1.760	2.002	-9.652	-4.148	-11.226	-7.170	-9.824	-4.730	-4.318	1.820	7.532	5.857	6.143	2.073	21	ScrambledCars
-2.256	1.944	-2.958	4.419	-0.895	-5.645	-6.939	-3.725	-9.513	-1.670	-3.580	-5.406	-2.459	-2.295	13.814	10.108	7.286	2.506	-0.307	2.364	1.985	0.577	2.667	-0.209	-0.296	2.566	3.421	-6.262	21	Faces
-2.313	2.603	5.609	-2.454	0.922	1.032	1.798	2.251	0.670	-2.194	1.660	-5.019	-5.540	-0.854	-9.850	-2.275	8.441	-0.117	-2.131	-4.192	0.717	-3.049	-2.050	-1.834	0.056	5.201	8.713	-1.446	21	ScrambledFaces
-1.348	6.213	1.423	9.302	2.402	11.020	2.949	5.621	-17.000	-0.586	0.046	3.216	-5.333	1.604	2.760	-5.605	9.114	-3.139	-0.897	1.988	0.332	-5.255	-1.844	-4.727	-6.463	-4.344	-1.610	-4.177	21	Faces
1.013	6.389	7.089	-3.624	-0.317	1.063	-2.524	3.985	-6.348	-3.111	0.917	-3.857	-5.739	-3.489	-0.770	-6.758	-4.387	4.138	2.694	3.822	1.431	0.498	-0.341	-0.130	-4.492	-5.091	1.759	-4.145	21	Faces
-0.125	13.941	5.290	9.056	1.339	5.010	-1.627	2.555	4.296	-3.669	-2.046	-0.063	-5.650	1.651	-3.472	-3.334	7.081	-1.932	-3.694	4.699	-2.368	-2.211	0.140	-0.750	-0.850	-1.972	-12.705	-13.446	21	ScrambledCars
-2.028	-0.367	-0.862	-5.168	-2.527	-9.486	3.717	0.165	3.661	0.082	4.923	-3.196	13.880	3.304	-11.038	4.206	1.138	-4.726	-3.423	3.807	0.364	4.322	-4.204	4.443	9.980	8.596	8.001	10.021	21	Cars
0.341	1.101	-5.582	3.603	3.802	3.499	4.943	4.212	-8.699	1.661	2.132	5.883	-4.845	-1.331	-2.954	-6.195	-6.607	-1.854	-1.285	-3.735	-2.171	-3.181	1.930	0.661	-3.131	-0.137	5.324	8.232	21	ScrambledFaces
8.768	3.755	4.829	2.137	-1.112	-1.661	-1.013	4.193	-14.045	-1.324	-4.962	1.871	5.438	6.360	-5.030	-3.043	1.799	2.642	-2.489	2.254	7.763	-0.016	-2.737	-1.831	-3.397	-1.177	-4.189	0.607	21	Cars
0.703	2.220	7.464	6.228	2.327	1.634	7.401	6.923	10.926	1.371	-2.947	4.801	2.035	-0.101	-7.363	-20.061	-9.249	-1.723	-5.380	-6.640	-6.095	-2.618	1.647	2.363	-1.877	0.222	3.989	6.008	21	Faces
-5.008	-0.622	-0.609	6.405	3.805	-2.747	3.269	2.058	-4.382	-1.457	4.617	-4.176	2.264	3.755	13.333	-8.347	2.631	-5.860	-4.204	1.956	5.012	1.095	4.440	1.732	2.118	-0.288	-3.947	-0.015	21	Cars
-0.968	-1.958	-4.961	0.376	8.448	12.468	0.029	11.376	-13.451	3.420	0.433	2.991	-3.223	-2.344	-2.436	2.941	-2.579	-4.059	1.923	1.813	-0.211	-9.017	0.076	-1.164	2.563	2.504	1.088	-0.976	21	ScrambledCars
5.365	-1.235	9.424	-6.157	-1.828	8.176	3.609	3.440	-8.116	1.140	0.734	0.396	-5.302	-1.907	-9.046	-1.707	-5.233	1.425	0.272	-8.121	-0.894	3.015	-0.060	-2.135	3.427	-0.629	3.196	-0.988	21	ScrambledFaces
-2.768	-2.436	3.383	3.528	-1.755	4.982	-6.276	3.519	1.006	-4.791	-4.037	-3.843	-4.422	-7.573	7.570	-0.922	13.066	4.925	-6.107	-6.851	-5.136	-4.871	-4.224	-1.220	-0.245	-0.849	-10.224	-4.432	21	ScrambledCars
-4.601	-0.937	-0.811	8.525	3.617	3.441	0.301	7.720	-0.647	-0.706	-0.950	-5.797	2.184	0.686	0.197	2.948	-1.247	-3.476	-2.171	6.453	0.816	-9.821	-2.107	-0.505	-5.510	-1.732	0.285	-0.064	21	ScrambledCars
3.786	-0.541	-2.371	1.454	-4.471	1.563	-0.422	-1.887	-13.732	-1.668	2.374	-5.971	1.290	-4.817	11.379	1.796	-4.025	0.231	-4.640	-2.284	-0.434	10.027	1.461	5.477	-10.396	-5.808	-10.280	-4.695	21	Cars
-2.325	1.287	6.951	-4.130	1.674	2.798	3.383	-0.776	5.015	2.524	3.544	-4.801	13.136	-1.173	-3.123	-6.677	-3.061	2.683	-1.962	-1.183	-3.307	2.343	-2.288	1.942	-1.117	2.594	-4.215	-2.169	21	Cars
1.627	-8.328	5.155	-2.950	-3.986	-8.474	-0.775	2.568	1.306	-1.377	2.247	6.642	-4.812	-5.591	-5.734	8.358	3.954	-2.326	-4.533	-2.174	-8.542	-2.223	1.645	1.764	3.416	0.943	-7.237	1.261	21	ScrambledFaces
-0.316	-0.695	-6.408	0.328	4.354	0.608	5.023	-0.155	8.785	0.799	0.895	-2.635	1.441	4.642	1.461	1.444	-1.129	-2.236	3.423	10.562	9.199	1.512	-0.367	-6.411	-1.828	-2.905	1.640	-5.348	21	Faces
1.717	-8.684	3.659	-3.110	-4.551	4.915	1.107	3.633	8.257	7.005	8.127	11.368	-4.775	-5.438	-2.754	-10.502	-19.688	0.136	-9.622	-11.010	-3.521	-3.528	1.797	-0.438	2.751	3.638	0.132	1.997	21	ScrambledFaces
2.465	-1.283	0.681	-2.933	3.136	0.335	8.739	6.132	-3.394	5.278	7.189	2.620	2.128	1.453	-7.964	-1.439	-15.446	-5.608	-6.981	-0.171	1.840	-2.770	2.772	6.254	-2.662	3.260	-0.199	4.252	21	Faces
7.508	4.150	6.803	-3.668	-0.180	1.773	2.833	-3.829	-4.772	-3.499	-5.713	-1.349	-9.508	6.062	-0.984	3.944	8.482	0.445	0.566	-1.429	6.201	12.121	1.523	-1.427	-4.268	-1.876	9.401	0.772	21	ScrambledFaces
-5.093	-5.766	-1.754	3.391	-4.140	14.564	-1.524	1.089	5.061	3.868	5.727	1.554	2.309	-0.459	7.981	-3.692	-0.153	-4.365	-5.381	1.154	-1.811	0.013	-1.130	2.783	0.918	1.157	3.334	2.300	21	ScrambledCars
-3.327	8.055	0.034	0.885	5.092	5.243	4.470	7.280	10.019	-0.076	-2.657	-5.556	-4.378	0.199	-4.892	1.020	-2.686	-2.246	-4.161	0.621	-1.331	-3.365	-6.006	-5.876	-0.439	-3.328	-5.035	-6.153	21	ScrambledFaces
9.393	-5.027	3.299	-3.386	-1.126	-5.173	4.678	-2.839	-3.290	1.525	-8.682	-0.491	6.834	2.894	-8.731	6.388	-9.579	4.146	4.226	-1.502	-0.940	4.518	1.923	1.661	-0.548	-2.735	4.193	1.065	21	Faces
-0.063	-2.394	-1.666	0.069	3.256	6.701	0.061	-1.580	-10.332	-4.048	-0.556	-3.233	4.909	3.380	9.786	-1.503	6.378	1.172	2.707	10.958	7.498	2.304	-1.460	1.955	-3.413	-2.828	-5.157	-3.994	21	Cars
-2.273	-2.444	0.093	12.003	0.408	7.550	-0.739	6.216	10.760	-1.989	2.582	-0.603	-7.204	-2.371	0.054	0.862	-3.990	-1.702	-8.758	3.766	-4.411	-3.898	-0.967	-1.973	3.157	-3.356	2.088	4.115	21	ScrambledFaces
2.318	8.312	1.358	-2.447	0.316	-6.356	-0.020	3.351	-10.209	-0.818	2.525	1.546	-5.842	2.518	-2.056	-2.276	9.921	0.442	-0.687	4.465	-3.448	-1.697	0.374	-3.128	-3.947	-0.754	-7.383	-3.266	21	ScrambledFaces
-5.744	1.509	1.688	-0.734	4.865	5.604	-3.849	-1.678	7.303	-2.653	-1.285	-4.147	-5.013	-0.504	4.728	-0.819	5.475	-0.793	-4.285	-4.522	-1.138	0.500	-8.188	1.164	-3.071	-4.981	0.850	-0.833	21	ScrambledFaces
0.632	-0.714	-0.415	1.323	1.371	0.185	3.684	-4.825	-7.925	0.198	2.775	-1.057	-0.197	4.734	0.534	-4.687	6.484	0.549	-1.325	3.783	0.340	3.418	1.542	-1.806	-3.607	-0.920	3.029	-4.961	21	Cars
-4.484	3.927	-2.644	9.135	-7.647	3.593	0.095	-2.696	1.496	-6.250	-3.016	-2.265	-9.687	-4.208	8.166	1.130	0.451	-0.810	1.647	-4.385	-1.409	-0.326	4.230	0.737	-1.219	0.424	-2.406	3.653	21	ScrambledFaces
-3.917	-10.581	-5.434	-1.598	-2.964	-1.341	5.914	2.080	6.381	4.258	-0.726	12.475	6.758	0.360	-0.873	-8.701	6.697	-7.653	-0.987	-1.634	3.567	-3.143	-2.377	0.649	1.206	2.714	13.756	3.616	21	ScrambledFaces
0.058	0.940	-1.388	0.107	-2.171	1.015	0.135	-1.137	-6.584	-4.279	-0.365	-6.820	3.954	1.918	-0.172	54.857	-6.230	-2.403	0.254	2.037	2.395	-1.167	-7.604	-0.694	-7.354	-6.355	-0.901	-9.314	21	Faces
1.892	-7.574	-4.903	-2.122	-3.697	-3.618	1.221	-8.066	-3.497	-1.233	2.393	2.117	-3.247	1.049	-2.401	-6.415	0.502	0.861	6.476	2.471	7.835	0.132	4.631	0.125	1.869	2.142	2.378	-0.031	21	Faces
-5.999	3.145	12.071	-0.324	2.458	1.525	-1.123	4.967	-0.545	-0.775	-1.728	-2.521	-9.605	-9.100	2.884	-8.240	-0.449	0.424	-0.040	-1.084	-11.142	-3.787	-1.062	-1.898	2.302	-4.341	-8.838	1.135	21	Faces
16.663	-4.853	-3.696	3.610	-3.968	-1.489	-1.438	-5.278	-15.062	-0.100	-5.873	-1.223	-5.115	5.750	-1.224	4.991	4.710	4.702	-5.048	11.059	6.170	10.065	5.910	2.079	-0.083	-1.696	-4.328	0.172	21	Cars
-2.534	9.605	-3.328	0.188	-5.633	-6.950	2.379	-4.412	5.543	-1.092	-4.155	-9.075	1.091	4.200	4.986	-7.590	17.446	-4.473	0.060	6.235	7.555	7.117	-0.850	5.514	-0.888	-4.531	3.738	-2.605	21	ScrambledCars
-0.979	7.891	11.710	2.773	-4.014	-5.965	-1.573	0.785	-7.228	-5.840	5.012	-4.583	-0.129	2.683	1.214	1.202	-11.212	3.048	-2.540	2.521	4.003	-0.596	-1.699	-0.308	-2.698	-2.503	4.581	0.059	21	Faces
-3.127	-4.763	1.630	-2.938	-6.423	6.529	-1.978	10.895	-5.837	0.307	7.025	3.829	-1.541	-0.769	-3.742	0.113	3.563	-5.268	-8.142	-4.147	-2.044	-8.215	-3.849	2.079	0.325	4.925	3.702	1.231	21	Cars
-1.596	9.409	0.715	8.176	-1.455	0.926	-7.913	-1.916	-10.037	-6.226	-6.812	-10.298	-7.479	1.383	10.535	17.475	-0.046	4.521	3.497	5.731	10.400	-6.183	-3.633	-4.552	-3.709	-8.109	-10.909	-4.262	21	Cars
7.811	9.702	8.707	1.618	2.921	6.468	0.018	4.606	-0.174	-0.099	1.008	-10.564	-0.249	-3.784	3.247	11.257	-18.653	-10.845	-5.139	2.907	2.585	30.996	-1.469	-6.609	-5.654	-10.648	-8.180	-14.229	21	Faces
1.125	11.985	-6.432	0.191	-3.003	-2.939	0.942	-3.832	13.014	-2.593	1.271	8.570	1.194	7.203	0.978	-3.643	-3.601	-0.104	-1.874	-1.939	1.356	3.910	0.011	3.332	3.376	2.527	-0.048	-0.422	21	Cars
2.292	6.618	2.211	2.816	-6.160	6.655	-1.186	-2.836	1.834	0.185	1.081	-5.607	-1.399	-1.507	-10.442	1.100	-10.466	6.559	0.616	2.622	0.908	-4.598	-1.923	0.480	2.493	-2.594	-3.784	-5.591	21	ScrambledFaces
-3.511	-5.318	-6.424	-2.350	5.986	1.511	2.771	2.596	6.427	3.293	7.362	9.002	-4.238	-2.500	-3.904	-5.770	-2.805	-1.821	-5.384	-4.536	-9.095	-5.034	1.538	1.780	7.708	3.286	0.478	2.528	21	ScrambledFaces
2.203	0.297	0.397	2.521	-4.550	-9.561	2.502	-1.443	-3.214	-0.835	-2.056	1.395	0.433	-2.214	0.597	2.690	1.038	2.779	1.638	7.350	-0.566	-0.784	0.982	-4.615	-3.796	-2.204	-1.923	-4.478	21	Faces
0.911	-2.140	-4.249	-6.003	-10.546	-5.957	0.284	-1.457	8.798	1.262	0.958	3.582	1.579	3.548	-4.527	6.177	5.658	-1.881	-7.183	2.753	-1.656	-1.676	-3.745	3.306	0.293	5.029	-2.086	0.682	21	ScrambledCars
-5.611	-2.773	-3.066	0.449	-2.419	0.727	-0.299	7.232	-4.962	-1.057	2.789	11.870	5.424	-1.528	-3.705	-7.175	-4.123	-6.746	-4.036	-4.554	-6.432	-4.710	-5.558	1.750	7.951	3.755	1.261	5.173	21	ScrambledFaces
4.697	-0.635	2.563	-1.014	-4.563	7.004	1.921	-9.775	-0.232	-0.663	-1.637	-2.591	1.906	-0.516	-8.474	3.849	7.895	5.169	5.955	7.228	2.019	4.562	-1.897	-2.437	0.506	-0.670	-9.956	2.763	21	Faces
-0.833	9.617	-11.600	-2.803	4.993	-7.071	-2.513	-4.009	-2.702	4.653	3.091	3.124	1.119	5.384	1.320	-2.473	13.686	-2.987	1.792	3.633	2.231	0.533	0.362	4.518	-1.542	1.432	8.824	-5.600	21	Cars
-5.902	-7.989	0.750	-1.194	-3.694	0.354	-1.829	1.964	2.731	0.511	-1.086	2.887	0.609	-1.608	4.539	0.221	-0.039	-3.428	-0.028	-2.269	-0.839	-3.503	-2.353	-0.068	6.112	-0.466	8.169	0.445	21	ScrambledFaces
8.850	-1.710	-9.384	0.212	-4.612	4.169	-0.161	6.225	-5.953	2.642	-0.210	4.081	-5.414	-2.485	-2.484	-0.345	11.760	1.661	-6.949	3.147	-0.980	0.065	1.004	2.302	5.912	-0.418	-4.759	1.551	21	ScrambledFaces
-0.379	-0.243	-3.461	0.454	-2.325	5.290	-4.154	-1.113	1.020	-2.019	-2.064	-1.623	-4.424	-2.010	4.456	-1.578	4.298	2.124	5.346	6.668	3.834	-2.050	-2.228	-2.254	-3.153	-4.545	-10.225	3.643	21	Faces
-4.118	-5.454	-7.429	5.901	6.034	-4.847	7.396	-3.316	-5.845	-4.886	1.994	-8.459	3.489	4.700	6.144	5.307	-4.239	-3.311	-2.389	-0.074	4.773	2.141	4.817	1.501	5.478	2.484	0.194	-1.571	21	ScrambledCars
6.141	7.322	-1.788	-1.480	0.390	1.903	3.683	-1.365	-10.307	5.809	6.013	6.057	1.084	2.255	-8.417	1.146	2.666	-4.173	-1.493	-0.767	-2.930	4.295	1.781	0.965	-6.203	2.463	-12.454	2.954	21	ScrambledCars
0.517	-4.845	4.453	10.356	-1.542	9.987	-0.984	-0.408	0.010	-3.640	0.425	-2.794	-0.931	0.779	6.197	1.226	2.410	0.748	0.673	4.504	1.755	0.852	2.565	-3.045	-6.632	-3.834	0.086	-2.375	21	Cars
9.906	-1.389	-3.674	-3.826	2.832	3.978	-2.296	1.514	-0.833	-5.716	-8.261	-11.186	-2.290	2.540	1.722	12.923	4.690	6.523	5.991	0.526	3.201	7.031	3.233	3.667	-1.378	-7.403	1.885	-8.040	21	Cars
-1.490	-1.489	3.339	-3.124	3.574	-1.524	1.221	2.605	-0.125	0.095	0.475	-1.300	4.997	1.244	-1.237	-9.996	-6.340	1.014	0.293	-0.863	-1.640	-1.416	-0.186	-0.391	3.198	1.395	-3.417	-1.031	21	ScrambledFaces
4.638	-1.941	0.940	-0.202	4.457	-1.496	3.759	6.858	12.244	2.213	6.441	3.385	-1.926	2.121	-13.125	-9.528	-11.205	-2.695	-3.214	-6.193	0.953	-0.417	5.538	-0.363	2.772	3.423	4.290	5.389	21	ScrambledCars
0.770	2.107	4.601	-6.674	0.828	-7.188	-2.436	1.805	-9.131	-1.184	-2.361	3.764	1.502	5.125	-3.328	6.474	5.045	-0.477	6.480	3.801	1.991	-3.285	-3.047	0.017	-0.924	-2.498	6.752	1.211	21	Cars
-8.109	-1.171	-2.330	1.664	1.210	1.900	1.393	-1.907	-7.507	1.473	3.727	0.276	6.518	2.701	8.134	-1.938	-7.743	-3.697	-0.933	2.671	1.692	-3.573	-2.234	3.340	3.364	3.788	0.803	9.631	21	ScrambledCars
-0.623	-1.080	-4.811	-1.196	1.169	5.705	2.566	2.094	5.883	4.646	5.043	3.131	-0.862	-2.972	-2.240	10.435	0.016	-2.653	-2.379	-0.435	-2.769	-0.663	-1.206	-3.020	-4.246	4.121	0.030	5.253	21	ScrambledCars
-2.197	7.036	0.529	11.097	2.110	6.687	-0.581	-1.201	-6.590	-0.314	-3.847	-6.724	-9.585	1.226	16.052	15.853	-0.598	-3.713	-2.016	4.816	10.028	3.070	0.359	-3.887	-3.719	-8.930	-0.573	-1.862	21	Faces
-1.960	-2.677	3.745	1.427	-2.266	-5.814	0.204	-4.932	13.459	0.380	4.455	-0.844	-0.530	2.026	-5.002	4.338	4.956	-2.612	-1.781	4.256	5.946	-0.859	-0.623	-3.136	1.140	1.229	1.960	-1.077	21	ScrambledFaces
-1.721	2.341	-3.312	-4.384	-1.389	1.835	-1.826	-5.146	-4.285	-1.084	8.528	3.022	-3.992	1.613	4.366	11.929	7.318	-4.674	6.271	-3.712	3.103	3.986	0.379	1.446	-0.256	-2.793	-2.980	3.971	21	Cars
-0.687	7.440	6.414	-0.174	2.022	-4.990	-1.738	-9.644	-1.458	-2.277	-6.100	-7.877	-3.340	6.000	2.632	-2.146	7.261	1.374	2.480	7.238	3.221	3.571	2.861	4.905	-3.840	1.706	2.766	-3.822	21	ScrambledCars
3.586	3.905	-1.888	-1.331	2.252	-3.636	-2.309	-1.343	-4.104	-1.501	1.394	-4.517	-6.046	1.148	-2.386	-2.393	-0.028	-0.762	-1.728	-0.517	3.718	4.924	2.091	5.400	-1.203	-3.336	-1.004	2.007	21	ScrambledCars
0.371	-0.761	-10.278	-0.787	-5.338	-1.186	2.209	-2.012	-1.459	4.597	5.161	2.889	4.420	3.592	-3.400	1.566	3.304	-4.082	1.635	-0.443	0.450	0.843	2.328	1.249	1.042	5.801	10.242	1.845	21	ScrambledCars
1.742	4.883	5.079	-4.999	-3.522	2.289	-0.431	0.948	-6.419	1.990	5.662	6.923	-4.576	-2.004	-2.867	6.711	-11.152	-0.508	-6.105	3.020	-2.071	-0.086	-1.054	3.482	1.482	1.067	-5.189	-2.945	21	ScrambledCars
-2.307	-2.599	-3.014	-0.317	-4.053	-4.597	-0.091	0.082	-1.190	2.087	4.590	-2.459	-3.938	-5.056	1.208	-3.478	-1.770	1.067	0.001	-5.269	-6.719	0.031	1.751	-5.265	4.769	-0.319	1.706	-2.980	21	ScrambledCars
5.116	0.290	2.783	8.628	1.454	5.390	-6.042	1.998	-4.549	-2.929	-8.869	-6.881	-10.486	-0.025	3.361	5.579	3.310	3.854	1.613	7.099	-0.649	-1.640	1.035	-2.920	-2.452	-11.423	-10.292	-2.080	21	ScrambledCars
-2.672	-3.354	-4.348	1.072	2.504	0.679	1.418	5.145	24.140	5.818	6.028	-3.723	-2.051	-2.117	-2.721	-9.971	-9.973	-2.464	-3.853	2.356	-3.234	-4.676	3.273	0.853	0.947	2.826	-1.142	9.198	21	Faces
2.684	-10.534	-1.967	-6.675	-2.254	10.612	1.234	-3.408	16.326	-2.438	3.285	0.086	4.712	5.140	1.814	-3.709	0.317	-3.670	2.971	-5.066	-0.362	11.622	2.559	7.777	-1.425	-1.242	4.029	1.515	21	Faces
4.247	4.634	8.550	-1.044	0.096	9.017	-3.445	-1.022	-9.283	-1.755	-1.000	1.093	6.057	1.180	-5.677	4.375	-16.874	9.634	-0.694	7.071	0.909	-3.717	-7.527	-0.336	-1.763	-2.420	-8.576	-4.127	21	Cars
1.843	0.406	3.291	-5.278	12.882	2.613	-4.207	4.127	7.650	1.674	-1.874	2.251	0.107	1.701	-3.855	-3.376	-5.677	-0.209	-2.489	-3.228	-2.099	2.642	-1.634	3.005	-0.169	0.533	4.994	1.561	21	Cars
1.678	-0.696	0.715	1.790	0.348	-3.039	3.101	0.255	-0.689	0.408	0.655	-6.511	-11.022	-0.788	-3.231	8.209	1.666	-1.052	1.553	3.948	-0.746	1.505	6.805	-0.099	-2.740	-1.516	18.901	-3.362	21	Faces
3.494	2.276	-0.679	-4.061	-3.151	-9.116	4.130	-4.030	-32.408	2.791	-1.360	-3.127	8.356	0.347	-1.529	-3.312	-8.547	7.026	6.828	0.090	4.444	-1.521	1.332	2.135	2.573	2.181	11.284	1.643	21	Cars
2.471	6.186	-3.564	-2.100	-3.383	-5.681	1.674	1.666	-3.640	2.952	5.264	7.944	0.190	-1.801	-1.595	2.116	14.590	-1.873	1.859	-4.331	-3.088	0.245	0.577	-2.786	-1.032	-1.219	-9.843	3.014	21	Cars
2.777	6.394	7.316	2.320	1.667	5.842	-1.932	-0.577	11.087	-4.591	-4.241	-3.844	-5.662	0.203	1.695	-4.890	-9.234	6.151	5.249	0.564	-0.562	0.063	0.542	-3.166	-2.970	-10.380	-21.260	-1.359	21	Faces
1.483	3.654	-1.710	4.939	-2.083	7.855	-0.683	-6.127	24.309	-3.922	-0.535	-2.636	-4.668	4.084	2.185	3.925	8.577	1.810	1.664	3.184	-0.549	2.555	0.557	-0.224	-6.645	-5.702	-11.781	-1.288	21	Faces
-6.093	11.690	-5.425	4.154	-3.441	2.956	5.134	-2.222	-11.853	4.333	2.787	0.220	1.266	5.817	11.781	9.960	-8.577	-3.425	1.370	1.723	4.047	-2.171	-1.915	-3.936	-1.469	-2.308	3.248	0.199	21	Faces
-5.033	-1.254	-4.595	-4.232	3.154	3.159	6.313	7.795	7.500	3.941	6.989	5.028	5.823	-0.087	-0.028	0.376	-0.950	-8.697	-6.388	4.319	-2.823	-1.942	-4.230	2.808	0.708	0.572	-4.768	2.202	21	Cars
9.668	6.462	8.042	-4.382	2.898	-1.921	-3.427	23.691	-5.614	-3.968	-6.019	-5.654	2.090	1.542	-2.094	5.776	-0.668	0.163	5.953	4.767	-0.661	0.227	3.617	-1.785	-5.173	-7.102	1.098	-8.059	21	Cars
-3.996	13.660	1.045	8.340	9.422	3.871	-0.236	2.701	10.273	0.743	-1.756	-13.641	5.327	3.114	-1.125	1.884	-12.387	-2.213	3.311	4.954	4.759	-0.420	-3.069	-2.389	-2.021	-6.355	-2.349	-2.550	21	ScrambledCars
-1.939	1.946	2.470	-1.728	-4.088	-0.008	1.423	-0.324	-2.099	9.595	6.393	9.883	0.700	1.200	-4.369	3.614	-9.429	-7.405	-8.492	15.751	-1.231	-2.095	-2.865	1.790	2.289	5.118	-1.154	5.103	21	ScrambledFaces
-5.290	-0.577	1.089	-1.750	-4.727	-3.763	2.986	3.180	4.999	-2.320	5.426	4.218	4.348	-2.671	-1.250	-10.175	-4.757	-1.666	-0.200	-1.515	-5.851	-2.524	-0.950	0.704	0.383	1.800	-1.027	2.314	21	ScrambledFaces
-1.496	-5.731	10.994	-6.554	-3.669	-5.391	0.459	5.516	4.858	-1.052	-0.828	-3.980	-0.594	-1.490	-4.876	-5.163	-2.208	1.543	-3.018	-1.324	-2.687	-1.690	-0.721	-0.959	2.942	0.684	5.548	1.976	21	ScrambledCars
-4.694	-3.576	2.108	-5.302	7.843	-1.371	-3.142	3.930	7.531	-3.766	0.737	-1.354	-9.508	-4.058	10.631	13.119	-12.611	2.218	-4.936	-4.694	-2.376	0.179	0.175	0.567	6.781	0.431	3.177	6.485	21	ScrambledFaces
-2.331	-4.618	-8.140	-10.219	-4.042	-7.553	-3.052	0.489	12.039	20.134	12.767	23.585	6.305	-4.117	-14.075	-7.587	-5.199	-10.240	0.515	-9.843	-3.356	-1.799	-0.723	-1.196	16.534	8.729	17.048	13.475	21	Cars
-1.588	-6.909	-10.567	-2.075	-4.469	2.339	1.343	-2.107	-0.005	1.854	8.421	10.169	-6.133	-2.587	2.558	-7.570	-2.345	0.735	-5.854	-7.787	-6.127	-3.103	0.298	3.797	0.918	2.025	5.335	5.446	21	Faces
-0.584	5.030	1.087	0.116	-0.068	9.773	2.434	6.465	-15.272	5.285	8.469	7.093	-1.372	4.483	-1.617	-5.941	-6.342	-3.808	-7.259	1.314	4.782	-5.130	-7.192	-3.865	-0.222	-3.859	-6.828	5.994	21	ScrambledFaces
1.695	-2.316	-0.441	-1.042	-1.965	5.690	2.424	1.868	-11.493	-0.515	1.793	1.869	-2.678	0.589	-0.827	0.173	0.960	-1.291	-1.326	1.559	-3.576	5.278	0.668	-2.301	0.203	3.694	6.326	5.148	21	ScrambledFaces
5.160	0.833	6.507	2.432	0.051	6.365	-0.690	-2.737	-16.694	-3.143	-3.876	0.304	-2.143	4.311	5.689	-4.731	0.957	-1.961	1.772	6.411	-0.454	7.735	5.702	2.362	-1.090	-1.976	-18.443	-5.573	21	ScrambledFaces
2.895	1.265	-3.482	8.296	4.799	6.955	6.290	-3.104	5.196	-0.049	-1.860	-4.576	7.557	3.623	2.532	7.765	-7.256	-1.604	3.784	7.702	7.482	5.417	0.636	-2.834	-2.051	-9.016	-14.303	-1.893	21	Cars
-1.432	-1.699	-4.862	3.159	-0.996	0.979	-0.559	3.239	14.107	1.265	-0.632	2.909	-1.489	0.715	1.138	-6.886	-20.240	-3.132	-2.335	-3.145	-0.439	-0.563	3.101	1.490	4.883	1.419	2.028	4.815	21	ScrambledFaces
3.607	-1.426	-5.636	-4.551	-1.182	-15.940	-2.122	0.335	8.338	1.094	0.006	-5.253	1.152	4.335	-3.487	8.550	9.315	-3.065	3.642	5.612	23.606	-2.479	-1.553	-3.255	2.485	-2.786	3.694	-2.951	21	ScrambledCars
3.077	3.550	-1.800	4.258	-0.163	-2.341	-0.961	-2.801	1.556	-4.413	-1.496	-6.570	-4.457	-0.063	-2.351	1.649	2.171	5.708	-1.795	2.240	-3.380	0.873	7.810	2.097	6.560	8.009	-7.200	-0.004	21	ScrambledFaces
7.654	-0.583	-0.763	7.318	-1.676	-4.033	-3.838	0.546	-12.213	0.600	-3.963	0.850	-2.884	-4.241	2.220	10.686	6.220	2.000	2.643	1.062	1.657	4.375	4.167	-7.971	0.973	-2.409	-2.478	-4.433	21	Faces
1.170	-1.243	-3.018	-1.621	1.599	3.403	5.542	1.684	8.884	-0.217	-2.522	1.586	-2.108	-2.110	-10.419	-4.193	-4.462	7.316	-0.150	-3.530	-5.787	-4.209	-4.557	-2.875	-1.469	-5.089	13.954	-3.483	21	Faces
-3.347	0.687	-6.658	-3.640	4.677	-2.614	2.827	0.031	-21.382	4.118	6.459	11.016	4.772	1.165	7.277	-3.635	-0.773	-3.850	-3.870	-5.149	0.888	-0.315	-2.248	3.764	-1.848	6.529	6.342	13.379	21	Cars
3.854	8.548	2.477	7.914	-2.339	5.063	-0.821	-7.453	-9.023	-1.700	-2.611	-5.188	-5.589	1.130	-4.412	4.934	7.331	1.678	-1.154	4.668	6.015	3.105	-0.959	-2.792	-2.205	4.016	-0.977	-2.602	21	Cars
1.698	-1.395	8.751	2.507	2.955	1.802	-0.039	-2.699	-4.945	5.583	3.546	0.537	0.459	5.449	-5.301	-0.827	-13.508	0.202	-0.044	-1.222	-0.732	-1.874	2.220	-5.727	4.120	-2.705	-7.724	-1.745	21	ScrambledFaces
-8.782	-7.009	-4.527	2.050	2.442	8.002	0.885	-2.833	17.804	-0.054	5.752	-0.397	6.752	-1.014	4.788	-3.170	-9.508	0.426	-0.168	-3.576	-4.679	-2.502	-2.104	0.288	-0.433	1.255	6.608	-1.234	21	ScrambledCars
-9.367	-8.537	7.172	-6.156	-3.097	-1.532	-0.335	0.551	-6.729	2.911	-1.539	-6.043	-1.135	0.548	12.831	-6.171	-5.816	-1.425	-2.077	1.255	3.458	-2.479	-2.569	-2.020	2.803	1.328	11.697	4.560	21	ScrambledFaces
0.838	-8.330	-3.790	-2.661	-0.293	-5.294	3.702	0.333	13.620	-0.770	4.205	3.507	0.329	-3.457	-8.729	3.080	-6.871	2.096	-2.337	-1.125	0.273	-2.395	-3.229	-7.357	-1.613	3.086	1.835	0.274	21	ScrambledFaces
-1.159	8.562	0.191	7.144	7.705	-3.262	0.371	-9.517	5.938	-3.932	-0.835	-3.752	3.104	2.136	7.503	-0.031	-7.304	6.032	1.200	3.790	6.521	2.577	-0.287	0.338	-4.565	-3.791	-3.591	-2.282	21	Faces
-0.925	6.134	9.693	-0.842	-5.934	-4.593	0.149	6.653	-15.343	-0.806	-1.191	-14.354	-2.166	-8.137	-1.052	4.203	-14.215	2.958	1.352	-8.181	-6.134	-1.361	3.205	-1.265	-0.671	0.610	-7.003	3.274	21	ScrambledFaces
-3.514	4.163	5.840	3.800	1.653	-2.539	3.753	-0.434	10.744	2.151	0.322	7.439	3.980	2.985	-3.552	-5.854	6.824	-5.851	2.934	1.839	-1.091	-3.901	-2.426	-4.094	-3.698	-4.153	-8.054	-1.293	21	Faces
-1.122	-11.753	-9.855	-1.399	1.302	-0.656	5.720	0.809	9.441	2.898	6.058	6.556	4.758	2.659	-6.506	7.626	0.090	-8.465	-2.034	-3.701	-1.213	-0.477	0.937	3.934	4.909	1.886	8.018	5.257	21	ScrambledCars
0.146	10.114	8.533	1.099	-0.018	0.306	-4.586	-5.749	-4.745	-4.087	-7.162	-4.015	-7.992	3.188	3.748	9.177	9.672	2.909	-0.069	3.886	1.215	5.614	-1.626	1.513	-6.087	-2.527	16.601	-6.904	21	Cars
-1.230	0.900	-1.902	3.949	1.983	-5.232	2.014	2.751	-7.493	1.953	1.863	2.079	-4.256	-3.439	1.068	-2.000	-2.918	-0.688	-4.659	1.514	-4.941	-1.134	3.137	-3.877	2.957	5.385	1.114	3.900	21	ScrambledFaces
4.646	-3.502	3.493	2.719	6.624	1.433	1.206	-4.922	-4.124	-2.439	-2.082	-8.304	-5.666	-0.097	-1.933	11.482	-1.199	6.499	3.788	3.755	3.270	2.781	2.150	-6.124	-5.942	-4.072	1.477	0.142	21	ScrambledFaces
-3.719	-1.498	7.393	0.250	-1.785	4.294	-1.897	-4.073	2.674	-2.066	4.003	9.584	-0.466	-1.757	4.529	-9.732	-18.987	7.440	-3.031	-9.701	-2.939	-3.673	-4.510	-4.514	3.119	2.135	-1.627	5.126	21	ScrambledCars
7.027	1.010	12.568	-2.708	1.952	-6.320	-4.904	-5.573	-11.601	-3.411	-6.788	4.842	1.087	4.825	0.849	0.068	4.969	5.186	6.207	9.430	4.677	4.961	0.178	-1.741	-3.209	-2.910	-2.652	0.065	21	Faces
-6.483	5.448	-9.250	-0.976	3.783	2.767	1.988	-3.108	19.362	0.820	3.329	-0.911	0.436	0.068	-5.395	-3.863	2.538	2.626	-3.003	-3.115	-3.275	-8.045	-5.990	4.232	0.366	1.735	2.944	1.939	21	Cars
