FP1	F3	F7	FC3	C3	C5	P3	P7	PO7	PO3	O1	Oz	Pz	CPz	FP2	Fz	F4	F8	FC4	FCz	Cz	C4	C6	P4	P8	PO8	PO4	O2	ID	Condition
3.908	6.894	3.827	2.371	-1.367	-3.801	-6.977	-10.070	-13.713	-6.021	-1.740	0.167	-1.419	-4.150	7.815	10.533	4.487	10.909	7.750	7.041	2.721	2.523	2.147	-5.109	-10.631	-15.395	-6.036	-3.603	22	Faces
-7.708	-12.443	-12.323	-7.943	-7.940	-5.418	7.570	5.640	14.373	12.345	10.212	10.418	6.772	-3.426	-0.339	-8.225	0.581	-7.005	-2.588	-7.035	-4.630	-2.757	-3.753	3.384	2.619	10.398	12.736	15.010	22	ScrambledFaces
4.489	0.770	-0.389	4.204	-1.619	-3.067	-1.364	-5.702	-6.423	-3.356	-0.516	0.142	4.772	2.236	3.888	3.727	2.209	-0.753	-3.379	4.160	3.450	-0.285	-3.808	0.885	-6.347	-4.977	1.864	-0.165	22	Cars
-10.511	-8.624	-4.578	-9.648	-1.235	-1.278	13.038	14.759	20.704	21.639	21.173	13.936	2.509	0.677	-16.926	-9.471	-9.653	-15.731	-9.982	-7.485	-5.240	-9.511	-9.971	5.470	-0.755	9.578	11.316	15.972	22	ScrambledFaces
-0.169	3.296	6.050	6.303	-0.155	1.506	0.282	0.385	3.151	1.286	-0.106	1.294	-2.397	1.208	-0.394	-4.219	1.769	-5.994	-7.553	-3.842	-6.070	-4.555	-7.387	-4.204	-4.123	0.195	2.423	1.428	22	ScrambledCars
7.229	-3.717	-6.066	-2.626	-1.635	-4.478	0.258	-0.011	2.905	0.308	3.601	-0.263	-4.107	-1.416	2.484	-0.508	2.058	0.747	5.380	-1.828	-0.900	3.084	3.779	-0.003	-0.361	1.300	-0.413	5.344	22	ScrambledFaces
-2.738	-1.288	-1.605	0.118	0.291	-1.364	2.004	2.357	4.116	6.768	9.620	5.637	7.249	3.989	-0.327	-0.714	2.960	-5.220	-0.631	0.663	2.762	-2.726	-5.527	0.260	-6.276	-1.429	-0.856	0.954	22	ScrambledFaces
-6.398	-9.650	-4.387	-5.564	-5.868	-2.970	0.049	5.319	5.713	2.861	4.534	5.876	-5.736	-2.408	1.871	2.047	-2.745	-4.843	1.380	1.676	-0.839	2.283	-1.764	-0.156	1.567	5.337	3.305	6.323	22	ScrambledFaces
8.458	3.369	3.060	1.391	-5.470	2.218	-0.131	0.279	-0.564	1.328	1.845	2.671	-5.108	-5.973	2.976	-0.457	0.110	2.553	-2.575	-2.629	-5.053	-6.197	-2.120	-7.225	-6.611	-6.687	-2.752	-6.633	22	Cars
-7.016	-6.412	-8.518	-8.395	-6.475	-7.885	1.214	-1.859	5.241	4.329	4.335	6.286	6.562	-2.529	-8.081	-10.026	-1.786	-5.538	-2.498	-6.459	-2.934	-2.884	-0.280	7.413	5.183	18.563	17.076	17.663	22	ScrambledCars
-3.038	2.056	0.316	3.224	2.148	-1.959	-1.638	-7.997	-6.174	2.252	-0.598	1.649	2.535	-0.329	-4.314	1.050	-1.551	-0.408	7.011	-0.952	1.444	6.116	4.337	4.763	1.144	3.927	4.608	6.724	22	ScrambledFaces
6.212	-1.965	1.514	-3.831	-0.332	-2.114	-6.590	-4.145	-2.784	-5.600	-1.848	-1.965	-2.067	-0.601	3.583	2.956	0.134	5.352	-0.127	1.892	-1.574	-0.333	1.552	-2.185	-1.581	-4.273	-2.345	0.780	22	ScrambledFaces
-1.422	-4.443	0.201	-0.599	-2.865	0.955	-0.966	4.145	4.700	4.828	5.075	9.213	2.852	2.746	-9.445	-7.006	-7.577	-5.295	-5.239	-10.405	-4.727	-9.519	-6.526	4.573	4.061	10.483	7.554	10.746	22	ScrambledCars
4.921	14.614	7.904	11.080	5.194	3.012	0.218	-10.373	-7.397	-5.200	-2.956	-5.008	7.614	14.733	-3.279	16.557	3.546	0.156	3.149	17.292	15.099	-0.294	-3.002	-5.999	-18.085	-19.772	-10.385	-12.927	22	Faces
8.266	1.661	-0.668	3.777	-2.071	-3.647	1.493	-1.458	2.462	3.128	5.688	2.315	-3.638	-2.933	3.166	5.541	4.016	-2.216	-1.332	4.884	2.336	-0.746	-5.600	-7.356	-8.353	-4.381	-2.887	0.229	22	Faces
-14.463	-11.037	-9.012	-7.755	1.183	5.138	6.869	11.858	13.628	13.130	12.001	10.837	3.655	-5.657	-7.082	-13.200	-11.246	1.451	-9.133	-12.943	-8.123	-2.764	0.564	7.255	8.106	17.080	14.548	15.455	22	ScrambledCars
-7.955	-5.980	-4.524	-6.348	-7.395	-3.546	-1.279	1.000	2.333	2.572	6.864	5.907	-10.055	-9.852	-3.620	-6.875	1.642	1.131	-4.589	-11.195	-9.076	-0.218	3.475	3.525	10.406	11.631	9.676	10.848	22	ScrambledCars
-1.115	-3.896	2.448	0.322	-4.197	-3.275	-5.206	-8.735	-8.154	-6.010	-2.424	-3.712	-1.494	1.709	6.520	10.186	9.415	9.081	4.703	4.913	4.836	3.655	4.455	-2.134	-7.397	-10.828	-2.745	-3.578	22	Cars
-4.305	1.068	-0.888	-0.413	1.481	-1.525	0.288	-9.949	-5.091	2.952	1.010	1.908	6.229	10.549	-4.535	4.514	10.060	2.191	6.416	7.332	8.316	7.422	4.753	2.819	-6.849	-10.040	1.024	-4.319	22	Faces
1.945	-3.699	-1.574	-4.495	-4.836	-1.274	2.928	3.605	7.192	2.874	8.601	9.582	-0.870	-3.915	2.787	-11.657	-10.608	-3.675	-7.793	-10.605	-9.005	-5.362	-5.379	-0.988	0.699	3.170	6.464	4.452	22	Cars
-8.353	-3.680	-5.380	-2.301	-4.741	0.078	6.045	9.302	12.078	10.342	7.951	6.890	6.218	-1.652	3.629	-5.009	-4.890	-11.067	-10.079	-4.492	-6.590	-11.442	-8.482	0.844	-0.502	8.799	11.196	11.904	22	ScrambledCars
4.995	7.323	1.058	3.585	1.156	2.276	0.149	-0.141	-2.978	1.358	-1.468	-4.736	-0.034	0.126	-4.721	11.929	12.598	-0.314	3.992	8.572	6.189	0.789	-1.041	-4.966	-10.376	-9.477	-5.872	-2.333	22	ScrambledCars
-5.679	-1.513	-0.803	1.723	0.003	2.325	5.920	2.430	6.633	6.439	5.350	0.154	-2.292	7.010	-10.211	-1.333	-0.840	-3.051	2.568	4.622	5.127	1.737	-0.068	-0.673	-3.721	-1.338	-2.300	-5.331	22	ScrambledCars
5.829	-2.368	-2.571	-0.842	3.482	0.571	0.258	-9.545	0.750	3.700	2.157	7.802	8.876	5.733	-1.091	-1.025	0.995	-2.365	-0.596	2.659	5.216	1.168	-3.058	-0.556	-7.266	-5.284	0.741	6.260	22	Faces
0.710	0.383	-1.647	2.367	-3.025	-2.798	-1.322	1.016	-3.660	2.297	5.591	4.514	-0.559	1.201	1.194	-0.191	1.952	-9.987	-1.563	0.341	2.417	-1.163	-0.636	1.231	-5.224	-1.221	4.024	0.341	22	Cars
-10.470	-3.208	-6.300	-0.974	3.664	-6.780	-0.483	-11.448	-8.676	2.602	-0.885	4.556	11.821	12.639	-4.736	3.544	4.455	0.504	8.961	9.733	10.314	9.231	4.116	10.850	-1.814	-3.847	5.306	1.969	22	Faces
7.431	-3.805	-0.805	-4.193	-6.164	-1.606	2.973	1.861	3.135	-0.256	1.251	0.016	2.293	-2.889	13.073	3.420	4.653	5.359	1.736	1.642	-2.813	-7.358	-4.969	-2.739	-4.233	0.086	0.119	-1.026	22	ScrambledFaces
0.730	3.321	0.186	2.774	-0.782	0.227	-7.375	-10.044	-12.374	-5.456	-6.120	2.352	-3.394	1.857	10.534	0.498	7.179	3.950	3.910	1.226	0.755	0.370	-0.388	-2.364	-2.768	0.014	-4.712	3.202	22	Cars
-7.695	4.000	4.215	5.086	4.941	1.131	3.440	5.148	6.803	3.950	2.822	-0.369	-5.336	-4.622	-6.414	0.147	-0.790	-1.515	-1.349	-3.351	-4.820	-2.730	-4.658	-3.576	-6.399	0.051	2.629	6.481	22	ScrambledFaces
-1.876	-0.631	-0.421	1.655	3.818	1.401	-0.926	-5.904	-3.075	-0.273	5.447	8.713	6.576	0.156	-8.048	-6.793	-11.594	-0.777	-4.521	-7.527	-2.871	-7.672	-7.336	2.021	-0.575	9.105	17.680	14.092	22	Cars
-1.374	7.716	0.004	-2.148	0.870	-4.663	-7.710	-3.963	-5.602	-6.551	-2.959	-2.795	-8.095	-2.570	2.055	10.235	9.408	0.953	7.970	10.540	2.662	3.468	3.167	-3.292	-2.252	-7.721	-6.209	-4.552	22	Cars
4.406	-2.882	0.517	0.776	1.665	-0.805	1.671	-0.529	-1.800	5.396	3.851	9.122	6.492	6.690	-6.829	-2.279	2.329	-5.962	-1.230	-1.739	2.654	0.806	-1.974	-1.075	-4.921	-5.184	-1.038	-0.467	22	Cars
-6.393	-0.139	1.859	5.844	-0.369	-1.519	-0.914	-3.246	0.583	1.441	-0.366	-0.504	0.955	3.073	-2.726	6.996	11.745	-2.327	8.255	10.968	9.902	0.998	-2.487	-3.795	-9.747	-8.149	-3.136	-0.984	22	Cars
-12.723	-4.388	-3.704	-2.632	-2.241	0.806	5.636	9.981	8.446	6.243	6.114	4.728	-1.622	-0.644	-9.290	-2.807	-4.473	-2.474	1.389	-2.839	-0.211	4.436	1.366	6.038	3.073	9.564	5.410	4.439	22	ScrambledFaces
14.396	11.498	10.412	12.107	5.872	5.154	-5.041	-10.663	-14.345	-11.667	-11.093	-8.615	-4.017	1.505	4.571	15.163	6.988	-0.015	5.763	10.329	7.185	2.092	-1.474	-9.287	-10.104	-14.638	-14.112	-14.074	22	Faces
0.656	6.845	8.021	2.470	1.506	3.446	-0.432	9.107	3.921	2.309	4.958	2.160	-4.792	-9.466	-3.775	-6.743	-6.960	0.405	-0.704	-12.415	-11.997	-1.830	0.461	-2.963	-6.401	-8.371	-2.206	-2.108	22	ScrambledCars
4.807	1.975	1.102	1.519	-0.205	-2.962	-4.524	-4.556	-4.983	-3.910	-5.059	-2.053	1.724	-3.506	3.728	5.096	2.779	2.274	3.109	6.405	2.276	-1.889	-1.722	-2.185	-5.588	-5.497	-2.450	-0.878	22	ScrambledCars
3.365	1.419	-0.526	0.179	-6.465	2.303	1.358	2.283	2.804	7.564	5.578	0.176	-0.685	-1.847	-4.664	1.964	6.718	4.787	-4.744	-0.901	-4.271	-0.937	-4.079	-2.362	-2.150	1.072	0.041	1.707	22	ScrambledCars
7.898	-9.329	-7.994	-7.038	-5.949	-5.388	2.094	2.937	6.938	7.493	3.919	5.342	0.598	3.690	2.660	-6.807	-5.803	-2.458	-2.091	-0.929	3.004	1.349	1.447	4.915	3.727	3.616	9.157	6.843	22	ScrambledFaces
-0.482	-6.016	-2.808	-1.267	-1.011	-1.836	1.180	-1.896	-1.778	1.153	4.032	5.083	5.574	7.291	-0.936	-1.634	-3.524	-9.901	-3.534	-2.541	0.923	0.070	-2.432	3.654	-0.454	4.525	7.802	7.213	22	ScrambledFaces
-7.312	-1.353	-2.782	2.048	3.107	3.756	8.071	4.084	7.172	11.894	7.732	5.309	6.749	8.231	-14.917	-0.257	-0.747	-5.748	-1.905	4.862	6.598	1.691	-2.830	3.604	-5.322	-0.953	1.806	-1.492	22	ScrambledFaces
-4.882	2.791	-2.421	5.448	3.535	-0.061	-1.902	-16.764	-10.551	-4.903	-5.584	-0.659	4.753	7.758	-0.481	5.327	-1.127	-4.169	3.476	9.421	9.191	4.815	1.007	7.365	-7.827	-1.113	7.498	5.084	22	Faces
-2.811	-4.035	-1.819	-3.596	-1.148	-5.010	3.966	2.173	5.389	3.974	11.597	12.192	6.049	3.147	-4.569	-6.361	-10.013	-2.835	-1.061	-3.537	-1.690	-1.195	0.014	1.810	-1.307	3.803	7.245	5.282	22	Cars
0.238	-5.788	-0.224	-7.243	-1.395	-3.122	2.003	4.015	10.123	8.251	11.059	12.870	-1.444	-3.307	-4.851	-8.039	-5.534	-11.274	-7.203	-5.067	-4.400	-8.651	-7.144	-0.816	3.003	9.363	8.514	15.109	22	ScrambledCars
-1.305	-0.090	0.986	-2.053	-5.226	1.556	-4.785	-14.541	-10.951	-3.287	1.452	3.603	-3.327	-1.309	4.947	2.168	6.927	10.286	2.104	-0.729	-0.415	-0.893	1.119	-2.789	-7.372	-7.774	0.184	3.118	22	Faces
1.228	0.449	-1.011	-3.892	0.231	1.752	-6.159	-5.666	-8.345	-6.730	0.446	0.606	-2.260	-0.662	8.063	-1.688	0.079	6.860	3.549	0.782	1.068	5.835	5.944	3.987	0.786	-1.618	-4.405	-3.226	22	Cars
8.354	-1.580	2.775	-0.059	-2.007	-0.087	-5.642	-11.132	-15.322	-3.793	-6.381	-3.534	3.286	-0.111	13.713	9.916	15.431	13.796	14.465	5.535	1.448	10.626	3.927	0.247	-12.859	-17.008	-5.143	-8.771	22	Faces
-3.741	2.206	6.390	2.005	0.214	-2.912	-2.709	-9.636	-9.167	-8.011	-4.110	-2.782	2.382	4.097	-5.995	5.564	11.375	-1.437	3.158	6.226	5.879	4.855	0.544	-2.242	-5.339	-4.078	-1.510	1.629	22	Cars
-11.167	3.766	0.988	0.272	4.043	2.792	1.320	-3.707	1.890	0.617	2.130	0.083	4.237	2.199	2.157	-2.610	-5.746	10.396	-6.412	-0.241	1.678	-4.065	-3.994	-2.865	-1.103	-5.318	0.091	-3.182	22	Cars
-12.717	2.037	-0.619	1.112	2.723	-1.004	2.184	-5.279	-4.910	1.647	4.497	9.624	11.448	5.823	-9.119	-0.377	3.068	-3.698	-4.351	-0.210	3.988	-2.237	-5.896	4.871	-8.419	-3.684	8.306	2.224	22	Faces
-1.738	2.339	5.428	1.044	1.258	0.795	-2.021	4.618	-4.147	-1.191	-2.710	0.926	0.639	-2.076	-1.540	1.419	7.177	8.080	-0.909	0.079	-1.057	-3.875	-0.342	-4.977	-4.982	-6.341	-3.187	-2.040	22	ScrambledFaces
1.689	-2.385	-0.484	2.042	5.393	-2.471	3.648	-6.378	-2.005	2.695	7.529	5.357	2.877	4.491	6.932	-6.029	-6.482	0.720	-4.283	-5.824	-1.313	-2.547	-2.295	-0.454	-9.594	-3.319	1.733	0.312	22	Cars
5.593	5.209	8.996	2.618	2.830	3.229	-3.650	-9.240	-8.746	-3.986	-0.659	-1.400	-3.265	-0.739	7.796	6.050	-0.179	9.531	1.925	2.662	0.212	-0.356	-1.748	-7.090	-11.747	-13.635	-8.678	-8.288	22	Faces
-2.872	-13.584	-6.254	-8.570	-6.004	-2.436	5.628	0.383	4.384	5.366	5.053	6.438	9.113	1.511	4.342	-12.008	-0.855	9.144	-4.856	-12.723	-5.471	1.720	2.161	4.234	1.902	1.548	6.021	5.817	22	ScrambledCars
13.136	2.714	6.395	1.726	7.430	5.132	0.952	-1.696	-3.220	-0.093	1.899	0.541	-6.994	-3.885	5.857	-1.332	6.999	3.397	-2.941	-6.045	-6.200	-3.196	-2.251	-11.433	-11.394	-15.963	-14.660	-8.783	22	Cars
1.296	3.536	2.960	5.289	2.260	0.816	4.620	1.603	-2.779	4.904	1.159	-4.941	5.202	7.010	-5.300	0.227	-3.271	3.746	-2.322	0.012	6.430	-1.589	-1.936	-1.998	-4.585	-9.499	-4.298	-3.851	22	Cars
-4.838	-0.345	0.386	0.017	3.298	-1.822	3.584	9.863	2.827	6.361	7.367	3.890	4.460	2.878	-5.666	-5.857	-7.778	-4.753	-4.836	-5.211	0.702	-5.666	-3.287	-2.844	-1.495	1.866	1.046	2.482	22	ScrambledFaces
3.078	3.652	-0.318	2.269	6.253	0.764	0.208	-2.331	-3.270	1.201	2.012	6.339	1.520	-0.259	1.254	-8.115	6.429	-1.648	-0.472	-10.088	-5.499	-2.312	-0.992	-2.568	-2.409	-1.977	2.677	1.852	22	Cars
8.778	1.806	5.708	7.361	0.383	2.354	1.192	0.931	3.788	0.808	-0.231	-2.305	-0.477	-1.026	7.684	-3.110	-7.468	-0.664	-7.712	-2.089	-1.181	-6.747	-2.745	-0.721	-2.070	-1.963	-4.841	-28.580	22	Faces
6.945	3.524	3.612	0.814	-4.179	3.332	-9.169	-1.861	-0.187	-8.198	0.545	-0.913	-9.857	-6.286	1.171	4.236	12.724	5.540	-1.281	2.069	-2.312	0.121	-0.402	-10.529	-0.376	-4.749	-10.817	0.212	22	ScrambledCars
-5.247	-0.570	0.211	-1.888	1.121	-1.441	-1.880	-0.577	2.316	0.628	2.642	2.431	-0.654	-7.798	-6.235	-1.680	2.988	4.684	-0.450	-2.832	-2.988	1.441	3.559	-3.336	0.601	-5.450	-6.137	-2.041	22	ScrambledFaces
0.709	6.871	-1.460	5.598	-0.901	2.100	0.451	-10.976	-7.992	1.653	0.345	0.456	6.786	1.092	-3.345	11.921	4.846	3.299	6.695	6.660	6.512	5.592	0.327	-3.750	-12.352	-12.624	-4.791	-2.875	22	Faces
-12.026	7.745	-5.605	4.517	-0.512	1.902	-1.570	-2.160	-10.297	-3.716	-5.289	2.699	5.712	6.306	-10.474	6.316	7.471	-5.672	4.030	6.405	2.742	-0.250	-0.799	3.706	-0.185	5.680	9.078	6.194	22	ScrambledFaces
-12.240	-2.372	-8.486	-1.323	-5.030	-2.800	2.270	6.228	14.883	13.085	13.965	13.044	-8.510	-41.579	-1.612	-7.117	-3.354	-9.362	-2.692	-7.210	-7.086	-4.636	-2.421	3.161	4.730	13.170	8.155	14.091	22	ScrambledFaces
-4.602	4.430	-0.068	2.229	4.703	0.570	1.958	9.616	8.780	2.467	4.412	0.517	-1.843	3.089	-0.518	1.347	9.481	-2.625	2.654	-5.145	-4.032	-4.977	-4.096	-5.065	-5.970	-5.063	-4.091	-2.970	22	ScrambledCars
-5.264	-5.122	-2.347	-0.387	-0.965	-2.540	2.074	-0.741	-2.523	0.779	-2.550	0.089	6.564	7.021	4.015	2.866	-5.659	7.591	1.181	7.967	9.327	3.250	-1.168	-1.771	-11.577	-6.300	-2.622	-5.893	22	ScrambledCars
-4.478	-3.217	-8.158	-5.170	-2.945	-8.911	-2.512	-5.442	-11.516	-4.801	-5.235	-3.305	3.938	3.862	10.056	5.056	10.389	14.624	4.427	4.696	9.755	6.689	6.947	0.570	-3.931	-6.140	-2.927	-5.846	22	ScrambledFaces
0.888	-4.168	-2.320	-4.546	-3.517	-3.782	0.775	3.788	2.462	0.854	4.705	4.235	3.950	-2.306	4.493	-3.373	0.105	0.488	0.624	-1.296	-0.670	-1.620	-2.548	-1.327	-2.876	-1.203	0.061	2.824	22	ScrambledFaces
-0.490	2.993	-3.748	4.150	3.685	3.393	4.959	-4.421	-3.284	5.862	0.489	-0.146	12.765	8.968	15.172	4.749	0.847	2.436	-1.174	9.803	10.843	1.097	-4.916	-4.183	-14.865	-18.061	-6.226	-7.835	22	Faces
-9.723	-2.361	-7.336	-0.459	1.505	-1.776	5.802	5.437	0.128	4.538	8.053	8.535	5.589	-0.784	-0.820	-0.100	-9.735	-8.229	1.003	-5.015	-2.802	-1.247	1.944	4.217	8.864	6.076	4.089	4.271	22	Cars
3.363	3.066	1.451	2.688	0.787	2.804	3.326	8.386	7.785	4.437	4.561	5.585	-0.827	-0.597	-2.303	0.763	-1.828	-3.811	1.478	-3.877	-4.222	-3.822	-3.371	-3.008	-5.348	-4.536	-4.437	-1.966	22	ScrambledCars
-0.374	2.660	-1.596	0.090	4.282	-2.574	1.112	6.359	-0.127	2.508	1.504	1.932	5.049	-0.580	7.273	-1.287	0.042	-5.939	2.567	-3.048	-2.395	-1.627	-4.491	-2.631	-5.772	-5.587	1.090	-0.142	22	Cars
-4.884	1.966	-8.167	3.397	3.696	-3.497	1.112	-2.284	1.928	0.048	-2.178	-1.025	7.742	4.168	-1.615	5.406	10.911	-3.849	4.924	8.143	6.397	5.848	0.864	1.857	-5.226	-1.675	0.384	0.820	22	ScrambledFaces
3.046	4.094	5.294	0.427	-0.223	0.517	5.847	13.795	8.989	8.533	11.399	7.234	-3.548	-2.677	-9.078	-5.356	-6.231	-7.548	-8.633	-4.718	-3.967	-7.508	-11.015	-8.902	-8.184	-5.828	-4.691	-1.692	22	ScrambledCars
-3.081	2.622	-1.586	-3.141	-4.972	-2.449	-7.431	-7.171	-5.032	-9.312	-6.246	-1.679	-7.838	-2.609	-7.112	-0.685	7.261	10.339	3.471	-2.025	0.867	1.753	6.104	-1.051	2.840	2.579	-1.243	0.647	22	ScrambledFaces
-14.331	-6.569	-11.810	-3.568	-5.843	-8.999	7.893	5.159	13.721	14.173	11.509	11.350	3.888	0.804	-10.140	-12.006	-9.504	-12.529	-11.105	-9.041	-4.403	-4.756	-2.196	7.946	8.861	16.201	18.589	20.404	22	ScrambledFaces
-3.224	4.914	0.090	4.858	9.689	6.036	1.719	-10.169	-11.569	-2.869	-7.053	-2.098	10.921	12.315	-4.141	12.659	15.459	-15.611	11.259	12.036	9.758	3.059	1.559	-2.171	-9.567	-13.585	-2.478	-6.393	22	Faces
4.852	6.618	6.108	8.878	9.026	3.722	-1.833	-13.555	-12.060	-4.794	-7.835	-6.655	3.277	6.981	7.641	9.027	8.564	0.853	6.495	7.298	8.102	5.265	-0.795	-2.189	-12.261	-16.767	-8.579	-10.294	22	Faces
-12.388	-7.950	-7.151	-9.120	-4.557	-4.070	5.488	11.088	12.216	10.204	14.135	14.567	1.826	-2.481	-6.111	-12.088	-8.698	-7.747	-9.407	-13.478	-10.635	-7.857	-6.563	6.493	8.915	13.160	15.528	14.022	22	ScrambledCars
-10.623	-0.523	0.307	-4.442	-2.806	0.588	-1.054	3.883	5.234	2.429	6.074	4.647	-4.757	-4.541	-2.677	1.247	-1.959	-5.825	0.098	-1.405	-3.479	-1.885	-2.746	-1.049	1.592	6.091	3.531	5.100	22	ScrambledCars
-2.839	-3.040	0.463	-2.803	-0.499	-2.744	2.862	0.309	8.028	8.758	7.727	4.588	-5.386	-3.107	3.256	-5.838	-12.952	0.841	-7.051	-1.842	-4.298	-3.502	-5.976	-0.098	-0.248	5.725	1.770	8.506	22	ScrambledCars
-2.946	0.172	-3.603	-2.307	-0.633	-3.733	-2.940	-5.323	-4.992	-0.673	-5.331	-1.806	6.947	0.068	-0.631	4.407	11.144	7.767	4.092	4.098	4.811	1.820	-2.498	0.371	-6.409	-9.085	-4.909	-5.243	22	Cars
-6.731	-2.994	-0.588	-2.569	0.467	-3.219	0.116	-5.833	0.358	3.511	1.150	-3.310	2.870	6.995	1.386	0.453	0.515	2.828	4.498	4.205	7.256	6.047	0.405	1.060	-0.922	1.287	5.557	1.488	22	ScrambledFaces
-5.925	-1.551	-1.095	0.072	-2.525	-0.819	-2.073	2.586	0.548	3.148	1.720	3.280	7.464	6.721	-2.375	-4.810	-0.902	-5.508	-1.135	-2.116	0.939	0.083	-2.198	6.952	-0.938	4.498	10.020	4.357	22	Cars
-9.546	2.296	-1.641	2.030	-0.533	-2.723	-0.215	6.297	-2.739	-1.376	-1.696	-0.114	2.971	0.687	-4.911	-2.190	-2.785	2.978	1.643	0.319	1.393	0.699	-1.086	5.652	3.195	6.019	7.348	1.751	22	Cars
-0.357	3.619	-2.160	0.549	1.651	-0.680	-5.810	-5.358	-13.420	-7.008	-6.085	0.769	9.186	8.521	-6.691	-1.504	-1.014	-6.109	3.936	1.289	3.532	8.269	1.137	9.439	2.672	3.443	9.266	6.996	22	ScrambledCars
-3.989	-1.791	-6.394	-3.596	-1.016	-5.186	-4.645	-6.363	-7.332	-5.393	1.662	-1.836	-3.991	-1.048	-3.996	2.036	3.138	1.719	5.210	1.596	1.486	9.793	7.833	2.003	5.108	-2.012	-2.537	-4.367	22	Cars
3.645	-4.803	-1.243	1.194	3.100	-0.609	4.621	-2.537	-1.575	-0.329	0.553	0.416	5.834	5.688	-4.770	6.673	1.399	0.208	1.853	9.939	10.199	2.860	-0.389	0.638	-1.026	0.368	2.533	2.094	22	Cars
2.842	2.794	3.695	-1.755	-5.255	-3.676	-4.223	-4.881	-6.322	-5.395	-4.943	-2.017	-8.808	-4.002	7.430	3.238	8.833	-3.623	4.261	0.811	-2.816	-0.355	-0.572	-2.196	-4.368	-2.667	-0.607	-0.220	22	ScrambledFaces
-6.013	-2.260	-7.915	0.216	-4.408	-6.157	0.497	-5.263	1.084	1.907	-0.346	4.238	4.919	6.348	1.277	7.787	8.112	5.400	8.643	9.569	6.009	5.104	2.334	0.973	-2.427	-2.791	-0.619	1.175	22	ScrambledCars
-6.650	-4.071	-3.947	-2.529	-0.395	-1.745	-0.826	3.697	1.387	0.687	5.856	1.501	-2.922	-2.210	-7.259	-9.910	8.202	1.144	1.642	-5.509	-4.557	-0.601	0.062	-0.582	4.906	3.734	3.169	6.952	22	ScrambledCars
-6.842	-4.805	-6.783	-0.444	-1.459	-3.462	-0.852	-4.249	0.735	0.107	3.530	1.068	8.028	5.204	-1.908	-1.498	0.652	4.412	6.310	0.457	6.397	3.695	1.780	6.099	-4.256	-4.364	2.634	-3.066	22	Cars
15.016	-0.580	8.041	3.668	-0.690	3.640	-0.486	2.796	4.145	0.017	0.941	-1.081	-6.708	-6.485	16.785	-7.695	-8.872	8.641	-14.322	-7.565	-10.866	-8.145	-4.980	-5.864	-1.212	-0.031	-7.801	-0.896	22	ScrambledCars
-3.493	3.270	3.920	0.890	-1.188	-1.960	-3.299	-7.985	-7.486	-4.193	-1.619	2.466	-1.791	0.137	0.840	-0.334	9.844	7.587	18.139	-4.221	-1.762	2.892	3.007	-5.163	-4.979	-9.141	-2.487	-10.668	22	Faces
3.894	-0.640	6.826	0.541	-3.311	2.362	-6.183	-7.100	-11.337	-7.584	0.436	1.801	-4.144	-2.007	14.256	-0.333	4.477	12.005	-2.655	-2.702	-4.258	-3.646	-2.359	-8.247	-6.492	-9.902	-6.571	-7.487	22	Cars
17.809	3.239	9.784	2.859	0.531	-1.359	-5.250	-12.849	-13.991	-10.764	-10.367	-4.700	-1.915	0.275	11.391	7.825	1.504	15.412	0.513	5.785	3.702	-3.663	3.148	-5.334	-6.797	-17.271	-9.252	-12.541	22	Cars
-7.631	0.193	-7.335	-2.174	1.983	-4.378	7.169	2.721	2.915	7.682	7.436	4.284	10.372	9.114	-2.543	4.405	4.191	-1.326	2.459	6.745	8.443	2.430	-0.448	-1.894	-9.903	-11.580	-2.160	-6.570	22	Faces
4.427	0.291	7.350	3.740	-2.950	0.262	-1.440	-4.916	-7.332	-5.638	-2.090	2.586	2.338	0.377	2.576	1.613	1.958	8.361	2.073	3.396	1.399	2.098	-1.204	-3.946	-8.846	-11.449	-4.664	-7.862	22	Faces
-7.185	7.459	-2.169	7.289	3.087	1.967	-2.706	-5.119	-5.454	-3.210	-4.299	-6.448	6.256	7.456	-10.229	6.986	7.354	-4.280	11.800	15.085	13.156	5.805	3.824	0.959	-8.005	-5.657	0.351	-2.022	22	ScrambledFaces
6.671	-2.193	1.170	-2.900	-1.345	-1.004	1.778	-12.466	-4.972	1.857	3.508	5.473	7.939	4.877	8.972	-2.690	-8.705	6.746	-4.826	1.834	6.029	-2.720	-6.630	0.992	-10.339	-5.016	2.786	1.979	22	Faces
5.104	4.569	10.197	6.972	0.279	4.140	-1.500	-1.715	-6.050	-3.345	-4.071	-0.528	1.761	3.762	-2.643	-1.628	-0.275	6.366	3.380	-2.522	1.165	5.896	3.466	-2.099	-6.451	-10.188	-5.592	-8.607	22	ScrambledCars
-8.320	0.493	-5.982	3.171	1.593	2.463	1.327	1.432	4.286	4.153	0.745	-1.939	1.840	-0.243	2.254	-2.138	-4.171	5.539	1.965	2.698	2.424	-0.371	1.338	-1.140	-1.480	-2.683	-4.669	-2.470	22	ScrambledCars
8.198	1.934	3.168	4.101	9.554	-0.324	0.229	-2.586	-7.157	-2.951	-4.864	-1.468	5.465	6.141	8.783	11.085	-5.258	4.311	1.402	8.997	4.920	-1.939	-3.612	-3.240	-13.172	-11.171	-4.691	-6.457	22	Faces
-3.142	-4.356	-6.419	-7.485	-4.746	-11.527	3.991	-0.094	5.659	6.462	2.966	6.451	-2.063	-3.069	-4.504	-7.722	-1.608	9.453	-6.913	-11.770	-11.134	-2.206	2.195	2.294	3.485	5.256	5.895	5.596	22	ScrambledCars
-20.303	1.995	-2.110	4.302	7.556	2.080	6.274	8.733	2.812	5.119	-0.603	-4.283	6.160	7.608	-27.185	3.657	12.205	-2.867	10.373	8.503	5.095	7.683	8.938	-0.145	-3.108	-6.393	-4.722	-5.799	22	ScrambledCars
1.782	6.940	6.020	-0.741	-2.203	-4.564	-4.740	-7.866	-6.020	-6.786	-2.684	-2.059	-9.526	-5.888	2.787	3.731	6.240	8.051	4.538	0.101	-3.677	0.636	4.073	-4.530	-1.245	-10.867	-9.855	-19.174	22	Cars
-9.564	-0.659	-6.190	-1.867	-0.467	-1.712	-2.693	-5.034	-9.782	-4.019	-4.776	-3.926	-0.582	4.919	-5.591	1.648	22.123	8.745	10.187	5.628	8.367	8.543	5.821	3.072	-7.387	-11.035	-3.759	-7.738	22	Cars
-10.452	2.468	-3.294	2.149	3.086	5.144	7.840	12.414	9.602	8.227	9.818	7.978	-2.289	-6.186	-13.398	-5.257	0.522	-7.711	-6.526	-1.262	-6.323	-7.034	-3.955	-2.977	-3.467	1.378	1.802	3.298	22	ScrambledCars
1.147	-4.065	-0.981	-5.202	0.105	-4.304	0.654	4.899	4.462	1.661	3.326	5.485	-3.408	-5.322	-2.256	-6.989	-5.057	-6.832	-2.276	-6.029	-8.144	-4.124	-2.110	-0.494	5.052	8.263	-0.222	6.089	22	ScrambledFaces
8.370	3.434	2.558	-1.211	-3.053	-5.905	-9.679	-12.585	-14.382	-10.528	-4.949	-4.576	3.603	-1.017	8.522	6.529	5.845	11.994	6.657	3.198	0.634	1.472	5.428	-2.357	-4.108	-8.978	-0.237	-0.872	22	Faces
-7.990	-2.083	-11.500	-3.849	-4.866	-4.827	1.998	0.978	4.649	3.223	0.659	-0.142	3.743	2.196	1.570	-0.565	-2.876	12.638	0.641	0.191	-0.537	2.218	1.848	0.846	-2.381	-3.986	-1.414	0.439	22	ScrambledFaces
8.341	6.424	9.270	1.973	-2.459	1.437	-2.528	0.968	-8.125	-8.038	-5.915	-6.821	-1.231	-5.633	8.580	6.735	17.010	8.370	3.441	1.867	-3.741	0.887	2.409	-6.358	-2.715	-12.651	-9.359	-10.241	22	Cars
6.472	-0.169	0.203	-1.798	-4.163	0.800	6.041	2.206	8.242	5.535	9.859	4.439	1.475	0.192	-5.266	-5.838	-11.833	-5.814	-9.220	-6.388	-5.148	-7.599	-7.927	-2.309	-3.846	-0.739	1.274	0.631	22	ScrambledFaces
2.600	6.441	4.517	0.755	-1.417	0.820	-3.087	-3.121	-4.123	-1.132	-0.489	1.276	2.699	-2.865	1.702	-1.981	2.023	-0.591	0.050	-4.823	-2.776	0.710	-1.349	-2.111	-4.573	-6.866	-5.582	-1.055	22	Cars
11.165	-3.402	3.448	-2.843	2.031	0.801	5.533	-7.374	-1.849	2.068	-0.620	1.018	3.440	1.614	11.716	3.851	-6.658	8.796	-7.058	2.591	-1.018	-4.905	-4.106	0.961	-5.503	-11.798	-2.583	-1.171	22	Faces
1.526	12.553	11.922	7.249	0.628	2.786	-6.124	-3.576	-6.677	-8.311	-3.885	-8.255	-0.156	-6.136	7.195	5.852	4.049	9.081	3.517	3.629	-3.688	0.247	1.097	-8.554	-10.298	-18.840	-14.784	-9.017	22	Cars
12.036	-0.386	12.063	1.097	1.815	2.733	-1.605	-8.036	-7.230	-3.487	-5.282	2.423	2.516	0.627	9.598	-1.413	-10.144	2.701	-4.055	-1.097	1.248	-4.636	-6.174	-3.716	-10.284	-11.743	-2.495	-5.117	22	Cars
1.483	4.612	-0.405	1.286	6.593	1.157	0.056	-3.652	-7.468	-1.385	-2.613	-8.672	3.544	0.421	-1.029	5.874	11.652	8.927	5.600	5.771	2.000	2.581	2.139	-3.400	-11.170	-15.017	-7.514	-12.825	22	Faces
4.781	-1.742	4.753	-1.210	-7.081	-1.785	-0.028	-0.036	-2.003	-0.138	0.714	-1.174	1.168	-1.407	7.790	2.649	2.582	5.164	2.440	-0.039	-3.739	-0.299	1.150	-0.388	-7.931	-8.256	-1.414	-4.959	22	ScrambledFaces
-5.940	6.197	-2.375	3.660	7.330	4.735	5.499	-2.506	2.621	5.052	-2.526	-0.503	10.267	9.358	-0.652	5.248	-4.190	-9.605	4.161	5.214	8.073	5.207	-4.023	-1.286	-4.172	-5.339	2.222	-4.589	22	ScrambledCars
-11.518	0.854	2.486	2.547	4.924	5.514	9.624	0.091	1.784	9.143	7.181	8.705	11.390	4.078	-17.754	-6.804	-10.770	-1.315	-7.748	-4.342	2.947	-7.103	-6.753	4.121	-1.373	4.726	10.467	9.333	22	Faces
-1.212	-7.128	-5.409	-3.275	-4.114	-8.339	-1.479	-2.528	-2.330	1.355	-4.668	-2.106	5.347	-1.208	-2.351	0.283	-0.502	9.974	1.246	1.352	2.595	3.046	3.842	0.747	0.739	0.265	-1.235	0.328	22	ScrambledFaces
0.189	6.884	4.273	3.845	-1.555	2.950	-1.088	-3.195	1.068	-0.377	2.084	1.674	-6.194	-8.008	-8.626	2.880	5.468	3.284	-4.235	-2.561	-6.237	-6.877	-3.614	-3.894	-0.432	-4.834	-6.153	-1.903	22	ScrambledCars
11.130	4.881	-3.393	-1.000	0.539	-0.561	2.133	0.652	-0.478	3.565	-5.707	-4.678	2.326	-1.019	11.727	-1.005	-0.764	-8.366	-2.594	1.065	0.376	-1.820	-4.943	-1.111	-5.121	-6.003	2.785	-4.511	22	ScrambledFaces
4.737	13.864	5.060	9.230	2.465	1.023	-3.252	-1.698	-7.220	-3.281	-5.822	-7.569	-3.035	1.139	-5.695	13.821	17.136	-3.474	12.254	12.199	5.054	0.459	-3.405	-9.051	-11.204	-18.318	-13.887	-14.110	22	Cars
-4.332	-6.496	-7.627	-5.327	-3.812	-6.513	2.172	-2.131	-0.847	3.813	-2.673	3.173	1.579	-1.140	3.916	-3.439	-1.649	3.270	-1.537	-6.203	-3.923	2.486	3.208	6.159	7.263	10.791	8.149	5.584	22	ScrambledCars
14.239	5.388	6.414	7.710	6.857	11.632	1.379	1.299	-1.310	-1.513	-6.873	-4.910	5.511	2.024	9.242	1.798	4.217	6.339	-1.638	-1.874	0.024	-1.017	-5.685	-6.198	-12.702	-18.129	-12.714	-15.563	22	Faces
2.628	9.258	6.682	9.253	1.860	3.277	-2.571	-1.112	-3.778	-6.385	-4.126	-10.564	2.237	0.436	11.095	12.611	-4.119	4.971	-2.548	8.522	2.545	2.851	-0.021	-2.787	-8.183	-7.537	-3.132	-7.325	22	ScrambledCars
0.795	-2.352	4.691	-2.709	0.665	-0.909	-1.354	0.766	5.498	-0.867	1.068	-0.094	0.935	0.259	-6.537	0.937	2.238	-5.617	-5.235	1.202	2.200	-1.344	-1.967	-0.375	-0.880	-3.128	-3.133	-3.311	22	ScrambledCars
-2.969	-1.242	1.691	-1.813	-2.859	-3.531	-1.054	-8.607	-0.451	-0.023	1.288	0.389	3.650	-0.553	-0.869	-0.828	2.511	2.129	6.083	-0.665	-0.289	5.837	3.139	-0.091	-9.270	-7.888	-2.521	-6.159	22	Cars
-7.124	-0.518	-5.201	2.011	4.353	-1.079	4.370	2.022	2.079	7.834	5.716	1.520	5.126	8.615	-2.341	0.677	-3.350	-11.063	-4.199	7.335	9.004	-1.408	-5.403	-1.175	-2.385	3.306	4.923	2.692	22	ScrambledFaces
7.274	-0.957	3.698	-6.298	-6.301	-0.812	0.290	5.632	3.546	0.756	2.799	4.576	2.313	-6.402	3.902	-3.192	-1.856	-4.338	-1.381	-8.018	-4.020	-1.891	-0.434	-2.431	-1.139	-1.352	-0.586	-1.185	22	ScrambledCars
-4.826	5.166	0.180	5.606	8.291	-3.096	-1.672	-3.488	-8.838	-4.538	-9.855	-6.099	9.658	10.973	-6.660	7.268	7.682	2.178	7.054	10.304	12.969	10.113	3.847	6.589	-4.492	-8.246	-1.145	-3.993	22	Faces
4.851	-7.093	-0.576	-4.980	-2.656	-2.525	4.453	16.757	11.642	4.652	8.021	7.021	3.619	-1.340	6.512	-6.505	-6.947	0.170	-10.355	-6.499	-5.855	-4.855	-6.278	-1.123	-4.326	-2.804	-1.191	2.609	22	ScrambledCars
-0.676	-1.282	-1.128	-0.181	3.270	-0.509	2.366	-8.456	-4.265	5.474	2.172	-0.363	10.620	14.243	6.452	-2.335	8.570	5.485	3.327	3.589	7.110	0.995	-1.775	0.850	-11.518	-9.919	-4.829	-6.934	22	Faces
-10.297	-4.627	-6.231	1.041	-0.259	-0.489	4.946	0.517	6.852	11.981	7.927	9.083	11.829	2.251	1.586	-8.245	-8.071	-8.134	-3.607	-3.739	0.318	-0.349	-2.952	2.291	-4.100	0.724	2.675	4.559	22	ScrambledFaces
0.461	-0.631	2.049	-4.834	-0.781	0.438	3.183	13.292	15.501	7.595	8.032	3.531	-3.564	-11.390	0.812	-7.699	-4.749	-7.580	-6.264	-7.542	-11.097	-7.705	-6.004	-5.108	1.134	5.002	-0.767	-0.255	22	ScrambledCars
-1.357	0.441	1.748	2.133	6.344	-0.578	9.178	-7.829	-4.046	6.011	0.607	1.384	15.966	11.803	-10.069	5.053	10.852	-0.723	8.647	8.454	7.523	9.243	6.315	4.444	-14.305	-18.889	-0.556	-14.057	22	Faces
16.262	-11.282	6.454	-5.861	-5.145	2.053	-1.115	6.969	0.078	2.936	0.416	-6.009	-11.581	-11.808	22.270	-4.627	-7.083	19.947	-5.632	-9.992	-13.651	-5.284	-5.488	-9.248	-1.983	-4.417	-8.016	-6.163	22	ScrambledCars
-7.470	4.688	-6.014	6.643	6.054	3.578	8.198	9.277	8.582	4.750	7.084	-0.479	3.557	4.242	-12.130	9.054	7.616	-6.193	4.782	5.505	8.467	4.938	0.298	0.070	-3.587	-3.498	-5.996	-7.127	22	ScrambledFaces
-2.657	-0.292	-7.824	-4.774	-0.458	-4.814	1.149	-6.352	2.033	3.014	1.226	3.998	3.576	0.604	-3.102	3.966	3.083	5.079	1.878	-1.567	-0.976	-1.717	-1.587	0.104	-2.834	1.687	3.137	3.895	22	ScrambledCars
14.553	-5.059	13.875	-3.765	-6.665	1.503	-3.350	6.115	3.042	-0.016	-0.881	-3.912	-10.614	-10.621	24.526	-3.357	-6.795	17.496	-9.897	-8.132	-14.010	-8.639	-1.687	-9.793	-2.494	-7.570	-7.175	-7.883	22	Cars
-6.432	5.109	-2.077	3.185	1.885	-0.394	4.679	2.844	1.409	7.004	2.873	6.464	6.366	-1.755	-3.013	-1.842	-3.275	-5.759	-1.898	-4.076	-5.793	-0.517	-0.218	5.965	-0.149	-1.059	2.324	4.070	22	Cars
-6.031	10.637	-0.275	7.543	0.993	-4.826	-2.736	-19.391	-15.135	-7.523	-7.233	-3.519	0.457	3.320	-2.151	11.605	18.894	6.959	13.543	9.924	8.535	7.355	4.755	-3.704	-7.826	-11.192	-8.651	-8.174	22	Faces
-32.520	2.615	2.965	2.221	5.657	9.258	9.208	5.716	13.172	12.544	9.482	5.632	4.492	2.471	-12.097	-3.963	-5.159	-9.837	-3.919	-2.733	-3.426	-3.003	-5.187	1.513	0.319	3.684	3.621	7.502	22	ScrambledCars
6.928	1.894	-3.182	6.155	0.998	-1.486	-0.411	-7.974	-1.123	0.739	3.274	1.104	6.716	7.367	4.679	7.812	3.460	-6.480	2.540	8.565	9.770	-0.486	-2.172	-1.062	-15.392	-12.479	-2.145	-4.356	22	Faces
2.585	-11.664	-3.608	-3.340	-4.640	-4.028	2.688	6.882	7.528	-1.289	3.558	5.080	1.479	1.496	-1.141	-4.355	6.103	2.388	0.644	-3.491	-3.676	2.030	0.885	1.836	6.676	3.374	3.812	2.720	22	ScrambledFaces
8.930	-1.819	1.253	-2.173	-4.103	-6.331	-2.199	-8.566	-5.351	2.012	1.602	0.726	-2.244	0.955	4.081	-1.031	1.902	-5.018	2.801	-4.405	-0.782	0.518	0.850	-0.069	-2.673	-2.198	2.407	4.359	22	Faces
-1.150	1.892	-8.522	0.842	3.125	-7.098	-10.550	-13.636	-20.254	-11.343	-11.561	-4.890	8.238	9.762	2.806	16.120	19.205	13.400	23.722	17.097	12.681	17.139	14.429	2.396	-9.055	-15.397	0.035	-9.339	22	Faces
2.148	-6.094	4.478	-6.710	-1.276	1.418	7.581	4.232	3.295	9.032	7.917	4.457	4.039	2.062	-4.949	-3.724	-0.349	3.805	-7.299	-6.271	-0.882	-0.615	-2.689	0.830	-3.920	-4.904	0.750	0.262	22	Cars
-0.127	-0.268	-3.656	0.109	-0.420	3.940	3.340	1.787	3.919	1.934	5.680	4.193	1.050	-0.354	-0.477	-5.865	-7.915	-6.788	-7.114	-1.088	0.270	1.362	-3.267	-0.849	1.503	3.338	1.292	1.500	22	ScrambledFaces
3.096	-1.879	2.759	-0.292	2.594	3.514	3.703	6.029	7.074	6.470	-0.453	-3.048	4.634	-0.442	4.140	-3.612	8.056	10.974	2.770	-3.355	-1.452	-1.337	2.630	-6.689	-10.344	-12.738	-7.565	-7.989	22	ScrambledFaces
6.810	1.269	8.634	1.779	-1.825	-6.952	-6.725	-6.671	-8.940	-9.073	-4.125	-3.637	-6.082	-6.862	5.699	0.092	3.613	3.002	-0.575	-5.214	-4.742	-0.888	2.039	-2.655	-2.018	-7.612	-3.926	-2.081	22	Cars
9.062	6.119	8.545	6.673	4.798	2.182	-2.784	-14.069	-15.683	-9.261	-7.130	-3.284	5.667	5.805	-3.367	13.532	10.925	-0.219	8.920	12.370	6.912	0.758	-2.844	-1.604	-11.950	-14.100	-3.418	-7.216	22	Faces
-5.637	-5.871	-4.406	-4.638	-2.737	-3.457	1.289	9.197	4.794	6.740	5.677	4.775	1.112	0.878	-10.503	-0.661	1.477	-3.270	0.987	-2.174	-2.285	-1.611	-3.529	2.499	-1.638	4.447	3.955	1.069	22	ScrambledCars
0.382	-7.290	-2.282	-5.150	-3.738	0.744	3.174	4.859	6.817	4.932	7.830	5.737	-1.971	-3.375	-2.632	-4.439	-0.732	-3.008	-3.129	-6.637	-4.935	-4.851	-5.448	-4.371	0.087	3.273	1.864	2.275	22	ScrambledFaces
-5.485	8.821	3.343	5.292	1.378	-1.483	1.367	-2.424	-2.385	-1.713	1.698	3.007	-2.267	-1.201	1.344	1.571	1.840	6.563	-0.084	1.435	0.201	-2.506	-2.380	-7.281	-9.288	-17.513	-12.656	-7.808	22	Cars
17.726	-6.689	3.004	-2.317	-5.814	-3.376	-10.603	-6.257	-3.061	-10.370	-3.843	-3.491	-9.725	-6.902	17.307	2.262	10.545	9.287	7.880	-0.995	-5.231	6.096	3.763	-9.629	-4.282	-12.648	-13.726	-11.006	22	Cars
2.496	-1.907	0.700	-1.475	-3.301	2.971	-1.330	0.319	5.180	-0.735	-1.287	-0.547	-4.876	-7.002	23.831	-1.577	-5.863	26.348	-7.440	-7.038	-6.059	-6.871	-3.642	-10.217	-3.965	-6.698	-10.531	-4.243	22	ScrambledCars
-10.591	3.857	0.543	0.426	0.161	2.691	0.655	1.538	-2.451	-2.188	0.971	-1.001	-3.734	-1.323	6.278	-1.400	-0.369	9.482	2.276	-1.445	-1.088	3.140	3.934	-3.232	-0.973	-4.995	-9.960	-5.988	22	ScrambledCars
-3.318	1.370	4.437	3.013	-0.686	3.123	-0.152	-3.669	-2.007	-1.608	-1.034	-1.254	7.006	5.940	-10.321	4.671	1.451	-6.836	2.220	8.170	9.935	-1.446	-5.959	-2.796	-8.041	-7.024	-2.284	0.051	22	ScrambledCars
0.118	-5.553	-2.180	-3.538	-6.724	-5.811	-0.653	3.688	6.486	3.479	3.133	0.216	1.923	1.522	0.293	-5.970	-3.151	7.173	-3.446	-0.924	-1.217	-0.061	2.199	3.654	-1.578	0.397	2.375	3.465	22	ScrambledCars
-9.850	4.427	-0.544	-0.339	-0.278	2.688	5.332	7.903	9.178	6.003	5.792	7.324	3.073	-1.860	-18.215	-4.006	9.609	-21.785	-1.093	-7.653	-6.426	-3.363	-0.177	1.999	2.002	6.035	2.804	4.323	22	ScrambledCars
-9.987	-0.064	0.934	3.645	4.274	2.202	7.140	-1.962	-1.446	3.822	2.650	3.443	11.914	7.790	-4.453	-1.193	-2.178	-11.655	-1.110	-1.788	2.926	0.915	-1.488	1.089	-9.425	-6.968	2.086	-2.257	22	Faces
4.113	-7.606	-1.534	-5.220	-2.245	-7.797	0.899	3.100	3.131	4.929	5.309	9.519	4.281	-4.085	6.882	-7.551	-6.749	4.609	-10.759	-8.120	-7.060	-6.789	-8.788	0.914	-0.991	8.986	5.428	8.564	22	ScrambledCars
-9.360	3.200	2.019	1.003	4.412	3.589	1.721	0.751	-4.042	1.409	2.525	1.828	5.895	2.990	-1.205	-1.164	-2.171	7.844	-0.161	4.901	1.649	-1.315	-5.632	-0.814	-6.364	-5.157	-0.339	-0.114	22	Cars
-0.781	-4.849	-5.191	-5.307	-6.741	-2.679	0.706	1.391	7.555	6.913	7.310	4.073	0.372	-4.590	10.920	-3.634	-3.376	10.290	-5.540	-3.498	-3.333	-2.726	-1.394	1.218	-4.260	-2.642	2.348	3.131	22	ScrambledCars
-1.219	7.145	1.100	6.553	5.060	-1.832	-2.743	-20.014	-13.555	-0.258	-6.102	-3.442	7.603	11.630	-14.422	11.632	10.399	-1.893	7.035	12.276	12.463	6.987	3.969	5.417	-9.864	-11.377	-2.915	-2.877	22	Faces
-12.980	4.154	-4.563	5.156	2.466	3.819	2.329	-1.484	4.809	4.943	5.905	4.175	-0.212	-1.117	-14.462	3.171	-4.892	-0.383	-0.745	-0.737	0.172	-1.626	-0.360	2.064	5.545	3.938	3.035	4.675	22	ScrambledFaces
-1.542	-7.544	-5.577	-6.850	-5.250	-4.013	0.180	4.007	1.415	0.642	3.329	0.127	-2.300	1.243	3.962	-0.234	4.391	6.307	3.570	-1.123	1.170	1.192	3.765	2.963	0.644	2.703	4.495	1.853	22	ScrambledFaces
-7.048	-12.848	-16.210	-10.030	-6.577	-10.033	0.922	-3.195	5.484	5.737	6.409	6.832	8.663	4.326	-3.150	-7.702	3.904	-3.683	-3.406	-4.174	0.314	1.409	-0.019	11.312	7.069	19.143	20.307	18.027	22	ScrambledCars
-6.688	-13.950	-7.317	-11.925	-5.571	-5.236	8.034	5.942	12.900	11.650	12.782	14.125	11.554	4.354	-3.944	-13.132	-16.825	-7.056	-8.717	-12.972	-6.430	-3.192	-6.309	12.208	10.358	17.884	16.006	15.584	22	ScrambledFaces
1.203	15.555	2.370	11.665	6.661	-0.591	-2.691	-23.372	-20.045	-6.927	-9.125	-6.617	12.485	15.431	-3.530	20.829	20.100	-6.868	17.150	22.788	21.398	7.362	3.166	-3.630	-19.910	-22.255	-10.694	-12.881	22	Faces
10.034	-4.644	-0.649	-4.453	0.751	2.350	0.671	5.459	6.959	2.755	1.409	1.247	-3.150	-2.440	0.739	-7.366	0.141	-4.009	-1.743	-8.270	-2.713	-1.164	-4.426	-0.772	1.175	4.718	-0.151	3.947	22	ScrambledFaces
11.980	-4.455	-1.301	-3.927	-0.233	-7.947	-3.321	-7.363	-7.501	-4.325	-0.307	5.701	-2.686	-4.600	4.015	4.510	3.347	-0.429	0.745	0.088	-1.480	1.506	-1.209	1.106	-4.237	-4.356	0.857	0.340	22	Cars
-12.282	-1.652	-6.137	1.037	-3.539	1.736	-2.811	0.618	-4.244	-2.506	-2.455	-0.775	-1.323	2.444	-5.428	1.768	11.172	3.980	9.723	0.366	3.014	8.561	6.392	1.127	3.353	1.161	1.553	1.820	22	ScrambledFaces
-1.956	4.565	-5.698	4.693	-2.393	-3.983	1.292	4.363	2.076	3.576	4.667	6.362	6.271	-2.505	-4.625	-2.643	5.381	-7.699	-2.556	-2.454	0.117	-4.750	-5.865	-2.281	-1.226	1.823	2.490	5.294	22	ScrambledCars
12.062	0.993	1.232	-3.128	-4.129	-0.776	-6.867	-22.692	-16.374	-8.586	-4.904	-1.881	4.083	2.562	10.865	7.653	8.415	9.211	8.772	7.368	2.822	6.150	3.714	4.523	-7.807	-10.426	0.070	-2.632	22	Faces
2.441	-0.233	-1.516	-0.546	-2.492	-0.565	-2.459	1.501	-3.024	0.155	-1.061	1.247	1.220	0.544	1.633	-4.295	3.106	-1.049	3.680	-0.898	2.151	5.537	1.350	4.063	-1.016	-0.548	1.702	-0.975	22	Faces
10.464	9.974	11.401	7.204	2.997	2.415	-1.409	2.211	3.261	-2.457	-2.373	-6.890	-5.575	-3.874	11.548	-2.161	-8.677	2.395	-1.522	-3.793	-2.131	-2.914	-0.637	-6.073	-6.441	-12.230	-11.200	-10.452	22	ScrambledCars
8.470	-10.142	-0.828	-3.273	-10.162	-4.263	-4.667	4.221	1.270	1.456	5.595	9.791	-4.633	-10.890	11.844	-5.630	4.862	13.085	0.581	-9.100	-10.441	-2.196	2.441	-7.271	-5.359	-9.478	-12.002	-5.828	22	Cars
-2.964	5.059	4.961	1.652	-4.527	6.050	-1.942	1.687	-1.358	1.079	3.787	-2.042	-5.168	-7.116	2.688	4.213	2.578	3.130	-2.660	-3.101	-5.161	-3.475	-4.136	-4.811	-4.857	-2.848	-1.086	1.890	22	ScrambledCars
13.281	1.396	6.556	1.941	7.034	3.271	7.986	-5.594	-1.634	8.363	5.609	5.155	7.261	4.561	-0.156	4.917	-5.234	-2.685	-4.448	-1.538	0.879	-5.925	-4.232	-1.008	-14.926	-17.995	-3.621	-4.546	22	Faces
-3.569	8.505	3.541	9.315	14.193	7.063	7.778	-4.806	-11.459	3.536	-5.001	-5.379	20.185	12.948	-13.376	7.503	-1.041	-6.947	3.280	12.155	13.863	5.731	-1.249	2.943	-14.430	-10.434	-0.659	-5.993	22	Faces
4.238	0.630	2.009	-8.168	-1.244	0.630	-0.641	-1.984	-3.262	2.564	2.671	2.725	1.862	-5.223	1.876	1.714	4.660	3.488	0.451	-1.555	-0.792	3.043	-0.455	-1.695	-4.114	-9.387	-2.930	-0.696	22	Faces
-1.684	13.082	8.633	4.009	-1.640	3.624	-9.170	-6.235	-11.373	-9.780	-11.795	-5.888	-8.947	-10.551	15.101	2.351	-1.434	27.924	1.604	-1.807	-5.925	0.120	4.742	-6.795	-5.551	-12.843	-11.226	-13.581	22	Cars
12.726	6.417	-2.899	6.985	6.357	-0.468	-5.403	-10.185	-16.090	-7.970	-9.646	-7.115	4.113	6.822	11.279	5.414	11.983	2.155	7.808	1.514	4.123	2.765	-2.540	0.265	-7.776	-11.064	-6.473	-9.443	22	Faces
9.753	7.937	-0.522	1.842	-4.979	-1.517	-4.767	-9.296	-11.460	-7.193	-7.536	-12.028	-7.379	-2.483	20.671	10.833	10.904	21.946	7.930	6.689	3.824	3.940	6.916	-7.015	-8.672	-15.925	-16.616	-14.848	22	Cars
-15.360	-3.099	-9.987	-1.970	-2.107	-5.815	2.809	-8.547	3.449	2.600	2.735	0.960	0.857	2.753	0.127	4.495	12.650	7.295	3.711	3.736	5.108	6.566	4.052	3.733	1.061	0.076	2.944	1.789	22	ScrambledFaces
6.300	-6.910	4.352	-5.236	-1.056	1.154	-1.787	4.821	5.121	2.623	2.360	1.448	-5.065	-5.138	6.750	-8.788	-2.219	3.396	-2.367	-11.108	-8.179	1.904	1.426	-0.779	1.943	-1.243	-4.730	-3.887	22	Cars
12.851	-2.058	8.428	3.411	-3.112	1.775	-1.339	6.835	0.268	-1.226	1.207	-0.926	-3.153	-6.419	-1.084	-5.213	-4.031	-2.669	-4.062	-10.863	-11.496	-7.129	-6.680	-4.067	0.092	3.203	-1.879	-4.841	22	ScrambledFaces
-4.721	0.149	-5.403	-1.299	1.040	-1.121	5.230	-3.821	1.887	7.863	5.274	8.570	9.813	7.106	-6.705	-2.046	2.718	-1.796	-2.041	2.493	1.167	0.887	-3.805	-0.352	-5.619	-4.216	-0.720	0.565	22	Faces
2.266	2.585	4.144	2.031	-5.975	-1.150	-6.474	-6.653	-6.532	-8.073	-3.249	-2.645	-10.255	-11.425	21.257	1.710	7.593	20.404	0.270	-4.362	-10.404	-2.702	4.990	-7.689	-5.083	-7.674	-4.649	-5.810	22	Faces
2.754	-3.642	-11.114	-7.797	-2.632	-1.520	0.447	-2.697	2.923	4.598	3.261	9.020	6.157	3.061	10.219	0.219	-2.761	-1.978	1.070	-2.219	-2.171	-0.236	-3.458	-0.363	-4.814	-1.127	2.196	0.669	22	ScrambledCars
-1.037	4.574	-4.128	-0.441	1.012	-6.908	-2.320	-12.448	-8.176	-3.656	-3.276	0.556	3.860	5.102	6.353	4.907	6.923	15.467	2.420	7.759	5.234	-0.030	-2.198	-3.682	-7.839	-13.103	-7.357	-3.530	22	Faces
4.241	0.418	4.007	-2.029	-4.064	1.853	-2.683	-1.334	-4.748	-7.760	-3.014	2.827	-4.213	-6.458	10.824	-4.834	-6.639	4.436	-4.875	-10.019	-8.093	-3.054	2.926	-0.971	5.144	3.534	1.153	2.021	22	Cars
3.435	2.995	-1.227	-1.559	-9.153	-6.389	-1.112	5.904	7.337	2.981	5.977	-0.251	-6.644	-8.588	-1.485	-0.495	6.324	1.736	-1.488	-6.442	-9.957	-3.013	-2.753	-7.023	2.951	1.552	0.230	0.755	22	ScrambledCars
-3.161	-2.959	-3.144	-6.367	-7.968	-1.649	-1.895	2.805	1.373	2.611	2.253	0.489	-0.418	-7.016	5.704	-7.095	5.583	21.042	2.371	-8.402	-8.397	0.891	5.654	-2.527	0.911	-2.366	-3.340	-0.582	22	ScrambledFaces
1.488	2.393	-1.414	1.579	-0.310	0.097	0.590	-3.288	0.868	4.077	-1.160	1.542	1.592	-0.787	2.393	-2.710	-0.984	4.058	0.450	-2.630	-3.553	-2.318	0.444	1.505	-3.279	-0.246	2.591	4.387	22	ScrambledCars
8.598	-2.357	6.902	-2.509	-8.599	-0.074	-6.171	-4.959	-7.798	-8.381	-7.164	-2.588	-1.485	-0.391	11.984	1.064	1.338	19.130	-0.539	-5.448	-1.973	1.798	5.069	-4.821	-3.328	-7.139	-9.529	-4.569	22	ScrambledFaces
6.610	-3.924	-0.906	-4.456	-3.555	-4.292	-3.279	3.968	-4.554	-0.656	-1.777	-0.123	0.147	-3.165	16.728	2.455	-4.832	14.354	-3.126	-1.219	0.695	0.240	-3.474	-2.750	-4.546	-6.107	-5.610	-5.475	22	Cars
10.268	-6.617	-1.131	-2.262	5.255	-3.142	-1.806	2.410	0.212	-0.827	-0.644	-5.463	0.634	4.790	-2.310	-1.548	-5.426	8.942	1.377	-0.480	2.580	4.337	5.905	1.204	1.507	-2.612	-1.249	-3.922	22	ScrambledFaces
-0.876	3.941	-2.847	-0.537	-4.232	-7.224	-1.242	-14.707	-11.971	-2.386	-3.476	-0.921	12.056	10.061	-1.530	13.833	12.599	2.300	10.354	12.306	8.740	4.458	0.414	-1.289	-14.843	-14.278	-2.596	-4.470	22	Faces
2.026	-5.797	-3.878	-9.221	-3.172	-11.546	0.556	-10.073	0.194	2.612	2.417	6.829	6.931	5.215	-4.542	3.799	-1.194	10.158	-0.708	6.462	3.866	0.076	3.315	0.335	1.030	1.456	-2.303	-0.640	22	ScrambledCars
13.593	-4.133	5.041	-2.117	-7.571	-1.955	-0.391	-0.907	4.305	4.222	3.240	1.923	-3.656	-7.163	12.823	-5.310	1.184	4.425	-4.575	-8.076	-8.726	-7.602	-4.999	-6.722	-4.888	-4.338	-6.795	-1.731	22	ScrambledFaces
-7.475	7.512	-1.804	-0.720	0.400	2.662	3.776	-3.367	-3.077	1.724	0.840	3.670	5.874	3.873	-1.352	-1.430	4.740	3.483	7.170	-1.238	2.068	4.313	2.780	3.603	-10.212	-15.845	-3.965	-7.319	22	Faces
20.250	12.409	12.114	8.947	1.573	9.528	-7.338	-3.720	-8.055	-13.045	-9.365	-12.997	-5.064	0.999	20.643	9.093	2.615	16.364	0.483	3.171	-2.225	0.537	-2.170	-13.064	-13.195	-25.112	-21.029	-18.273	22	Faces
-7.886	8.003	2.747	7.636	7.543	6.359	-1.575	7.543	1.410	-1.475	-4.356	-2.061	-4.204	-1.781	-11.966	9.744	-2.516	-10.409	1.345	8.498	5.130	-1.761	-1.147	0.603	-1.902	-0.549	-1.100	-6.512	22	ScrambledFaces
-1.900	-6.084	4.058	-3.841	-3.378	-6.977	-4.056	1.700	1.234	-4.626	-0.452	-0.408	-4.331	-6.737	8.508	-1.559	8.763	3.994	1.923	-1.886	-6.376	1.183	1.433	-6.680	1.726	-0.687	-3.056	-0.034	22	ScrambledFaces
2.563	-8.478	-10.182	-10.217	-12.780	-7.359	2.416	14.906	14.821	8.413	11.984	12.628	-4.538	-11.537	3.632	-14.859	-7.280	-8.549	-7.565	-17.301	-13.762	-8.471	-4.330	-1.704	11.684	16.868	10.318	13.909	22	ScrambledFaces
9.277	1.399	2.791	3.680	1.984	0.222	-3.600	-2.935	-3.612	-3.269	-2.155	-0.555	-2.762	-1.623	1.674	-3.163	2.381	-1.858	2.339	0.157	-2.979	-0.321	1.825	-2.241	3.004	-5.833	-4.774	-4.373	22	Cars
11.371	-0.433	8.217	-5.245	-0.412	5.467	-0.356	4.256	2.540	1.043	3.335	6.349	-5.466	-5.844	14.057	0.732	-1.316	5.515	-5.366	-2.109	-3.788	-6.493	-4.245	-6.147	-9.588	-9.005	-6.310	-4.623	22	Cars
5.443	-1.808	-0.474	-5.603	-6.207	1.527	-3.447	-2.004	-1.573	-1.696	1.067	-0.188	-7.954	-9.709	7.311	1.387	9.160	-1.909	0.156	2.899	-1.997	-3.729	4.617	-4.574	5.449	-1.937	-0.406	-0.085	22	ScrambledFaces
-4.496	-7.871	-7.759	-8.692	-2.403	-8.239	1.629	3.049	7.292	7.469	7.897	7.425	2.251	-2.696	4.848	-4.085	-2.153	-6.215	-5.382	-3.851	-2.820	-3.492	-3.339	0.628	3.650	4.471	4.438	5.437	22	ScrambledCars
-0.980	1.420	-0.545	5.407	0.365	-1.755	-1.395	-8.370	-13.843	-2.483	-6.424	-4.496	5.678	10.970	1.372	18.379	13.224	4.675	12.319	21.811	18.929	11.342	4.356	3.747	-12.693	-14.594	-3.632	-8.459	22	Faces
6.487	0.887	9.061	5.014	3.054	5.389	2.501	7.219	3.690	4.875	0.513	-1.501	1.511	2.253	9.693	3.637	-10.928	-1.028	-8.599	4.686	3.564	-3.346	-7.091	-3.389	-7.772	-6.970	-3.625	-4.926	22	Cars
-6.597	-1.287	-0.620	-6.076	2.243	-2.185	1.595	-4.626	3.991	3.302	4.639	8.715	9.104	3.310	-21.926	-3.886	0.464	-10.151	-0.063	1.880	5.170	-1.580	-2.688	3.961	3.958	4.464	5.472	5.329	22	ScrambledFaces
-11.627	1.229	2.414	-3.040	-0.540	3.097	-3.031	-1.410	2.512	0.205	0.659	-0.557	-5.339	-4.492	3.501	-3.359	-1.038	14.510	-0.235	-3.806	-3.042	-2.102	0.586	-3.839	-0.647	2.337	-4.176	-3.033	22	ScrambledFaces
6.877	-11.509	7.291	-11.533	-14.770	-8.415	-6.796	-8.614	-2.474	-2.419	-0.250	3.644	-2.558	-7.055	10.131	-3.859	-7.039	20.308	-2.963	-3.311	-5.533	1.970	1.127	-0.948	2.671	6.094	4.864	3.427	22	ScrambledCars
-5.249	3.680	1.485	7.059	3.241	3.247	6.351	7.564	4.571	5.367	3.852	-3.461	7.762	3.691	-7.361	5.150	-0.281	-0.683	1.393	7.757	5.677	-3.309	-1.037	-3.080	-9.157	-7.999	-4.980	-4.845	22	Cars
3.794	-1.632	-2.264	0.162	0.746	-0.437	2.904	-6.281	-1.390	0.068	-0.691	-2.062	8.622	6.155	0.925	4.817	0.746	4.327	5.358	4.852	6.232	3.249	4.513	0.688	-4.237	-12.289	-6.593	-7.894	22	Cars
-5.936	-2.974	-1.802	3.580	1.329	1.608	-0.278	3.886	0.252	3.222	3.409	-5.070	4.250	4.814	3.856	-2.016	-2.828	-2.410	-1.594	5.297	3.628	-1.831	0.108	0.830	-3.290	-0.265	0.168	-1.819	22	ScrambledCars
-3.511	1.856	6.142	1.631	4.113	6.598	0.545	-4.886	-5.231	-1.375	0.921	3.421	-0.699	-5.139	7.861	-5.800	7.535	7.418	-3.472	-6.784	-4.217	-0.789	0.174	-8.602	-14.051	-13.220	-8.605	-2.619	22	Faces
-4.738	-1.307	-4.580	-0.325	-1.796	-7.305	-5.829	-6.131	-4.208	-1.649	-1.893	0.684	-3.249	-0.699	7.957	6.168	5.621	5.066	5.031	1.739	-0.173	3.807	3.820	-0.522	-1.820	-2.594	3.614	1.749	22	ScrambledCars
6.100	-2.348	7.913	-3.280	-0.424	-0.075	-3.917	1.119	3.821	-0.258	2.211	0.492	-5.065	-6.226	0.023	0.387	1.629	7.774	0.864	1.539	-1.316	-1.507	-2.263	-9.263	-4.249	-10.621	-14.848	-6.929	22	Cars
-9.393	4.353	-6.609	-0.130	1.793	2.248	3.259	9.110	13.371	4.402	6.949	3.405	-2.839	-6.901	-15.587	-5.486	1.413	-7.266	1.662	-7.710	-3.534	-4.252	-3.022	-0.959	7.134	5.070	0.670	2.918	22	ScrambledCars
-9.632	6.390	0.653	4.356	-2.497	1.438	2.062	-9.011	-10.249	-1.205	-5.017	-0.757	11.137	8.244	6.431	3.699	4.007	10.253	5.183	5.945	6.042	7.154	6.197	0.659	-9.301	-15.586	-1.802	-7.153	22	Faces
-4.958	4.792	-6.838	2.151	3.128	2.123	0.282	-5.697	-1.874	2.378	0.507	-0.337	6.684	5.966	-6.287	6.781	5.503	-1.299	4.655	4.026	8.608	4.567	2.836	-1.179	-6.290	-6.105	3.161	-0.995	22	Cars
1.806	8.934	4.379	5.038	9.351	6.649	3.655	-11.486	-6.511	1.222	-3.350	-5.805	9.869	10.062	-6.769	8.989	9.830	-11.960	7.263	11.999	10.889	3.551	-4.298	-0.400	-14.933	-16.959	-7.387	-6.137	22	Faces
10.233	4.080	0.518	5.852	8.448	-2.033	-0.917	-2.034	-11.684	-5.949	-3.980	-7.968	1.741	7.657	6.393	8.642	6.151	3.567	5.765	14.923	9.075	6.758	0.533	-0.072	-8.567	-19.598	-10.422	-15.398	22	Cars
-19.737	-0.177	-8.783	-3.914	0.054	-4.292	4.634	-2.149	6.022	9.680	7.988	7.984	7.414	2.648	-8.991	-5.444	5.430	-3.301	3.814	-5.509	2.626	7.721	3.075	9.862	-0.794	2.375	5.358	2.573	22	ScrambledCars
6.244	5.985	6.423	1.075	4.014	0.441	-1.451	-3.674	-11.134	-0.063	-0.114	2.088	4.383	3.889	2.112	6.826	2.990	-4.290	0.009	5.993	3.766	-1.431	-0.359	-1.828	-16.318	-13.184	-2.168	-3.514	22	Faces
-8.003	0.837	-3.804	1.634	-3.625	-2.623	-1.229	-6.085	-2.208	0.515	-1.058	2.318	1.275	-1.210	-4.625	4.059	6.183	-7.600	5.136	5.784	4.925	1.754	0.863	3.368	-1.024	2.881	5.434	1.875	22	ScrambledFaces
3.206	-1.541	3.512	-0.013	-2.282	-3.159	-1.311	-15.894	-10.615	-2.401	0.455	-1.013	3.465	0.786	12.810	2.001	6.095	12.682	-2.320	-0.629	-2.013	1.960	-0.214	-2.401	-9.371	-10.524	-0.004	-2.015	22	Faces
5.715	-8.693	-4.029	-2.625	-5.594	-0.528	2.221	8.988	6.038	4.531	3.007	1.939	-3.866	-0.837	5.886	-3.306	-10.693	7.589	-6.766	-2.331	-1.182	-0.536	0.699	1.014	-0.976	3.682	0.684	0.926	22	ScrambledFaces
-9.720	-8.281	-2.697	-4.580	6.911	0.754	7.210	7.010	5.335	11.651	12.069	12.065	6.715	4.885	-0.205	-12.386	-11.752	-1.110	-5.753	-7.471	0.881	0.550	-2.257	4.416	-0.603	4.677	10.672	5.042	22	Cars
-0.343	4.529	-3.845	0.407	-4.068	-6.443	-4.069	-10.979	-12.659	-4.753	-4.741	0.629	6.386	6.477	-0.510	9.982	9.753	8.552	8.418	11.154	10.005	7.803	5.987	2.185	-9.840	-11.629	-0.327	-4.239	22	Faces
-3.001	2.059	2.232	2.321	-0.311	-3.531	-0.755	-14.552	-3.972	1.162	-0.901	4.849	5.126	6.631	-1.549	10.712	11.442	-0.079	4.785	10.273	7.881	1.213	-0.316	4.011	-8.951	-9.358	2.279	-3.390	22	Faces
-1.372	3.089	-2.263	-3.188	3.582	3.204	0.141	0.331	0.747	-1.125	1.013	0.649	-1.180	-5.597	9.961	-0.023	-6.333	-2.260	-1.822	-1.385	-5.056	-1.643	-1.360	-0.949	-1.790	3.306	1.214	4.040	22	ScrambledFaces
-4.874	-3.840	-6.822	-8.830	-0.462	3.418	4.318	-7.320	-0.684	5.367	8.257	8.160	1.923	-0.132	-0.599	0.386	2.551	-1.812	6.909	1.470	0.624	3.382	2.892	1.970	-2.288	-1.144	3.121	3.499	22	Faces
-7.650	6.038	-3.629	2.112	-0.209	-0.110	-0.593	-4.133	-1.785	-2.260	0.234	1.611	-0.464	-0.672	-0.152	-2.708	-1.243	-6.873	0.474	-1.571	1.458	1.528	3.690	0.579	2.407	0.465	4.883	3.117	22	Faces
-7.858	0.543	-4.974	-3.355	-4.198	-4.322	0.955	10.144	6.202	3.398	9.203	10.303	-2.270	-3.692	-3.073	-1.949	-5.666	-5.879	-9.951	-8.742	-6.895	-7.145	-7.941	-0.855	-1.821	3.787	3.829	5.190	22	Cars
-13.800	1.019	-7.685	-0.691	3.866	0.166	4.498	-0.950	2.844	6.355	6.436	1.526	8.732	7.473	-13.656	2.395	-0.496	-2.727	5.291	6.870	7.844	3.645	2.657	4.994	0.704	3.335	8.087	4.084	22	ScrambledCars
-12.189	4.255	-3.615	-5.114	-4.934	-1.790	-0.280	2.488	5.591	4.546	2.896	4.570	-0.258	-2.421	-5.827	-1.952	5.134	4.325	2.939	-3.127	-6.871	-2.534	1.346	4.029	0.126	3.626	3.731	3.326	22	ScrambledCars
-14.483	10.747	-4.972	9.605	6.503	-0.206	1.763	-6.002	-4.299	3.268	2.392	0.558	6.719	8.974	-3.064	11.079	4.683	0.044	0.760	9.677	6.273	3.126	-4.593	-0.314	-9.404	-8.600	-1.221	-1.948	22	Cars
2.593	1.158	3.859	2.899	-0.475	1.493	-1.225	-9.747	-8.481	-3.349	-8.205	-1.221	3.378	4.274	-0.344	2.288	3.176	4.333	-0.183	3.816	2.667	3.592	-1.208	3.276	-1.467	-2.435	3.270	-0.084	22	Cars
7.118	5.391	6.679	1.409	0.999	0.174	0.535	-8.929	-3.676	-0.450	3.414	1.231	0.373	-3.158	11.214	8.607	-2.180	6.447	0.150	2.354	0.679	-1.566	-5.411	-7.669	-17.867	-14.138	-6.127	-5.177	22	Faces
10.370	7.501	7.706	7.009	-1.623	4.576	-3.396	5.241	0.147	-3.703	-6.640	-8.090	-3.580	0.768	-0.740	0.124	3.646	9.873	-0.241	0.156	-1.474	-0.813	-0.116	-10.370	-7.684	-11.077	-13.043	-11.430	22	Cars
-7.909	1.344	0.582	1.793	3.891	2.601	2.624	-5.336	-1.219	5.278	2.521	3.750	4.693	4.052	-2.174	-0.997	3.732	2.050	-0.197	4.268	-0.092	-1.531	-2.253	-3.841	-6.858	-4.622	-1.613	1.733	22	ScrambledCars
-5.886	-0.155	-7.159	-1.828	-4.303	-12.322	-0.851	-0.945	-5.403	1.692	-7.797	12.672	11.183	4.830	1.106	0.184	6.523	1.358	3.484	3.417	7.693	2.153	-2.258	10.634	-1.682	-6.136	7.101	4.888	22	Cars
6.009	15.417	8.849	10.044	6.269	6.745	-6.770	-16.212	-12.755	-9.402	-6.979	-9.098	-0.206	5.134	-5.124	11.467	15.325	1.216	9.964	11.670	10.294	10.842	2.922	-5.235	-17.421	-20.817	-13.941	-16.008	22	Faces
20.546	-3.862	10.770	0.612	-0.748	0.473	-5.191	-5.781	-7.993	-7.163	-1.770	-2.907	-4.577	-3.063	24.090	2.232	-0.681	7.340	1.736	-4.624	-4.853	-1.514	0.715	-7.266	-13.867	-14.000	-9.147	-11.706	22	Faces
7.755	7.054	1.569	0.208	-0.400	-1.688	-3.193	-5.901	-6.341	-3.318	-1.456	-4.380	-5.694	-6.992	10.486	4.133	7.288	5.643	2.867	0.563	-4.246	-2.666	2.689	-9.555	-4.432	-10.090	-8.266	-7.717	22	Cars
-3.567	4.465	-0.039	3.186	-1.692	0.104	-1.138	-12.899	-2.378	3.116	-0.094	1.139	0.716	5.081	8.046	4.710	-1.889	14.480	-3.766	4.097	5.071	0.916	-0.221	-1.352	-8.779	-6.350	-4.418	-3.095	22	Faces
-3.705	-3.970	-8.851	-2.924	-3.063	-3.287	-0.622	-3.285	5.267	3.823	4.576	5.165	4.012	4.487	-2.282	-5.872	2.401	-1.866	-2.359	-4.197	-2.500	0.136	-0.857	3.364	5.684	5.140	4.876	5.085	22	Faces
-7.129	0.685	0.285	2.099	1.571	0.726	-4.121	-10.199	-7.807	-6.651	-3.807	-3.981	-0.181	2.297	5.598	7.429	11.767	6.014	6.725	3.812	5.141	3.005	2.761	-4.078	-8.494	-11.493	-6.795	-5.944	22	Faces
9.535	-11.730	-8.058	-7.502	-3.237	-5.192	2.043	-0.433	7.353	6.462	4.381	5.870	3.141	-3.684	9.841	-8.553	0.924	17.973	-4.450	-9.414	-7.301	-4.361	-2.047	-3.518	2.815	7.440	3.362	8.015	22	Cars
3.455	-3.878	3.766	-3.786	-0.609	-6.079	3.509	0.892	0.509	2.745	2.403	2.659	4.285	-3.600	4.798	-3.446	-5.221	0.692	-2.447	-2.752	-1.523	-3.456	-5.157	0.788	-3.684	-0.414	4.962	-6.534	22	Cars
4.512	4.940	0.541	2.020	2.685	3.915	-2.686	-19.101	-18.194	-2.970	-5.988	2.161	9.860	5.568	-1.344	3.951	1.279	1.253	10.855	4.987	8.268	4.760	1.006	5.791	-10.927	-5.811	7.259	-4.035	22	Faces
12.945	-1.877	-1.185	-3.361	-4.646	-6.936	-4.869	-17.722	-13.402	-6.941	-8.906	-1.595	3.840	7.671	13.003	12.127	15.310	3.432	7.108	10.309	11.590	7.009	1.022	-0.666	-10.734	-8.569	-2.811	-4.528	22	Cars
-2.144	3.994	2.234	8.197	12.233	6.892	4.760	5.557	1.674	3.370	3.431	2.060	6.871	4.100	-12.439	7.853	2.684	-19.845	-1.789	7.927	7.589	1.149	-2.582	-2.860	-5.429	-7.962	-5.890	0.814	22	ScrambledFaces
-3.732	4.081	3.814	2.942	6.806	1.972	4.048	-8.115	-4.133	2.434	0.766	0.166	3.614	4.156	-5.988	-0.657	1.696	0.969	-1.478	1.478	0.939	-4.570	-0.205	-1.884	-4.535	-6.515	13.671	-3.774	22	Cars
-4.112	-1.889	1.363	1.862	-1.223	5.685	1.065	10.729	10.596	1.960	5.604	-0.558	-3.262	-5.652	3.555	-8.831	3.750	-4.202	-0.036	-7.812	-4.339	-1.979	0.270	0.638	-6.829	-1.401	4.956	0.381	22	ScrambledCars
1.177	5.045	3.807	1.147	-3.479	-2.102	-9.071	-5.436	-10.446	-9.387	-8.083	-2.066	-7.478	-3.744	6.572	3.478	9.112	19.853	9.375	4.398	0.611	0.914	6.561	-4.391	-5.380	-7.081	-7.660	-5.539	22	Cars
-2.102	-1.377	4.133	-2.803	-4.686	1.965	-1.949	-6.076	-1.391	0.553	2.817	5.923	-1.899	-5.298	-10.172	-2.530	2.124	9.632	2.425	-5.003	-6.725	-1.549	0.499	-1.965	-1.933	2.380	0.032	4.633	22	Faces
7.109	4.645	2.128	4.812	1.232	1.396	-1.199	-12.620	-11.079	-1.337	-2.903	-0.164	7.617	3.333	8.491	6.220	4.314	4.474	3.517	3.404	0.835	1.297	-0.269	-5.220	-11.926	-13.951	-0.831	-3.602	22	Faces
3.944	6.177	-5.324	-2.357	-4.307	-8.404	-5.222	-10.409	-8.334	-4.016	-3.333	3.062	2.397	1.759	-8.314	16.093	20.465	-7.598	12.602	8.657	3.767	8.354	9.264	0.508	-4.268	-10.400	-3.457	-5.564	22	Faces
19.550	9.067	-0.281	3.530	-2.659	-3.379	-10.169	-3.753	-8.240	-10.446	-4.685	-1.658	-12.053	-10.085	15.728	7.616	12.404	7.148	4.956	-1.177	-7.615	-1.538	0.426	-12.408	-6.986	-6.820	-9.102	-5.766	22	ScrambledFaces
8.473	-4.942	-1.338	-5.936	-5.460	-3.178	-2.997	-9.176	-5.421	-0.458	3.411	3.036	-1.309	-2.815	7.720	0.672	3.049	7.363	0.801	-1.627	-3.628	-2.565	-3.319	-2.093	-6.355	-5.212	2.025	1.407	22	Cars
-2.045	-2.612	-11.244	-0.692	-2.528	-10.025	-6.819	-16.595	-18.552	-7.852	-8.814	-3.106	16.467	14.924	8.958	1.113	-6.697	9.302	1.050	9.787	11.374	12.028	5.556	15.740	2.457	8.125	21.247	11.359	22	Faces
-5.190	11.598	4.369	8.477	2.350	1.104	-7.220	-13.597	-14.791	-5.293	-5.825	5.065	4.086	12.515	-13.557	14.962	19.358	-12.049	10.695	17.492	15.085	9.580	2.741	-0.861	-11.180	-11.216	-6.217	-5.501	22	Faces
3.959	-6.039	-3.560	-4.051	-4.553	-2.266	3.430	6.605	10.609	11.911	13.115	12.971	-4.250	-10.739	-14.634	-5.917	-2.071	-7.513	-6.870	-9.987	-9.852	-4.031	-0.767	-2.381	2.320	5.350	1.947	7.846	22	ScrambledCars
4.042	-8.083	-6.206	-9.023	-2.477	-3.160	-1.681	3.809	5.483	3.995	5.347	15.311	-3.846	-14.293	-12.994	-11.492	-4.850	-6.909	-13.927	-13.816	-12.775	-11.610	-7.382	4.431	8.379	20.450	19.360	20.322	22	ScrambledCars
4.135	-6.427	4.130	0.490	7.050	1.650	7.424	12.799	11.088	11.524	11.018	2.376	-0.526	-0.278	-4.957	1.987	-2.504	-7.747	-4.099	0.962	1.370	-4.172	-4.402	-3.385	-10.283	-5.785	-5.674	-4.343	22	ScrambledCars
-11.472	-5.892	-0.425	-3.350	-3.438	2.419	2.361	-1.422	1.344	5.911	6.010	4.368	3.338	8.981	-5.092	1.015	5.067	-9.623	5.293	3.120	4.747	7.510	1.749	4.530	-3.389	-3.296	1.440	-0.975	22	Cars
9.107	2.277	4.324	2.325	1.602	2.483	0.673	6.928	4.042	2.942	0.181	-0.439	-2.026	-6.184	-1.551	-1.862	2.325	-9.191	-2.989	-4.114	-4.354	-4.160	-2.581	-4.718	-3.461	-4.644	-4.082	-1.604	22	ScrambledCars
5.792	4.748	3.085	5.251	2.646	4.880	0.092	2.189	1.004	2.910	4.060	1.038	0.632	-0.867	-0.006	0.978	1.610	-2.731	-2.263	-1.090	0.724	-0.758	-4.805	-5.824	-5.348	-4.554	-3.131	-3.365	22	ScrambledCars
-1.656	-7.582	-0.696	-6.636	-6.729	-6.398	-0.941	6.632	3.680	2.319	3.547	5.510	-7.481	-10.870	6.536	-1.565	-4.785	10.456	-4.122	-7.194	-9.823	-10.400	-2.119	-1.690	5.063	12.425	7.780	11.528	22	ScrambledFaces
5.942	4.931	6.698	5.730	-1.142	1.156	-8.018	-5.227	-7.313	-5.412	-3.921	-0.611	-9.844	-8.493	18.536	6.415	7.537	2.701	8.513	3.383	-3.223	-4.670	-1.333	-7.071	-9.725	-9.259	-6.754	-4.690	22	ScrambledCars
8.522	9.978	4.853	7.761	4.638	4.709	0.386	-8.270	-7.578	-0.468	-2.965	1.840	2.869	0.862	6.259	-0.415	-1.226	0.517	-1.346	1.956	-0.013	-4.564	-5.028	-3.951	-14.648	-16.514	-5.072	-3.297	22	Faces
-6.895	1.096	4.215	3.880	4.037	7.582	0.006	-3.294	-2.159	-2.051	-4.873	-6.035	-4.996	-0.032	11.394	3.137	-3.833	14.849	-1.005	3.025	1.972	-0.855	-0.505	-6.567	-5.902	-9.558	-4.790	-5.082	22	Cars
13.047	-7.254	4.515	-3.751	-10.364	-5.249	-6.541	1.485	3.066	-0.237	11.141	4.691	-14.097	-6.927	2.021	-2.318	0.268	10.290	-1.793	-8.141	-6.242	-4.878	-4.435	-3.738	1.703	0.744	-0.163	7.537	22	ScrambledCars
8.089	-7.618	2.043	-12.295	-7.587	-5.427	-5.653	3.155	12.923	1.185	5.526	3.742	-16.669	-14.339	0.777	-8.788	-4.961	7.993	3.184	-15.680	-16.299	1.009	5.285	1.657	6.467	9.333	4.199	9.115	22	ScrambledFaces
