FP1	F3	F7	FC3	C3	C5	P3	P7	PO7	PO3	O1	Oz	Pz	CPz	FP2	Fz	F4	F8	FC4	FCz	Cz	C4	C6	P4	P8	PO8	PO4	O2	ID	Condition
-10.207	-12.276	-0.880	-12.626	-10.670	-7.828	4.171	8.571	5.899	-2.000	3.153	4.343	-10.387	-6.042	-5.046	-11.065	-1.567	-1.279	-1.140	-5.510	-8.193	-7.209	0.899	-1.425	16.298	11.692	2.387	19.395	23	ScrambledFaces
-25.764	4.181	-16.652	-3.300	-6.489	0.851	-4.395	-3.356	-0.434	2.259	0.603	6.540	6.118	4.051	-10.018	3.750	5.916	5.913	2.026	1.611	2.946	3.783	5.660	10.113	22.001	1.752	1.880	6.678	23	Faces
2.979	-29.356	-0.530	-9.818	1.389	-7.042	4.992	1.273	2.281	12.589	8.642	7.210	-2.108	9.757	1.932	6.032	0.213	-2.786	2.420	3.216	5.024	-4.429	-3.432	2.093	-11.092	4.921	-1.423	5.328	23	Faces
2.273	3.048	5.717	-5.440	-1.354	-0.653	-4.124	4.541	10.142	-6.662	11.597	0.781	-8.842	-28.481	-20.365	-9.829	2.524	2.133	-9.555	-3.888	-8.169	-0.002	0.211	-7.587	-3.343	2.487	3.350	13.523	23	ScrambledCars
1.828	9.958	-9.000	7.682	6.271	-8.722	-3.166	-3.357	-5.779	0.641	-0.725	-2.584	-2.497	-0.980	8.409	9.142	6.611	8.330	-3.912	0.744	-3.218	2.346	-1.455	-1.248	-6.677	-2.766	-1.878	-1.562	23	Faces
-9.185	-4.032	-13.002	-11.381	1.770	-6.727	-2.528	2.375	5.000	-3.474	-2.124	-1.150	-13.149	8.227	-6.972	0.115	7.513	-4.259	21.120	1.780	-4.806	12.144	-2.746	2.628	4.197	1.052	0.700	1.315	23	Cars
-8.898	-7.295	-8.430	0.962	-5.106	2.420	3.848	5.971	13.620	12.271	14.624	9.128	1.979	-11.520	-7.615	-14.897	-9.239	3.781	-5.061	-11.930	-7.211	-14.505	-4.728	0.213	3.778	17.344	10.561	18.836	23	Cars
-2.450	-1.481	-5.651	-7.872	-3.515	0.743	-5.308	-0.054	-2.950	-9.670	-6.315	-4.788	1.673	-3.635	4.553	-2.656	0.983	4.552	7.220	2.768	4.350	6.674	5.177	4.514	1.163	-4.914	0.950	-5.273	23	Faces
2.377	5.548	8.028	10.454	-2.708	-0.581	-2.399	-5.464	-9.461	-16.627	-1.687	-3.343	-15.148	-15.731	6.738	-7.383	-3.916	5.617	17.090	-5.386	0.697	6.829	-0.997	-10.447	3.003	22.028	-1.014	-3.646	23	Cars
-7.269	6.793	12.816	1.332	-2.497	-2.339	5.566	4.128	9.067	0.562	-1.769	1.203	4.593	-4.468	-2.329	0.320	7.357	1.801	-3.869	-2.060	-4.054	1.423	4.814	5.969	3.074	-5.893	1.089	10.349	23	ScrambledFaces
-3.122	-4.748	-6.750	-14.276	-1.626	-3.566	0.163	12.775	2.774	12.900	5.599	1.959	-14.491	-4.864	17.750	4.093	0.178	-4.848	-8.989	-3.253	-5.903	-8.074	-6.634	-0.466	2.308	0.452	-4.641	2.255	23	Cars
-7.422	-0.511	0.363	-2.851	0.868	1.567	-0.648	7.413	8.041	1.973	2.882	5.450	0.052	-3.787	-1.224	-0.408	-4.537	2.701	-7.861	0.174	-4.690	-1.645	-1.903	-1.163	-4.852	-0.769	-11.543	8.003	23	ScrambledFaces
4.147	4.189	-2.489	-4.202	-0.241	2.925	-6.343	11.709	1.345	-7.821	-2.952	-8.783	-10.910	-14.364	-6.921	6.166	3.428	6.270	2.182	9.273	0.330	1.055	7.276	-11.477	-5.539	-9.320	-5.919	-9.946	23	ScrambledFaces
-18.244	-3.932	-12.714	-6.679	-2.233	-4.666	10.251	7.700	23.934	14.996	18.841	16.458	6.488	-9.738	-26.027	-13.308	-15.807	-9.127	-14.445	-6.926	-3.173	-1.658	1.844	4.177	15.882	16.889	8.701	18.592	23	Faces
-0.203	1.269	0.147	6.878	-0.108	8.396	5.109	-0.290	11.147	5.577	2.510	3.703	8.607	2.612	-15.872	-6.290	8.684	-9.280	5.101	0.668	0.287	3.487	-6.295	2.190	13.800	-8.085	-2.639	0.165	23	Cars
-13.997	-6.924	2.850	-3.906	-3.190	1.510	15.071	4.640	6.935	20.856	3.686	3.292	7.137	14.855	-1.384	-12.939	-4.489	-8.320	0.664	0.180	5.867	-0.907	-2.979	5.893	-1.876	1.748	8.888	0.378	23	Faces
-9.460	6.886	-3.146	-2.635	2.113	7.867	2.458	6.356	12.797	7.807	16.156	6.093	-6.119	0.626	-34.231	2.689	-4.768	-8.083	-3.363	-5.489	-4.417	-2.536	3.438	1.021	-5.519	-0.144	4.338	4.336	23	ScrambledCars
-2.051	4.163	-1.943	-0.303	-3.417	-5.262	-6.678	-5.047	-5.725	-8.423	-7.442	-5.429	-9.581	22.127	8.340	-3.880	-6.002	-0.690	6.177	-3.380	0.684	4.253	3.942	-2.318	5.087	-5.537	4.124	-1.863	23	Cars
-6.626	-2.975	-8.368	-2.495	-4.139	-7.305	-0.095	-5.908	-1.608	-5.073	-0.357	4.501	-1.774	7.636	5.077	1.245	5.753	2.590	-5.096	1.632	-4.007	2.375	1.838	-0.924	0.721	1.021	-4.113	-2.660	23	Faces
-2.619	4.143	-8.211	1.844	-1.610	3.051	-4.031	-4.892	-1.163	-6.666	4.917	-4.941	-5.827	-17.851	11.904	0.099	4.976	4.892	9.449	-4.467	-5.996	-8.897	0.655	-1.754	1.801	-0.881	-5.141	-6.550	23	Faces
4.522	5.572	-0.412	-3.906	-0.147	4.397	-5.945	-3.829	-2.118	-1.570	0.371	-2.347	3.553	23.144	-4.860	4.606	-3.275	1.184	-3.640	-2.524	-0.665	6.257	-2.092	1.076	-8.306	1.420	4.589	1.621	23	Faces
-10.964	-11.482	-8.291	-0.848	-7.359	-1.590	9.227	2.412	4.798	-1.350	0.620	-1.048	2.594	-3.703	-7.199	0.472	-0.277	-4.275	-5.087	6.325	4.884	0.326	2.978	6.312	8.944	11.577	1.857	-5.223	23	ScrambledCars
-17.415	-4.118	-4.015	-16.187	-1.368	-13.223	6.057	-6.270	7.880	9.105	12.375	13.874	1.125	29.227	-5.631	-4.261	6.623	-6.347	-13.831	4.090	10.217	0.344	-1.446	9.330	8.080	6.010	-2.044	11.309	23	Faces
-16.827	-13.184	-19.628	-1.935	-6.809	-6.738	-3.316	-2.482	-0.931	-9.284	2.510	-2.288	-9.460	-9.837	7.209	-9.044	1.579	8.368	4.287	-9.321	-12.358	3.290	2.831	7.017	11.148	16.020	10.385	19.786	23	Cars
9.467	-4.675	-12.821	3.294	3.409	-2.989	0.342	3.850	-2.354	10.338	5.858	3.723	-2.231	-0.741	1.178	-2.541	-7.744	-11.432	2.429	4.957	3.975	0.125	-3.787	3.202	-3.703	2.282	1.247	8.207	23	ScrambledFaces
-7.200	7.159	0.947	-9.417	-3.316	6.338	7.618	11.373	14.374	4.463	9.400	5.010	7.484	-2.075	-13.159	-6.049	-5.478	-10.205	0.036	-1.129	1.925	-1.716	-4.045	4.932	1.064	-0.573	4.438	10.004	23	Cars
22.475	6.624	11.956	-4.340	-4.327	-16.890	-3.355	-3.220	-1.566	1.279	-5.493	-6.163	-13.564	-9.652	1.384	-2.283	7.941	11.157	11.648	-3.243	-8.959	3.431	-2.328	-7.468	-4.805	-10.789	-17.274	-4.686	23	ScrambledCars
-9.054	-4.880	-7.212	1.881	3.134	-5.965	-3.388	-2.865	-2.257	2.701	-5.152	-12.344	2.495	-0.981	-2.363	5.486	7.638	3.770	21.173	0.611	0.553	8.042	2.577	5.971	-5.889	0.148	-0.675	-3.799	23	Faces
-8.884	-12.536	-8.105	-2.172	-4.485	1.785	-0.352	9.825	7.524	4.428	10.926	10.468	-8.349	5.324	-4.984	-22.134	-5.650	-1.229	-12.368	-10.009	-8.210	1.441	-4.335	1.617	14.963	18.191	6.789	12.243	23	ScrambledFaces
-4.389	-7.502	4.639	-7.979	-3.196	2.053	2.420	0.155	2.469	-6.263	4.314	-2.640	-8.962	10.284	-3.530	-0.232	-3.984	-0.295	-1.517	1.231	-2.931	-2.781	-6.538	0.128	5.827	12.185	3.387	5.930	23	ScrambledCars
6.289	-14.622	-1.914	-3.260	-1.669	-1.310	-3.305	-2.784	0.729	2.824	9.416	2.278	10.228	4.677	0.894	-5.266	0.746	-2.884	-3.510	-5.764	-4.271	-8.086	7.539	3.529	-3.821	3.890	7.612	3.269	23	Faces
-1.937	-7.573	-4.426	-2.745	-5.404	-6.277	10.677	15.820	19.705	-2.872	9.105	7.701	-3.268	-22.839	-8.153	-24.161	-7.645	-5.596	-0.574	-12.338	-6.530	-0.239	-2.804	0.078	11.798	10.451	10.868	8.015	23	ScrambledFaces
-26.689	5.466	-3.692	-1.703	-1.206	5.505	-1.550	5.732	10.250	15.116	16.087	10.812	-1.469	-4.012	-22.317	-13.354	-7.179	-6.408	-24.520	-4.005	-13.279	-6.848	-9.797	2.684	2.771	5.532	13.317	2.218	23	Cars
-18.486	-7.267	1.646	0.277	-6.996	-4.761	3.708	6.394	17.417	-2.587	11.327	3.141	-3.714	-9.873	-7.281	-8.077	-8.999	-5.109	8.413	-9.917	-4.339	7.352	-0.905	1.255	8.923	11.551	0.884	4.126	23	ScrambledFaces
26.905	1.577	9.306	9.499	4.220	-1.653	-1.036	-4.200	-8.404	-9.837	-10.229	-11.875	4.303	9.744	5.248	8.633	8.087	-1.475	3.662	7.179	5.560	-2.658	-1.749	-9.909	-13.424	-20.406	-12.395	-11.865	23	Faces
-2.090	-10.746	-0.489	-2.638	2.604	-3.714	-3.825	-0.317	-0.528	-7.896	5.888	-7.908	-4.820	-8.025	-4.643	7.493	13.407	-3.240	16.372	3.549	2.712	-3.082	1.703	0.955	3.903	0.714	-3.525	0.239	23	ScrambledCars
-21.879	3.127	-2.581	0.795	4.169	10.413	15.866	14.184	20.603	23.938	17.414	14.148	-3.670	5.442	-39.534	-14.737	-2.700	-7.290	-7.290	-2.158	0.588	-1.165	-1.086	8.393	7.988	16.577	13.122	14.592	23	ScrambledFaces
-6.200	-2.083	-0.180	14.652	1.461	-6.875	3.620	-2.019	-6.792	-0.722	-5.559	2.254	-7.748	-3.650	4.011	3.189	1.415	5.879	-4.372	-0.544	-4.217	3.225	3.718	-0.916	-5.933	5.510	2.002	1.314	23	Cars
-9.241	-7.544	-3.396	-7.030	-3.899	-20.218	3.247	-1.069	5.103	-0.601	5.090	0.504	3.147	-0.085	3.131	3.511	4.935	5.002	1.800	4.756	5.290	4.757	3.101	9.052	6.274	-2.544	-0.548	1.241	23	ScrambledCars
-4.385	-6.411	-0.637	8.153	5.136	-3.211	4.706	0.537	10.332	4.573	7.110	7.599	2.754	-9.165	-24.342	-8.733	-10.007	-9.523	-9.042	6.249	4.746	-1.234	-5.612	1.054	1.122	-0.208	-9.118	16.248	23	ScrambledFaces
-6.467	-18.681	-6.289	-5.162	-6.790	-5.957	11.154	-0.344	2.930	4.127	3.240	7.695	2.043	7.967	-6.136	4.540	-0.455	-2.555	2.156	-7.040	-1.537	9.141	3.665	6.504	8.557	9.483	7.378	5.931	23	Cars
-12.342	-5.038	-5.100	-5.584	1.312	4.289	0.916	2.257	8.113	12.463	6.573	1.979	3.921	-0.914	-7.738	-6.872	3.045	-4.800	-7.563	-2.131	-1.256	-5.188	-4.656	2.198	2.026	21.494	0.194	7.888	23	ScrambledCars
-4.557	3.067	-2.290	2.015	-0.627	-10.632	7.937	-8.577	1.154	14.297	7.690	10.972	11.335	-3.424	-2.556	8.595	-3.134	-7.783	-6.259	8.171	4.024	5.378	3.595	6.244	-5.775	4.590	9.539	-1.291	23	Faces
3.030	11.564	4.501	4.705	2.097	2.391	1.778	-3.363	4.223	-2.765	6.383	-5.886	-0.053	7.075	-9.441	-0.851	-3.121	-0.099	-13.354	3.164	7.483	0.470	1.506	-1.271	-7.310	-9.169	-3.056	2.021	23	Cars
-6.967	-14.151	-5.786	-9.227	0.216	1.299	-2.128	-0.480	-1.798	2.898	3.955	-3.381	0.952	4.341	11.049	1.976	8.083	2.246	10.002	-3.030	-3.028	-8.336	0.498	2.635	3.027	0.285	-1.332	6.803	23	Cars
-7.215	0.137	0.059	5.934	-4.016	-2.610	3.833	-1.467	4.643	1.244	2.448	-0.830	-1.955	-5.212	-8.552	-6.366	-6.374	1.819	5.553	-2.688	-4.068	4.484	3.995	-4.729	3.326	-2.301	3.892	4.285	23	Cars
-3.746	-9.022	-15.669	-2.837	-3.989	3.655	3.492	7.390	12.066	6.678	10.974	0.956	-3.550	-0.522	-10.345	-3.887	-1.740	-2.337	2.214	-3.180	-3.918	5.863	-2.332	-3.689	13.249	8.126	3.479	4.516	23	ScrambledCars
-9.000	4.454	-4.595	-5.500	-2.737	-8.422	2.999	-10.315	-2.060	-2.221	1.648	4.501	1.007	-8.363	14.736	1.818	5.559	0.517	-5.435	-8.703	-5.801	2.160	5.543	3.629	10.079	4.924	3.158	4.785	23	Cars
4.420	-9.132	-3.307	-0.207	2.613	-6.966	3.459	2.733	9.877	4.266	0.069	-8.054	2.922	-1.889	-9.654	-2.320	1.829	4.481	12.732	1.272	2.757	-6.877	1.799	-2.253	0.882	-7.623	-8.316	1.757	23	Faces
-4.705	3.145	2.788	8.781	7.142	6.190	-3.418	-0.705	0.318	-9.849	-3.869	-6.766	6.622	-1.511	-0.611	0.864	-1.043	7.191	7.221	4.675	1.466	-3.259	0.721	1.109	-6.178	0.453	-5.464	3.278	23	Faces
-0.864	10.709	10.327	-2.497	-4.689	-2.838	-7.756	3.265	-2.141	-1.247	4.569	-1.017	-5.829	-9.881	12.354	-1.184	-3.442	1.772	8.439	-8.032	-2.222	-0.424	-2.657	-1.602	2.180	8.004	-3.691	0.883	23	ScrambledCars
2.068	-1.035	0.186	4.834	-9.622	-8.901	-1.587	5.549	3.803	3.900	2.163	-3.267	-5.413	-2.687	13.430	0.195	-0.215	1.196	-3.088	-0.954	-7.036	-10.925	-4.893	-4.656	2.084	5.252	-8.204	5.708	23	ScrambledFaces
4.327	4.753	1.627	-9.550	2.057	3.321	8.128	6.820	14.169	5.119	10.829	2.109	-2.239	-17.690	-4.319	-2.721	-6.926	2.702	10.558	-3.468	-6.400	-0.552	0.590	-3.742	3.886	7.331	-3.746	1.944	23	Faces
14.101	-13.978	3.223	-10.716	-11.646	-10.941	-4.221	-4.466	4.639	-1.302	2.622	-1.585	-11.705	-5.420	7.853	0.858	-0.465	2.945	11.522	0.836	-1.458	5.641	-0.935	-2.412	-10.884	-1.131	5.943	3.534	23	Faces
-17.346	0.806	-14.214	7.149	0.476	2.235	7.256	1.135	8.513	9.437	5.837	2.067	6.484	15.015	-5.370	-2.080	-4.290	-11.156	-6.913	4.449	-0.804	4.532	-5.122	-2.742	3.704	3.595	11.931	11.185	23	ScrambledFaces
-0.356	-15.406	1.854	3.249	-5.879	-3.068	6.802	8.929	7.204	1.158	1.547	7.435	-4.897	-16.175	2.632	-12.651	-8.031	-3.544	0.070	-7.239	-8.275	-6.948	-0.036	2.393	10.219	10.667	-4.217	4.948	23	ScrambledCars
-10.759	1.905	-5.160	-10.394	-0.879	-5.451	6.791	10.770	17.375	16.176	18.429	10.222	4.459	-7.059	-14.899	0.314	-4.242	-9.014	-6.127	-10.600	-5.105	-16.463	-6.708	-2.166	3.565	5.453	14.519	19.134	23	ScrambledFaces
-2.436	-11.842	-7.156	-0.117	-0.183	-11.018	3.712	0.283	6.714	9.804	0.339	2.895	5.225	3.925	-14.594	-6.908	-7.935	-11.626	-13.200	0.148	2.871	-4.416	3.900	4.121	14.696	9.210	4.643	10.578	23	Cars
-4.721	2.047	-6.826	6.335	3.306	7.974	2.749	-2.373	-0.532	-2.109	-1.752	-3.894	-0.138	17.611	-21.814	2.032	-0.520	-5.761	-0.135	6.958	3.489	17.390	7.747	4.206	-2.423	3.331	2.634	1.250	23	Faces
-7.261	11.828	-8.153	-5.690	1.289	3.831	2.172	2.644	7.871	3.458	9.060	3.130	-9.095	2.945	-10.741	-8.650	-9.043	-2.403	-1.473	-3.726	-5.786	-13.151	-2.097	0.664	1.703	12.955	7.260	13.115	23	Faces
8.021	-5.866	-0.983	-8.046	-0.308	13.905	6.368	4.635	10.340	4.514	13.429	3.660	2.438	-17.774	-0.374	-13.096	-1.675	-5.057	-19.968	-11.407	-2.395	-10.472	-7.297	-2.082	-7.688	3.765	-2.380	-4.998	23	Faces
1.332	-3.024	-8.753	-12.471	-1.790	-3.200	-1.122	-1.543	3.201	0.504	6.864	2.218	7.010	-12.518	-3.352	1.454	-1.998	-6.123	7.345	-5.284	-5.187	1.114	0.548	5.557	4.562	9.681	7.846	4.237	23	ScrambledFaces
-16.432	-4.923	-3.105	-11.229	-9.706	-6.807	7.874	11.048	16.014	3.334	18.610	9.819	0.910	-10.232	1.622	-5.630	-16.043	-10.279	-8.435	-5.354	-7.718	-7.047	-2.746	0.627	20.216	13.001	13.257	12.669	23	ScrambledFaces
-6.711	-8.533	3.194	3.812	0.693	0.882	3.754	1.620	2.459	7.181	7.206	5.541	5.645	7.337	-3.083	-1.260	0.735	-2.805	7.436	5.729	-2.116	-3.726	-3.229	7.955	-2.493	-1.943	12.936	1.192	23	Cars
2.527	0.118	3.113	11.017	-1.654	-0.206	-5.605	1.677	0.383	-0.243	-3.823	-7.268	-5.901	-16.430	12.226	-1.475	5.116	7.973	15.121	-1.093	-6.912	-4.496	1.189	-9.687	-5.689	-9.754	-1.099	-1.893	23	Faces
-10.509	-8.087	-1.787	-14.013	0.745	-3.322	-2.655	-3.170	-0.335	1.410	3.240	-1.964	-2.200	-2.138	-10.594	0.400	-9.796	2.259	-12.905	-3.876	-0.380	2.884	3.230	7.675	12.277	12.943	4.208	8.742	23	Faces
11.479	-6.255	-2.929	-1.369	6.211	1.821	3.492	3.503	2.124	14.749	8.106	-2.115	5.477	-5.189	8.197	2.796	-10.708	-6.342	-3.752	1.832	6.648	2.480	-4.978	-2.379	-7.046	-9.163	1.029	-3.531	23	ScrambledFaces
2.378	-17.248	6.454	-9.648	-2.263	1.612	2.651	-0.497	7.540	6.804	4.601	1.731	2.000	4.284	-5.205	-0.543	3.334	0.636	-6.721	1.451	-2.363	-4.334	-3.929	-0.947	-7.236	-5.406	2.898	1.704	23	Faces
-7.296	-8.045	-4.287	-12.071	-4.731	-4.708	3.176	11.836	9.976	5.951	17.380	6.909	3.150	-7.289	-6.249	2.381	-9.538	-7.034	5.875	-7.098	-4.714	-7.672	-3.891	2.787	4.911	4.905	4.393	6.236	23	ScrambledCars
0.276	-2.530	-10.339	29.730	2.594	1.022	14.088	14.070	24.755	5.691	14.993	2.658	0.720	1.382	0.701	-5.928	-10.010	-13.796	-5.288	-5.302	0.115	-6.553	-11.870	-2.989	-3.304	1.684	-1.345	2.268	23	ScrambledFaces
1.879	19.082	2.247	4.153	-3.918	-1.957	-6.041	-1.679	4.245	7.008	-1.929	-0.749	-3.982	7.324	-7.708	1.787	-4.816	0.693	-12.133	-5.868	-5.346	5.060	2.584	-0.911	-3.642	-1.585	-7.282	5.942	23	Cars
6.360	2.349	8.027	3.797	2.885	1.955	1.373	0.035	-6.208	2.254	-5.985	-2.041	-5.490	-3.362	7.070	0.658	-0.246	2.089	-2.790	-0.199	1.867	7.985	-1.185	-0.578	2.248	-1.761	1.665	-2.417	23	ScrambledFaces
0.113	-11.058	-10.871	-4.288	3.575	1.361	5.144	1.446	8.657	15.553	4.799	2.950	12.612	12.529	-11.327	10.410	-12.014	-3.085	5.490	0.191	-0.794	1.244	-1.263	3.836	-4.668	-2.529	2.109	7.467	23	ScrambledCars
-6.330	-0.702	-1.457	-6.246	-7.961	-6.363	-0.815	6.576	9.831	2.696	10.428	11.233	-2.500	-4.758	1.073	-5.430	-12.356	-8.641	-2.740	-12.585	-10.030	-9.489	-4.307	-3.140	8.233	17.622	7.304	7.342	23	ScrambledFaces
-10.970	-13.742	-16.812	-8.933	-8.228	-10.190	8.470	3.330	11.692	5.059	13.636	15.578	12.088	-1.461	-8.031	-7.545	-0.419	-4.677	4.203	3.779	2.592	2.008	2.852	4.250	-0.823	8.352	5.461	4.519	23	ScrambledFaces
5.762	-10.515	0.307	-8.200	-1.996	1.407	-2.123	-5.432	-2.318	-2.135	-0.789	2.855	-2.299	-1.621	-4.479	-10.214	-6.637	-1.245	-5.112	-9.583	-1.165	3.267	3.210	6.551	7.784	9.946	5.918	12.185	23	Cars
8.157	4.885	1.569	4.575	1.086	10.096	3.556	0.986	-0.848	-2.820	-1.726	-0.507	-6.172	4.044	0.439	-1.997	4.223	5.307	0.393	-0.618	1.720	-7.095	-6.716	-6.122	-5.442	-8.197	-16.496	-3.751	23	ScrambledFaces
-4.379	-5.971	-14.088	-7.502	-6.875	-8.139	-3.636	-3.914	2.612	-0.093	5.736	5.195	3.025	-7.268	1.613	8.024	4.174	-2.143	17.386	0.952	1.713	9.091	4.369	2.931	3.900	5.403	-1.739	6.742	23	ScrambledCars
-2.345	-10.286	-3.662	3.645	1.501	-0.697	4.157	-0.271	7.132	5.215	0.500	1.400	0.167	-2.153	-7.081	-6.100	11.616	-3.098	16.643	1.105	-1.883	-5.141	-2.543	-3.550	-4.347	10.534	4.512	4.513	23	Cars
-7.495	-5.331	-0.615	9.922	6.846	0.874	2.728	-1.387	3.981	-1.099	1.514	-2.009	5.983	10.798	-7.164	2.396	4.183	-1.612	4.241	0.406	2.875	-4.416	-5.773	4.387	2.316	1.332	6.948	-2.523	23	Cars
14.521	-1.107	2.866	6.551	4.783	-0.595	-2.948	-2.880	1.615	-8.441	-2.623	-5.654	-6.961	-16.325	14.459	7.485	-27.732	0.305	11.307	4.733	2.861	3.333	5.468	-5.247	-4.985	-4.358	-1.819	-6.685	23	ScrambledCars
9.995	-6.617	4.624	1.393	3.666	2.726	3.074	-2.346	-0.754	-6.182	-13.598	-3.187	-5.171	-2.571	8.069	-6.227	0.062	7.308	-4.233	-2.475	-3.770	7.389	8.759	-5.456	2.724	-1.186	-11.353	-9.295	23	Cars
-4.502	9.586	-4.175	-14.113	6.197	9.370	5.263	17.027	15.316	12.560	12.169	0.018	5.457	2.176	-9.442	-4.062	-8.475	-6.655	-3.516	-1.230	1.212	-0.834	-0.458	-3.501	-6.138	-6.314	-1.122	3.765	23	ScrambledCars
10.277	11.331	-1.659	0.040	2.378	-6.513	7.737	-12.172	-13.872	0.021	-3.820	-1.463	19.450	10.729	4.174	20.822	11.034	-1.076	10.146	0.623	6.086	2.919	-0.376	10.499	-6.397	-5.346	-6.945	-4.598	23	Cars
4.580	-2.291	-0.280	9.446	4.878	10.474	-0.010	4.313	10.661	3.113	0.302	-0.527	-7.715	13.342	-13.575	6.244	1.979	-7.202	10.602	1.596	0.323	-1.973	-7.592	-10.864	-8.775	-17.555	-10.700	5.925	23	Faces
-0.529	1.869	1.436	-3.172	-1.332	0.706	-1.583	5.246	5.402	7.273	12.554	4.575	-6.787	1.979	-3.055	-3.792	-5.028	5.250	-13.194	-4.852	-2.985	0.783	-2.315	-6.369	-3.584	-0.285	-3.489	0.511	23	ScrambledCars
-0.468	-3.901	-6.148	-9.238	1.395	1.699	3.443	-5.882	6.363	4.108	2.362	2.766	1.687	-7.507	3.964	5.628	0.183	3.043	15.602	-2.655	-0.268	-0.880	-0.351	1.456	0.490	-1.991	-4.429	-14.113	23	Cars
9.232	7.089	4.484	2.794	1.139	2.719	4.124	8.016	8.068	-5.908	-3.206	-1.666	-0.256	-12.182	5.999	-8.181	4.930	-1.724	-2.150	1.851	-0.308	-2.053	-5.786	-9.490	-2.275	-2.380	1.316	-13.097	23	ScrambledFaces
-15.867	0.997	-9.499	-5.364	-2.892	8.652	-7.193	-0.617	-1.621	-5.175	2.653	-1.167	-0.977	4.129	-15.987	-2.747	-3.376	-3.160	-11.206	-4.503	-1.027	-2.018	7.413	5.226	14.396	16.371	2.268	22.640	23	Cars
1.633	-1.003	-10.392	2.273	-6.303	-8.223	-3.422	-1.874	-5.525	4.189	0.015	3.422	-1.317	-22.221	6.428	3.226	-12.907	3.425	-5.426	-4.359	-1.002	-5.326	-3.324	-2.578	8.349	1.336	-2.667	-2.158	23	ScrambledCars
-10.544	-5.533	-6.108	-8.699	-0.563	-6.620	-1.540	-1.299	1.271	2.559	12.686	-2.526	-1.519	10.337	-15.781	-6.843	-3.476	2.448	-0.578	-2.636	-3.326	-2.036	4.964	7.951	9.475	3.997	9.338	0.893	23	Cars
3.803	-7.791	5.822	-3.374	-5.301	4.167	-4.700	-1.347	-2.301	-0.071	0.449	-2.012	-1.802	2.153	5.482	-5.252	0.154	0.839	-6.433	-2.585	-2.549	-0.666	6.450	-5.068	-0.803	3.973	1.970	-1.670	23	Faces
-12.413	5.889	-1.343	0.353	-3.569	-0.278	10.518	3.517	11.150	3.206	10.089	1.696	-2.069	-20.542	-1.716	0.061	10.284	-0.132	-9.342	-2.127	-5.219	-0.461	-8.060	1.629	5.888	0.337	3.854	-1.372	23	Cars
-3.702	-2.168	1.913	-0.835	1.604	-3.219	0.434	12.944	12.080	10.077	8.929	-0.281	-7.778	-3.944	-11.672	-4.213	-15.762	3.258	-5.501	-5.624	-4.755	-9.052	-1.807	-1.817	7.382	5.433	0.343	1.565	23	ScrambledCars
10.508	-9.395	-6.212	1.652	-1.448	-2.446	-1.859	-11.256	-8.343	-10.607	2.055	2.785	9.154	0.415	14.118	14.192	7.111	-8.430	5.920	9.215	6.917	2.278	-3.948	5.488	-5.688	-1.092	2.181	11.819	23	Faces
-6.910	-8.250	-2.930	-4.843	-0.703	-7.006	-6.072	3.350	3.017	-0.572	2.478	-0.258	-6.873	14.025	-11.240	-3.887	5.387	-1.179	-3.636	-1.204	-6.093	-6.007	-3.650	1.378	8.263	0.863	7.695	1.017	23	ScrambledFaces
2.477	-10.538	7.347	-5.180	-3.447	8.995	-2.848	13.068	7.407	-2.518	-0.834	1.757	-12.056	-15.832	-6.612	1.962	3.075	2.610	-5.775	-9.248	-13.568	-5.580	2.386	-8.290	8.476	1.085	-11.346	-0.178	23	Cars
10.010	-5.961	-6.026	-3.136	5.662	-3.189	3.306	9.477	8.778	1.188	2.021	-0.554	9.252	-1.964	-3.205	-5.210	1.779	-3.499	14.409	-0.611	2.516	4.844	-6.279	0.041	-5.873	-3.633	-6.418	-0.110	23	ScrambledCars
0.017	-4.764	0.192	-12.564	-8.270	-0.580	1.915	8.926	6.320	-4.119	-2.161	1.592	-8.297	2.055	6.102	-9.094	-5.261	-1.192	-1.700	-14.187	-3.905	-7.572	-0.052	6.326	11.279	13.713	7.500	5.763	23	ScrambledCars
-3.020	1.061	-9.996	4.039	-5.470	-11.243	-3.550	-11.353	-4.179	-7.905	-6.071	-0.724	8.971	23.020	-1.788	4.867	5.855	-6.391	10.591	2.987	-3.708	-2.332	-4.129	4.859	7.616	10.305	10.072	3.452	23	ScrambledFaces
-4.856	-2.207	-5.005	2.317	-2.267	-5.168	-2.257	-0.207	3.409	-0.560	13.767	4.081	-10.696	4.398	-5.987	-0.816	-11.230	-5.401	-6.370	-0.183	-3.390	1.244	-0.733	7.913	6.105	7.793	-0.196	3.588	23	Cars
-4.812	-2.012	-4.276	-10.216	-2.392	-1.116	-8.209	-3.464	-9.781	5.263	-10.473	-0.297	-0.840	-1.722	7.061	-2.333	-7.478	2.487	-4.965	2.341	0.464	5.512	2.313	2.614	3.578	4.673	8.196	-4.875	23	Cars
0.300	2.496	5.422	-1.136	-7.292	2.118	-3.253	7.326	1.393	-17.580	-2.763	-1.276	-4.181	-13.525	7.399	0.437	-4.234	-5.333	10.819	-2.959	-5.465	8.139	-3.679	-9.451	6.152	7.809	0.580	11.899	23	ScrambledCars
-11.950	-1.373	-5.857	-2.797	1.091	3.821	-0.090	6.859	10.244	1.127	5.563	8.621	-4.240	-1.304	-2.637	-2.746	-2.461	-2.916	2.001	0.545	1.932	-7.196	0.009	2.132	-2.247	5.014	5.713	0.764	23	Faces
-8.003	7.070	4.919	0.776	1.433	-2.558	-7.365	-3.430	-1.867	-8.338	-3.240	-5.723	1.115	0.484	-6.696	4.668	3.787	-6.362	2.606	7.841	2.648	5.091	2.341	5.091	8.009	4.546	10.500	-4.326	23	ScrambledCars
1.291	-15.999	0.042	-10.390	-10.345	-8.878	-4.468	-1.645	0.462	4.290	4.229	5.707	-1.030	-18.811	-3.219	-9.299	-5.433	-4.707	-5.623	-10.379	-10.394	-8.155	0.295	7.247	17.553	17.770	4.960	11.611	23	Cars
-13.623	-0.752	0.517	-8.790	-6.877	-5.512	4.108	-2.504	-2.653	5.153	12.473	9.075	2.790	-4.012	8.469	-13.530	-4.841	0.357	-10.205	-8.915	-3.021	2.627	-4.198	1.664	4.207	7.364	9.008	2.987	23	Cars
-2.034	-9.432	-7.551	9.336	3.154	7.293	2.400	2.654	3.248	-3.156	8.632	3.871	3.271	-22.253	-1.485	-9.985	-12.741	-4.208	14.317	-6.433	-8.252	-6.713	6.151	6.629	6.963	4.642	5.089	11.874	23	ScrambledCars
3.210	-0.661	0.311	-2.812	-1.648	-5.426	6.282	6.686	5.778	9.554	3.338	1.065	-3.591	-14.385	-11.322	-5.733	-5.831	1.703	1.010	-7.238	-6.069	1.102	-2.674	-3.040	-3.739	2.572	-6.216	-0.555	23	Cars
-6.623	-5.507	-6.342	-2.306	4.248	1.240	-1.282	8.879	6.503	-6.306	2.130	-2.452	-1.402	-9.804	7.091	3.024	-2.528	-4.091	-0.373	0.766	-0.743	1.227	1.485	2.689	7.619	1.555	2.951	3.779	23	ScrambledFaces
-0.824	-7.738	-3.108	0.301	1.602	-8.505	2.990	-2.262	-2.146	2.530	-1.430	1.830	2.876	0.795	5.775	1.133	1.549	-1.511	8.914	-10.040	-2.201	2.924	2.806	0.890	-0.370	5.452	-3.212	16.339	23	Faces
-3.676	8.425	5.516	2.738	-1.357	2.918	-4.964	2.355	2.639	-3.304	2.443	0.582	-9.854	-4.355	-9.285	1.710	-8.279	-2.472	-0.515	1.093	-1.028	-1.586	-1.218	1.181	1.317	7.828	-8.215	-4.350	23	ScrambledFaces
-3.099	0.593	1.050	2.738	4.303	2.669	1.897	13.980	15.242	-15.170	10.589	-7.919	1.104	-3.245	-2.054	2.768	9.161	-7.638	4.863	-0.600	-2.104	3.545	0.257	-3.491	0.028	2.936	-10.343	-0.975	23	ScrambledCars
0.835	15.420	1.242	6.165	-1.041	1.213	2.332	-10.187	-4.744	0.860	1.704	-0.049	11.603	5.330	11.706	5.202	0.819	2.338	3.172	7.392	4.703	-4.200	-4.666	-2.365	-16.852	-13.434	5.018	-4.677	23	Faces
-3.598	-16.492	2.866	-5.537	-2.125	-4.034	-0.208	-2.667	-4.220	-2.949	-2.544	5.048	0.061	-4.277	-17.540	-7.412	-2.396	3.118	1.473	-6.593	-7.634	3.116	5.930	8.446	14.469	13.480	11.270	10.998	23	Cars
-5.902	-9.019	-0.545	-3.212	-1.295	8.310	4.249	5.974	7.533	2.839	6.527	10.970	9.029	-5.471	-2.212	-10.757	-15.162	-4.009	-8.596	-6.598	-2.038	-16.092	-0.249	7.705	2.603	10.488	12.208	9.960	23	Cars
4.762	-11.106	-6.930	3.322	-4.497	-7.761	3.943	-4.624	-0.011	1.290	4.481	8.068	4.758	-3.236	-3.845	-3.905	-9.002	-5.301	1.738	-5.903	-1.558	2.661	-4.564	5.422	14.160	7.808	6.309	16.213	23	Cars
-9.093	-5.538	5.214	-1.570	2.362	4.163	3.205	0.542	7.600	5.118	0.717	7.599	-5.377	-7.643	-3.583	-14.965	-5.070	-1.043	-5.232	0.137	0.732	0.677	4.903	4.504	-3.645	4.324	2.738	1.983	23	ScrambledCars
-4.344	-8.552	-2.092	-7.782	1.696	-8.604	1.420	-4.200	-5.240	-6.261	-3.047	0.538	-5.857	-9.664	1.037	-14.866	0.211	3.560	11.826	-5.669	-3.423	4.482	4.851	0.851	18.886	14.253	3.340	-2.051	23	ScrambledCars
-1.313	2.832	3.269	-4.539	1.170	9.294	1.097	-3.627	-3.918	6.528	-4.020	0.549	-0.152	16.936	-2.827	-11.015	-2.526	-1.421	5.695	-9.326	-3.210	2.426	4.809	11.636	-0.496	3.550	1.908	2.345	23	Faces
9.139	-2.464	10.518	2.087	0.962	1.058	1.850	2.108	-0.164	1.013	1.883	7.142	2.337	-12.379	12.086	-7.455	-9.012	-5.464	14.632	-7.642	-5.903	-8.347	-1.359	-2.921	-8.807	5.153	8.977	7.147	23	Cars
-18.006	-1.138	-14.610	-2.290	1.728	-3.799	7.569	3.246	4.756	-0.466	1.462	4.656	9.704	13.980	-12.968	-6.289	-1.655	-4.745	5.184	3.033	3.134	2.171	3.495	8.606	1.640	3.974	0.990	5.776	23	ScrambledFaces
-11.387	-23.260	-10.405	-1.406	4.513	-3.920	2.490	3.412	8.323	-0.394	6.520	11.869	-0.121	-20.105	-9.510	-6.975	-1.475	-1.261	-14.539	-7.959	-0.826	-0.435	8.112	9.013	18.388	14.446	12.470	16.174	23	ScrambledCars
-2.343	7.381	11.540	3.073	-1.076	7.280	2.312	8.411	3.153	0.654	-2.574	-0.920	-9.026	-3.055	-3.174	-8.849	-19.266	-2.544	-7.451	-4.029	-2.081	-5.979	-1.922	-4.472	-6.221	3.886	-5.183	-4.224	23	ScrambledFaces
-1.417	-1.298	0.045	-11.082	-7.611	-6.121	-8.486	2.038	-1.114	2.875	-3.149	-0.796	-4.018	-6.621	-6.334	-7.953	2.077	3.414	2.160	-5.848	-8.082	0.811	4.496	-1.388	9.038	7.802	3.133	4.072	23	Faces
6.687	-24.100	-4.501	-4.195	-2.447	-1.702	5.666	3.861	7.185	0.976	2.719	9.637	5.137	7.707	-2.721	-5.226	-5.105	-5.071	-2.195	-8.694	-1.468	0.852	-1.062	4.137	3.874	4.195	1.911	8.204	23	Cars
-6.261	-4.573	-9.540	-2.813	2.192	0.539	7.535	6.061	1.950	4.464	7.284	0.100	6.642	-1.844	-4.564	-7.901	-1.631	-10.240	1.148	-4.976	1.506	-4.359	-0.532	10.436	11.618	5.604	9.537	5.683	23	Cars
-4.425	-7.548	-0.415	-1.214	-3.571	4.507	-0.410	-4.119	-7.432	-11.780	-0.546	-3.048	6.257	1.710	1.583	-3.790	15.329	0.950	8.804	3.604	5.090	5.947	1.609	0.996	-6.163	1.686	-1.971	3.766	23	ScrambledFaces
1.563	-8.077	-4.348	-3.694	-4.712	-3.271	-7.151	-1.243	-3.206	-11.910	2.163	-3.121	-4.726	-6.103	5.958	2.115	-0.938	1.157	4.675	-3.026	-1.100	10.801	2.412	0.751	0.055	6.404	-5.747	-1.282	23	ScrambledCars
-1.869	-2.644	6.422	-1.240	4.294	2.558	-1.809	-1.816	-7.423	-9.235	-15.845	-4.563	2.050	0.474	16.137	-1.873	11.198	4.557	-12.821	5.621	6.254	7.842	0.838	4.207	1.140	-2.303	-5.027	-4.809	23	ScrambledFaces
-8.079	-10.753	-4.773	-10.782	-0.469	-2.268	-4.778	4.791	1.003	0.974	9.552	4.979	-1.726	11.145	-10.513	-13.612	-8.120	3.466	-1.947	-9.144	-10.219	2.487	-0.302	-3.166	11.681	11.937	10.374	2.984	23	ScrambledFaces
16.229	-11.829	3.571	4.921	-5.125	0.404	-2.154	-7.027	1.730	-4.657	-3.958	8.245	4.071	1.703	-4.323	-7.003	-1.610	-5.081	-10.123	-7.029	-3.334	-5.563	-4.267	-0.263	5.030	1.292	2.081	5.407	23	ScrambledCars
-0.067	-10.181	-7.512	2.697	-2.490	-7.772	-3.089	-0.397	2.238	-8.232	-0.297	2.819	-6.747	8.770	-6.130	8.471	6.187	-2.441	6.348	8.175	2.793	4.251	-3.405	-3.834	-4.234	4.163	-2.274	1.952	23	Faces
-7.984	-7.230	-14.649	-3.120	-1.305	-3.260	7.504	1.971	8.141	10.178	9.976	10.910	2.867	9.432	-8.363	4.166	-5.190	-6.518	5.622	-0.751	0.492	0.753	-6.712	-3.734	0.005	2.190	2.384	3.466	23	Faces
-4.836	-5.580	4.380	-6.681	-1.758	-5.132	-4.154	-10.433	-6.878	-10.089	-5.372	1.733	0.733	9.511	-4.857	5.720	7.944	6.629	-1.511	6.627	4.595	4.929	9.078	2.877	4.703	1.158	4.454	-3.421	23	Cars
-9.713	-9.294	-3.469	1.949	0.015	4.055	6.242	8.333	6.700	-0.296	8.361	2.530	-4.207	-2.312	-8.618	-7.203	-9.728	-6.861	4.304	-4.685	-7.897	-4.067	0.090	6.731	7.395	12.463	5.138	13.943	23	ScrambledCars
-4.053	6.822	-4.993	-4.824	-7.083	-8.563	-2.879	2.201	-0.557	0.642	5.207	2.023	-0.643	-18.947	0.246	4.227	6.236	0.044	-2.150	1.964	-1.085	-7.109	-1.480	-5.703	2.503	7.773	-0.219	12.265	23	ScrambledFaces
7.086	5.678	10.340	16.561	1.406	3.021	0.279	0.943	-2.383	2.210	-5.630	-1.541	-4.916	-25.187	17.904	-0.341	1.954	1.229	-4.300	-7.129	-5.579	-8.765	-1.907	-7.791	6.675	-0.363	-4.459	-8.758	23	Cars
2.263	-3.420	-1.817	-1.771	0.738	-0.324	-4.026	-5.196	-7.199	-9.581	-5.412	-7.914	0.359	13.307	12.435	-3.053	12.230	11.281	6.108	3.821	0.286	4.480	3.062	-2.572	-32.412	-10.513	2.384	4.208	23	Faces
-6.652	-7.211	2.905	5.925	0.438	3.281	-7.507	-1.952	3.703	-2.767	-2.742	-0.426	-7.903	-0.391	11.118	0.300	-0.522	1.838	-3.929	-4.678	-4.348	2.203	3.978	-1.279	-0.361	3.959	4.646	4.556	23	ScrambledCars
-0.139	-3.753	-8.044	-9.872	-5.591	-6.549	-5.962	-1.573	-3.980	-2.314	2.728	-2.761	-9.923	-1.420	-11.283	1.327	-0.572	2.779	-1.293	-2.055	-2.827	4.873	-0.913	4.558	4.029	11.785	-4.869	12.519	23	ScrambledCars
0.699	-16.887	5.626	-6.177	-9.530	-1.169	-5.165	6.129	3.648	-4.390	-2.404	2.275	-4.106	-1.055	14.679	-9.552	-3.837	-0.772	15.784	-4.400	-4.117	-5.231	0.424	-3.031	5.865	-0.694	-3.717	4.265	23	ScrambledFaces
-12.233	-6.960	-0.088	-6.086	-6.900	-13.586	-8.461	-0.833	3.543	-13.758	6.529	-0.129	-0.731	0.149	-1.106	-2.114	13.063	1.507	-3.445	1.952	-1.833	-4.311	4.748	1.294	52.487	6.551	2.845	-3.901	23	Faces
-0.483	1.806	6.605	0.364	0.203	3.203	0.390	0.946	2.408	-9.946	-0.395	0.534	-4.029	-3.350	5.104	2.999	-1.838	-3.672	-15.059	-4.147	-3.912	-5.788	-0.607	-2.341	-3.077	-0.025	1.496	0.148	23	ScrambledFaces
-5.279	7.164	5.313	-5.512	4.033	2.236	-2.566	-0.790	-2.876	0.177	-10.903	2.049	-3.043	-7.957	-11.309	-8.905	3.383	-0.676	-2.723	-2.894	-4.189	5.161	0.191	2.651	9.090	9.095	3.060	4.046	23	Cars
-2.699	-3.722	-6.094	-1.415	-2.104	4.086	1.122	3.004	0.113	-9.814	-0.775	0.692	21.748	7.311	2.174	5.862	5.759	-6.080	4.266	0.313	5.083	3.786	-0.341	0.557	-3.175	9.955	1.652	6.695	23	ScrambledFaces
-6.118	6.517	-6.310	-4.849	-1.881	6.413	4.827	-0.605	5.143	7.237	7.883	-1.074	-5.994	14.965	-26.287	-9.064	-5.627	-7.904	3.908	-5.660	-1.995	-2.153	4.556	6.981	6.641	8.282	7.482	9.488	23	Faces
-2.661	9.410	-18.754	-1.550	2.486	-4.629	5.221	-0.317	2.255	9.325	-3.380	2.162	-6.029	-2.900	-9.823	8.354	-1.432	-1.508	-5.897	3.145	-3.862	-1.208	-1.981	-2.916	-9.449	2.481	-2.994	7.905	23	ScrambledCars
-10.110	-3.463	7.358	3.585	-3.351	-6.513	-5.689	-8.702	-5.772	-2.092	-5.466	-0.889	-6.084	-4.378	-17.227	8.381	7.206	6.486	7.635	6.508	2.674	6.974	6.948	4.635	-5.976	1.760	-2.124	6.701	23	Faces
0.391	-3.682	-0.135	-6.086	-7.222	-0.680	-6.512	5.156	-0.173	-4.263	4.470	0.801	-5.309	-10.745	10.719	-4.917	-8.427	1.876	-1.487	-8.967	-4.448	1.570	-2.785	-3.568	2.311	11.987	6.022	5.909	23	ScrambledCars
-10.138	-7.046	-10.721	-8.291	-11.069	1.689	11.317	13.195	15.425	16.656	22.584	17.318	0.370	-10.878	-3.149	-19.916	-14.962	-10.178	0.204	-16.170	-17.967	-13.222	-3.210	-0.053	-26.639	18.320	4.223	11.048	23	ScrambledCars
0.034	-11.103	4.641	-7.405	2.338	4.023	4.761	10.791	18.983	14.684	13.996	13.201	3.945	9.753	-2.475	-10.025	-18.607	-5.495	-20.472	-12.447	-7.142	-4.892	0.429	-3.213	-12.166	-5.841	0.040	1.615	23	Faces
-1.300	8.067	11.742	11.085	0.751	2.276	-4.579	-1.717	-6.021	-9.689	-5.056	-7.563	-6.138	-5.384	0.387	10.467	-1.767	-3.699	-8.400	7.647	1.198	-2.958	-0.775	4.237	10.201	3.696	4.899	-4.282	23	Cars
-4.279	0.413	2.655	-2.726	-2.161	-2.870	-5.259	-2.208	1.913	-10.709	1.616	-2.445	-3.929	-0.848	3.436	-6.168	1.289	2.270	6.554	-2.617	-1.606	0.048	3.629	-0.379	-16.693	6.452	7.547	6.143	23	Faces
-5.442	10.737	-0.902	17.931	-2.091	0.114	-17.380	-18.204	-18.352	-19.962	-18.953	-9.012	-13.247	-13.570	14.321	22.878	24.869	9.138	0.621	10.418	4.825	7.103	8.054	-2.861	-0.357	-3.446	-8.724	-11.282	23	ScrambledFaces
-4.070	-1.710	-1.775	0.965	0.295	1.086	5.777	6.302	1.473	-4.154	7.269	1.668	-17.500	-11.526	8.497	0.370	1.132	3.030	-9.937	-7.312	-7.609	-7.962	1.944	-6.732	12.120	1.951	-2.187	8.445	23	Faces
-1.811	9.582	-2.061	-2.984	5.051	14.685	0.017	0.258	-3.920	2.786	-4.948	-1.827	7.232	-1.540	-9.341	-7.419	-2.140	-1.663	9.571	-1.544	1.452	3.304	3.433	2.197	1.581	-1.953	2.824	-2.482	23	Faces
2.756	-3.658	-2.982	-0.086	1.100	-2.514	2.522	3.777	-2.083	-4.646	-2.689	-2.280	3.155	16.966	-8.745	4.124	-1.267	-6.857	4.095	2.941	3.793	4.770	-3.228	-2.452	-4.931	2.339	11.463	0.506	23	ScrambledCars
8.348	-7.813	3.421	-2.074	-4.471	-5.873	-6.724	-4.049	-5.487	-0.427	-7.269	-3.339	-5.409	-2.447	4.978	-12.177	1.993	4.878	-14.128	-2.409	-2.103	3.992	2.516	4.649	13.399	10.701	-1.228	-5.115	23	Faces
2.583	4.609	-4.177	1.123	2.437	-1.912	5.424	0.091	3.625	5.029	5.524	-1.005	1.970	10.267	7.930	4.766	-0.125	-3.139	10.026	9.494	9.625	-0.496	-5.575	0.455	-6.007	-6.916	-6.983	-1.009	23	ScrambledFaces
4.638	2.578	-8.053	4.367	5.424	-5.757	1.886	-0.931	2.678	14.599	0.458	-1.775	2.607	-3.750	-0.059	2.504	-1.100	0.742	-13.810	1.396	6.821	-1.793	-3.767	-2.979	-4.612	-4.593	-14.623	1.635	23	Faces
0.166	-0.331	-5.541	-3.044	1.384	-3.447	-3.646	-2.869	-2.913	-5.322	4.089	-3.974	8.239	-3.711	-9.955	-4.983	-4.496	-1.946	1.341	-3.519	1.065	5.707	4.252	3.471	12.456	7.557	6.061	6.593	23	ScrambledCars
-5.570	-3.116	-3.534	3.550	2.955	-0.471	6.685	-3.691	-0.193	-1.820	1.499	6.511	9.427	-0.474	-1.157	9.330	-2.293	-9.613	-5.336	3.882	5.651	-2.146	2.175	9.783	11.358	5.590	-6.139	7.824	23	Cars
4.154	-1.975	2.475	4.381	1.390	-5.517	-2.175	6.643	3.333	-2.958	0.511	4.881	-7.022	-9.345	3.403	-7.007	-7.064	1.163	-10.634	-1.252	-0.979	-7.671	-7.366	-4.618	-0.182	-0.941	-3.762	3.722	23	ScrambledFaces
9.870	-2.746	-2.441	5.237	0.749	-1.986	2.771	0.135	-4.764	-11.491	2.389	-9.610	-6.443	-12.978	6.854	9.346	-0.181	9.334	-10.220	-4.098	-4.911	2.788	2.597	1.240	-5.467	-0.888	-4.281	3.566	23	Cars
-1.598	-7.257	11.429	-3.576	-3.147	-7.404	-4.261	-6.354	-5.380	-6.570	-2.677	-4.390	-4.424	-13.249	22.559	10.948	8.484	8.829	22.269	-1.260	-5.432	3.741	3.589	-4.575	-2.706	-5.168	-8.552	-10.996	23	Faces
12.975	4.384	8.164	-3.852	-9.552	-3.091	-10.854	-12.314	-14.660	-19.323	-13.712	-4.368	-9.081	-5.494	1.542	-10.401	6.436	6.212	-0.511	-5.951	-3.744	-8.111	6.344	-1.176	6.671	8.204	-5.246	-11.531	23	ScrambledCars
1.744	6.209	6.903	0.601	-4.119	-2.364	-2.672	-0.530	-6.446	-16.968	-5.143	-5.482	-3.147	-0.827	12.070	-7.882	-0.505	11.057	4.998	-0.704	-5.032	-0.909	1.255	-4.476	-6.415	2.002	-3.803	-10.314	23	ScrambledCars
1.555	-0.269	1.182	-2.749	-0.708	0.108	4.871	2.418	-1.920	0.751	8.457	1.001	4.684	32.956	-4.370	-10.268	-0.617	-5.999	-8.367	-2.991	0.572	2.412	3.682	4.077	-17.100	2.234	8.080	1.635	23	Cars
-12.407	5.852	-5.696	-3.062	-7.770	-9.828	-3.592	-8.729	-8.783	-17.814	-5.483	11.347	7.316	-13.166	-11.125	1.034	4.614	-1.397	-14.706	5.808	-3.482	10.675	3.952	8.452	0.576	17.453	4.880	10.780	23	ScrambledCars
-4.880	-0.674	-1.877	-0.958	-3.317	-8.297	-4.659	-9.725	-8.776	3.935	-6.709	-1.254	0.239	-25.758	-2.982	2.849	3.983	9.274	-1.045	-0.708	-4.151	-3.969	1.925	1.723	12.337	3.653	12.125	3.063	23	Faces
-3.978	-18.400	-0.294	-4.702	-0.683	-3.027	2.118	13.022	13.258	4.781	12.472	15.898	0.749	-33.818	9.331	-5.750	-3.165	-5.080	-0.929	-1.269	-4.308	-0.142	-2.534	3.410	-9.395	6.046	-2.857	6.977	23	ScrambledCars
-12.358	-3.758	-4.960	-2.788	6.526	-2.743	12.383	14.375	16.954	11.923	21.095	14.224	5.299	-1.814	-9.811	-20.147	-13.965	-8.275	-16.218	-12.963	-14.092	-8.159	-5.275	2.635	0.284	9.614	12.265	9.171	23	ScrambledFaces
-0.106	-0.514	-0.038	-5.024	-8.391	-11.302	2.824	-10.250	2.862	3.265	9.480	7.695	7.621	4.108	-4.106	-0.193	-0.921	-3.808	0.559	-4.531	1.178	0.719	0.556	2.250	-9.416	1.602	8.545	8.162	23	Faces
0.068	-8.867	-8.854	-8.038	6.648	3.369	20.517	7.535	15.113	16.834	13.022	12.353	16.901	6.235	-1.871	-4.299	-4.935	-12.784	-11.532	-6.977	1.329	1.053	-6.342	5.677	-3.177	2.703	3.772	8.165	23	Faces
-10.503	0.337	-2.819	0.751	-8.356	0.186	-13.863	-0.630	-4.299	-3.073	2.398	-0.561	-8.467	-5.027	-1.483	-4.479	-0.092	-3.751	11.552	0.446	-6.911	-2.707	-7.556	-8.383	22.523	0.096	-2.314	-1.056	23	Cars
-5.046	-8.602	-0.224	0.417	-2.062	-2.049	0.346	9.770	7.048	4.558	4.940	2.946	-9.407	-0.057	3.348	-3.435	-14.552	-6.570	-4.290	-5.836	-8.043	-7.517	-5.094	-3.352	1.186	3.731	12.106	5.220	23	ScrambledFaces
0.614	15.062	6.791	2.317	1.754	4.234	3.507	4.628	10.938	4.755	6.271	2.812	-1.473	0.096	-0.570	-6.740	-0.121	1.309	7.058	-5.465	-2.168	-5.335	-2.804	-0.517	-10.711	-5.856	-15.086	-5.557	23	Faces
1.043	0.068	-4.581	-5.296	1.211	-7.425	0.118	-0.333	-0.764	-2.316	-1.343	2.246	0.010	4.148	3.243	0.165	2.467	-0.878	11.326	1.705	4.768	3.541	-0.747	-1.092	0.621	-1.087	1.912	3.509	23	ScrambledFaces
-1.748	-2.479	-2.262	-3.396	-3.380	-4.285	-2.352	2.160	2.265	0.403	-5.262	-6.222	-5.133	2.844	-2.512	-11.168	-5.697	3.275	0.479	-10.932	-3.513	4.368	-1.896	5.648	7.545	1.773	-9.748	5.714	23	Cars
2.429	14.281	5.448	-10.672	-0.698	-6.830	-10.230	0.690	-3.648	-5.321	-6.451	3.168	-9.064	-6.295	3.265	5.996	5.617	-2.113	-3.697	0.067	-0.295	-0.277	0.201	0.403	-4.310	3.348	6.832	2.497	23	Faces
6.361	-3.972	-8.180	8.056	5.567	-6.990	3.338	-13.667	-15.074	0.788	-0.328	-0.880	9.602	-21.925	33.296	7.594	12.102	-1.358	10.701	11.548	13.960	6.197	2.989	2.326	-9.787	-8.813	10.353	-10.921	23	Faces
-12.948	-0.797	-1.110	-5.261	-4.464	1.492	0.261	9.668	9.386	-0.081	-1.372	-1.472	-3.314	0.173	-4.011	-9.122	-2.069	0.154	0.284	-4.104	-10.083	-1.377	-4.127	0.283	12.345	5.504	0.539	-1.728	23	ScrambledFaces
-7.017	4.788	-4.263	4.332	-0.434	-3.101	3.347	1.012	4.829	-7.497	3.864	1.005	3.406	3.302	-11.858	-5.994	-2.237	-3.415	-10.600	-1.235	-1.573	1.454	0.874	3.433	6.183	4.984	2.189	10.628	23	Faces
2.218	2.735	-4.288	1.138	-6.269	-9.587	-4.014	-9.803	-6.409	3.334	2.760	-0.140	-0.607	-9.745	9.267	9.367	7.096	-0.891	8.153	-3.706	-2.608	3.011	2.065	3.140	0.884	4.794	-4.350	6.215	23	Cars
-1.309	-13.370	-2.115	-12.312	-1.645	1.942	11.943	19.928	31.286	11.324	17.231	13.803	-0.362	-16.131	-9.093	-3.377	-10.022	-3.471	-9.602	-10.096	-11.540	-4.470	-1.893	-6.423	2.624	-4.919	2.263	0.678	23	Cars
1.837	12.845	-2.694	-1.538	3.750	1.442	3.864	-3.255	-4.806	5.180	-5.625	-3.529	7.370	6.617	5.489	3.285	6.872	-0.579	-6.358	6.165	10.005	1.582	5.208	0.044	0.523	-7.747	-6.386	-16.330	23	ScrambledFaces
-3.346	-6.978	-9.000	-1.539	3.536	8.019	5.030	5.950	13.730	3.153	1.233	5.687	5.760	13.606	-9.574	-12.769	-8.886	-2.519	8.580	-2.692	-0.937	0.008	-4.024	5.472	-1.115	4.898	-5.809	5.305	23	ScrambledCars
0.324	5.811	-9.548	-18.063	-10.115	-10.960	-8.194	3.144	0.016	-0.368	-4.809	7.381	-15.787	-16.458	-8.832	-9.518	-14.010	-1.939	2.440	-11.711	-17.579	-7.902	2.413	2.056	26.305	22.133	12.013	20.453	23	ScrambledFaces
-1.158	-12.029	-1.564	4.717	-1.011	2.206	2.584	5.790	6.592	-1.098	-3.721	-3.754	-1.269	-1.543	-17.362	-5.036	3.241	-4.017	3.330	4.555	11.317	8.669	6.141	5.299	3.325	2.576	-4.189	0.959	23	ScrambledCars
-13.173	-0.351	3.743	-0.498	-5.263	-7.093	-5.257	-4.623	-6.730	-6.591	-3.445	-5.622	-1.720	7.903	-0.372	-10.033	2.122	-1.582	6.414	-0.486	-1.196	7.448	-2.172	7.128	3.485	0.508	7.668	3.450	23	ScrambledFaces
1.513	-3.405	4.145	-0.453	2.725	1.363	3.072	0.505	-2.687	3.961	-4.886	1.348	-1.047	-1.350	-5.549	1.578	-0.100	-3.688	-9.099	0.402	-1.846	1.522	-3.211	-1.201	5.523	1.346	-6.579	3.931	23	ScrambledCars
-2.341	-13.676	-1.115	-3.648	0.102	-1.509	-4.032	2.049	-1.856	-2.621	1.250	3.188	5.163	-5.990	-10.624	-9.908	-7.618	1.273	-4.693	-5.258	-4.272	-3.282	1.488	2.013	26.590	12.645	2.064	6.963	23	ScrambledFaces
6.705	-0.599	-12.054	-3.295	-4.607	-6.825	2.541	-1.876	-8.786	3.414	1.382	11.823	24.090	21.315	6.441	-1.267	-12.823	-3.981	-11.170	-1.880	1.130	1.710	-1.710	0.228	2.505	4.487	-0.932	7.065	23	ScrambledCars
-0.407	2.361	-0.966	-0.022	-0.427	-2.284	-6.166	0.818	-2.890	-3.487	1.245	-4.622	-1.679	-4.135	0.377	10.009	0.559	4.807	-4.058	-4.143	-0.034	3.315	4.459	-0.552	1.822	-3.314	-10.473	-3.590	23	ScrambledCars
-7.399	12.020	-2.673	5.813	-1.682	-7.241	0.909	-5.066	-5.001	2.340	-6.852	-5.101	1.648	1.871	4.818	4.534	-0.696	0.499	-5.971	4.189	4.135	2.612	-1.164	9.226	-0.705	2.106	10.461	2.249	23	ScrambledCars
-0.407	0.375	5.995	-6.826	-6.664	1.296	-10.402	3.505	3.582	-15.889	-4.839	-4.697	-7.199	-23.127	-5.276	-0.926	-2.920	3.595	-7.707	-2.897	-2.568	0.866	4.031	1.127	3.106	3.977	1.076	3.007	23	ScrambledFaces
4.673	-7.565	3.291	2.093	-2.513	3.750	-0.135	-0.123	-0.090	-10.248	-2.023	4.532	0.782	-33.676	-3.230	3.316	2.753	-2.082	1.112	4.240	-0.096	-1.876	-2.592	0.803	-5.064	-1.457	0.953	5.116	23	ScrambledFaces
-7.311	-8.317	-1.654	-1.090	2.854	-2.633	4.040	7.905	6.818	7.680	6.020	6.186	8.490	-1.559	1.358	-12.116	-7.927	-8.966	-5.041	1.273	3.136	1.789	-2.183	3.736	2.617	6.092	10.183	11.516	23	ScrambledFaces
5.998	1.726	-7.178	1.964	-2.528	-1.924	-1.168	-1.189	3.199	5.218	1.484	-0.797	9.524	10.041	-10.653	11.051	-3.130	-11.093	-1.021	-0.260	4.845	2.716	-3.403	5.790	0.866	3.495	5.280	4.947	23	Faces
4.706	2.225	-4.108	-9.147	0.751	-0.147	4.880	-5.460	-0.380	3.528	4.730	1.659	7.732	18.364	-11.897	-8.783	-6.350	-5.529	-4.642	0.830	4.734	6.869	-2.517	8.161	-1.332	-0.177	12.974	0.842	23	Cars
-11.263	-4.507	-4.482	-16.841	-6.248	-0.578	2.417	6.294	10.327	5.976	14.087	13.829	-6.802	-7.427	-11.646	-14.862	0.220	-5.354	-11.553	-8.286	-10.732	0.738	1.789	4.433	6.024	8.646	13.015	7.314	23	ScrambledCars
10.265	10.649	5.976	-8.456	1.183	1.774	-3.932	-6.827	-12.826	-6.247	-5.805	-7.004	-3.040	-9.246	7.373	0.280	8.108	9.301	10.300	-0.833	3.152	3.770	5.701	0.024	-2.488	-7.553	-7.067	-10.697	23	Cars
-11.496	5.602	-5.623	-7.995	-5.793	-4.541	-0.394	1.745	-0.470	-1.724	1.904	1.339	-3.431	1.706	-9.264	-2.025	-1.254	3.465	0.599	2.084	-2.721	-1.291	2.653	-3.130	6.290	2.500	-2.018	3.538	23	ScrambledCars
1.748	-6.761	8.939	-3.679	-7.671	6.606	-5.528	3.901	2.503	-3.260	7.326	1.524	-5.423	-7.352	4.496	-5.465	-3.625	-0.636	4.254	-9.909	-10.595	-7.136	0.324	-4.646	8.995	7.116	-2.467	-1.939	23	ScrambledCars
-7.300	-1.188	-14.764	-7.970	-3.896	1.449	-3.343	-0.603	3.865	1.846	14.121	11.431	8.462	2.833	-6.173	-3.676	-6.261	-6.257	-3.458	-2.150	-4.224	-0.250	0.531	6.301	9.891	10.797	9.203	6.919	23	Cars
2.940	-11.549	-9.187	-3.469	0.480	-9.501	3.370	-0.361	6.830	10.818	10.373	9.259	6.607	6.303	7.396	5.526	-11.149	-10.309	-4.973	0.114	0.373	4.801	2.827	6.672	-3.880	5.898	3.401	9.561	23	Cars
-3.871	-2.955	-6.257	-0.179	-1.103	-0.380	-0.679	-0.562	-2.848	-6.972	-4.116	4.860	4.943	-1.971	-5.761	-2.241	-3.551	-2.460	7.273	5.069	5.176	2.878	-2.999	4.034	7.229	9.709	0.956	6.232	23	ScrambledFaces
1.976	-11.465	0.384	1.923	-1.651	5.352	-6.199	6.794	-0.736	-15.225	-1.653	-12.184	-3.981	-7.852	3.138	2.873	-1.201	-3.033	15.796	-0.406	-1.712	-0.483	0.229	-4.201	-3.606	-1.269	1.398	-7.886	23	ScrambledFaces
4.749	-3.579	1.150	-4.014	3.975	4.673	7.013	6.362	11.547	-2.281	0.063	0.588	0.132	-0.225	-6.601	-3.001	-6.158	-1.154	-2.721	-2.537	-0.042	0.321	3.008	-3.932	-4.647	3.770	-7.414	-1.018	23	Faces
1.065	1.795	9.252	6.992	5.726	6.384	-2.516	-0.874	-0.524	-7.942	-2.927	-3.624	-11.224	-18.743	2.160	11.207	-4.604	-0.650	-9.044	3.736	1.063	0.403	4.518	0.262	4.643	0.139	-5.887	1.637	23	Faces
-8.309	-8.771	-10.209	-6.602	-2.613	-1.211	2.624	6.519	11.229	7.023	4.475	8.166	-3.377	-4.114	-2.620	-11.760	-5.197	-11.352	-4.676	-4.584	-4.042	1.836	3.542	4.458	13.167	13.868	5.486	7.111	23	ScrambledFaces
-5.531	-9.333	-5.734	-21.498	2.229	-7.336	5.512	8.650	9.231	5.386	13.340	-1.838	-0.459	-0.618	-1.011	-16.037	-8.888	-5.430	14.306	-3.526	-3.406	5.116	-3.549	2.476	2.494	6.864	3.322	10.968	23	ScrambledFaces
-5.757	-6.719	-2.507	-16.986	-3.008	-3.383	-5.259	2.334	-2.928	0.961	-4.826	3.127	-0.891	8.792	-1.743	11.263	-0.079	-1.235	13.355	2.307	1.018	12.809	-0.432	3.034	2.851	7.103	-0.143	9.746	23	ScrambledFaces
0.885	4.620	-6.621	5.619	-2.725	-6.182	5.276	0.646	6.490	5.494	6.869	7.213	6.911	-1.453	-12.452	-6.598	-6.697	-10.995	-3.932	-4.954	-2.673	5.511	-0.546	3.754	-3.183	2.808	4.443	4.793	23	Cars
-14.198	-19.733	-15.707	-3.658	-1.329	-2.073	-1.766	-0.906	0.821	4.394	5.439	9.815	0.657	-8.550	-6.544	-2.095	-3.200	0.206	7.494	3.525	-0.087	3.313	9.791	10.028	3.367	8.622	13.770	9.075	23	Faces
-9.053	2.002	12.401	-5.836	-1.764	-3.111	1.876	6.017	0.263	-1.356	6.753	4.267	-8.558	-5.976	-5.113	-3.761	-8.838	-3.893	-3.981	4.292	-4.545	0.836	-0.648	-1.518	0.085	3.032	5.497	6.775	23	Faces
1.500	-1.617	1.223	-8.004	-9.270	-4.078	-10.835	-0.608	-5.001	-5.485	0.150	0.714	-4.583	-15.801	7.629	-6.478	-2.883	6.802	2.344	-4.672	-3.106	1.363	3.863	-3.102	4.238	3.608	3.056	-0.634	23	ScrambledCars
4.360	9.857	-2.182	-12.566	-8.244	-2.802	-4.681	-9.337	-5.631	0.112	-4.199	3.508	1.656	-11.122	19.880	-11.308	-0.696	9.971	7.822	-5.751	-3.497	-0.544	3.171	0.523	6.878	3.551	-5.092	7.553	23	Faces
0.402	15.985	7.940	-0.290	0.562	-3.019	-1.522	-8.012	-12.249	-2.287	-6.750	-7.461	2.466	-5.426	1.672	5.746	9.746	2.567	8.370	11.581	2.573	5.179	1.945	-1.561	-5.750	-5.175	-11.091	-5.238	23	Faces
7.909	-0.057	5.125	-3.079	-4.379	-1.766	-3.950	-4.092	-6.708	-3.617	0.611	-0.056	6.222	9.459	5.221	3.103	5.451	5.502	8.004	-1.539	-8.672	-1.757	-0.465	-0.386	-3.334	-3.641	-5.876	-9.424	23	Cars
1.021	-5.028	-0.716	-1.941	-4.126	-2.356	-3.293	6.594	1.114	-1.608	-4.082	5.966	1.864	-3.972	-10.178	-4.559	-4.928	2.725	-0.546	-0.749	-0.914	-3.301	-0.486	1.418	6.750	3.656	6.476	-1.151	23	Cars
-16.560	1.895	2.921	-2.954	1.120	3.824	-6.587	-1.423	-6.952	-11.550	-8.152	-10.756	-2.613	3.665	6.444	7.386	10.432	1.365	10.214	1.853	0.063	2.765	4.777	-2.947	0.975	-2.070	-2.404	-7.576	23	ScrambledFaces
2.816	-19.741	-1.148	3.971	-2.254	0.571	0.827	6.662	6.003	10.873	5.498	-0.349	2.272	-32.753	2.658	-5.013	-7.659	2.923	-1.042	-8.982	-7.257	-0.502	2.964	-0.426	14.408	4.835	0.823	2.739	23	Cars
-2.182	-7.913	-0.769	-5.294	-3.928	-3.438	-6.541	-0.981	-2.343	-6.038	-4.062	-2.019	-8.136	-4.123	0.021	-2.755	0.144	1.275	-4.280	0.150	-1.226	4.344	8.391	-0.414	9.521	6.320	6.368	7.673	23	ScrambledCars
1.635	-3.933	-1.114	-2.788	-1.045	-0.860	0.523	4.788	-2.878	0.032	-9.117	-6.448	3.301	1.303	-4.313	2.633	9.115	-2.077	10.412	2.773	1.179	0.756	-2.531	-0.916	-6.170	-0.548	1.399	-9.615	23	ScrambledFaces
12.943	-22.788	6.174	-5.857	-4.220	-5.024	-6.900	-9.046	-13.807	-9.867	-2.993	-3.287	-1.583	-5.628	12.081	6.838	8.059	13.076	7.445	1.797	1.315	0.257	7.007	-2.607	3.764	-0.691	-1.941	-2.266	23	Faces
-7.217	-13.920	-8.703	-1.762	-4.713	-5.493	-0.721	3.998	3.565	-7.100	-1.919	2.014	-4.494	-3.175	0.180	7.591	-8.106	4.607	-4.558	-8.459	-9.471	-3.145	1.108	3.662	9.477	9.586	-0.529	2.891	23	ScrambledFaces
0.616	-5.666	3.200	-3.068	-2.122	-0.899	0.579	5.955	3.074	2.414	1.752	2.709	0.075	-13.940	7.893	1.212	-3.278	-4.022	-13.552	-10.817	-5.540	-0.356	-0.722	4.886	4.652	6.299	6.380	-2.187	23	Cars
3.881	-3.118	-0.443	6.901	-2.688	0.232	1.794	4.396	0.581	-2.075	2.287	-0.423	-15.363	-5.003	1.419	3.601	1.251	1.991	-4.748	-3.698	-7.939	0.572	2.309	-5.963	2.797	-2.355	-11.326	-1.022	23	ScrambledCars
-9.164	-10.105	-8.648	-14.470	-3.900	0.664	6.581	5.711	12.005	14.114	6.635	6.128	5.973	-9.034	-2.901	-12.112	-5.387	-7.438	-0.649	-6.841	-3.295	-4.496	1.702	7.261	14.089	8.497	6.040	8.381	23	Cars
5.552	4.998	3.379	-9.170	0.325	7.060	-3.267	-3.234	-7.012	-1.028	-1.765	-5.793	-8.263	-10.624	2.444	-5.526	0.762	-0.306	-0.134	-3.825	-3.690	-3.162	3.955	4.281	11.920	3.523	-11.640	3.620	23	Faces
8.934	4.413	4.403	-1.043	4.811	5.985	3.606	-3.316	-3.296	-2.459	-5.538	-2.913	-0.926	3.924	9.676	7.664	6.745	-0.187	-0.251	2.096	0.093	0.600	-3.495	-4.497	-12.913	-13.685	-15.450	-3.020	23	ScrambledFaces
5.311	-7.031	6.694	7.747	4.815	5.762	-4.729	1.973	0.622	-1.013	-1.238	-4.962	-6.647	-4.627	-9.534	7.863	-1.546	2.953	-1.683	0.498	0.330	-1.730	-7.565	-3.527	-8.876	-3.962	-6.939	7.198	23	ScrambledFaces
3.683	-6.001	0.716	2.250	-2.874	-0.544	6.235	-0.134	2.658	13.473	-1.194	1.104	9.783	-2.654	-3.209	-10.110	-6.093	-0.066	-9.740	-5.141	0.678	-2.617	0.823	4.265	-3.688	4.547	3.529	6.512	23	Cars
-16.727	-0.694	-15.505	-16.021	0.131	-5.998	11.919	9.045	22.478	27.634	24.571	25.809	10.512	-15.530	-21.197	-15.219	-17.333	-9.466	-13.026	-3.880	-8.921	-3.948	-5.008	5.520	13.148	13.823	5.989	27.004	23	Cars
1.165	21.651	5.733	3.074	-6.716	8.343	-7.767	-0.321	-6.040	-15.796	-5.328	-7.736	-18.556	-14.081	16.901	-2.778	4.539	1.544	1.399	-1.213	-5.087	-5.998	-5.342	-14.862	8.264	-1.879	-15.796	-8.948	23	ScrambledFaces
-8.839	-0.778	-2.541	0.137	-2.785	-5.288	-2.312	-2.534	0.873	-8.209	-1.068	3.610	-1.381	-3.168	-9.573	-3.079	-2.821	2.465	-0.651	-0.715	1.709	8.141	1.893	5.690	9.103	6.865	-1.335	6.969	23	ScrambledFaces
-16.344	-15.289	-15.187	-12.979	-6.663	-2.345	3.646	4.655	8.001	14.671	3.719	10.363	1.982	-22.401	-8.306	-3.308	-3.366	-5.332	-16.804	-9.857	-5.647	-0.792	4.525	6.870	11.243	19.174	18.045	12.279	23	ScrambledCars
5.462	4.170	-1.261	0.524	-9.416	3.006	-3.246	-0.426	-1.662	3.806	-0.609	-1.116	-5.089	1.561	-2.354	3.732	3.954	6.629	1.348	0.887	-2.678	-6.067	-5.182	-1.886	3.748	-4.062	-3.240	3.371	23	ScrambledFaces
-3.813	-7.262	4.088	-0.699	3.169	-3.977	10.345	-0.928	9.359	3.622	7.223	-0.026	5.435	-19.592	-14.148	-2.289	-0.358	9.899	-9.782	-2.382	-5.593	-5.585	-1.532	-1.530	1.429	8.143	0.466	3.738	23	Faces
4.304	0.832	1.169	-1.766	6.552	-9.448	2.518	4.443	6.433	-1.030	8.603	1.544	6.030	8.418	4.089	-5.188	-3.549	-2.044	1.881	-7.396	-7.568	-3.479	-2.363	-6.449	-6.658	-3.466	-5.711	5.850	23	Cars
-8.842	-11.294	-13.814	-5.452	-4.689	-7.121	5.519	6.012	5.130	2.505	0.979	-0.835	-7.075	0.004	-4.349	3.605	0.603	-3.027	8.755	-5.046	-3.487	7.560	0.004	9.759	8.681	8.515	2.956	6.338	23	ScrambledCars
-2.991	-5.825	4.563	-11.221	-4.904	6.260	-2.003	0.942	2.041	-1.710	7.746	1.898	0.932	-16.167	-0.971	0.359	-1.129	0.315	-2.497	-3.246	-6.575	0.499	0.049	-1.343	5.266	8.113	1.279	5.843	23	Cars
3.013	4.372	8.555	-7.849	2.724	-0.895	-6.337	-15.146	-13.430	-9.426	-3.443	5.379	5.461	-6.856	7.704	4.650	-1.233	1.819	-5.030	1.838	4.751	0.698	-5.334	6.078	10.425	4.436	-1.708	2.309	23	ScrambledFaces
-10.958	8.863	-2.786	-9.971	2.999	-1.623	3.163	12.837	12.449	11.383	11.682	11.985	2.192	-9.824	-16.281	-5.115	-7.406	-1.369	-18.255	-6.636	-7.162	-7.141	-1.260	-3.830	8.791	5.941	4.437	8.913	23	Cars
10.299	-5.047	-2.615	0.911	-1.307	-5.021	-11.598	-4.285	-9.351	-19.712	-11.141	-5.114	-4.052	-3.680	5.451	10.173	7.652	2.854	16.402	-0.385	-4.991	2.530	8.195	-3.502	2.598	5.235	-4.704	-3.831	23	ScrambledCars
-12.207	-9.084	-9.175	-21.058	-4.265	-0.624	1.271	1.961	9.378	2.463	8.213	6.083	-1.371	7.186	-6.160	-9.773	-13.865	-0.869	-13.285	-11.529	-9.136	-4.566	3.338	5.216	23.112	5.720	19.694	4.259	23	Cars
-0.886	1.800	-4.101	-1.131	-2.706	-5.322	-8.488	-7.039	-13.073	-1.561	-6.481	-10.731	4.453	-6.978	1.051	-1.235	3.453	0.880	5.240	-0.796	4.935	7.500	8.726	5.337	7.540	0.754	-1.413	2.832	23	ScrambledFaces
-8.216	-1.233	0.456	-3.162	1.049	1.233	2.777	-1.110	-3.888	-12.366	1.216	4.485	1.083	-1.277	-24.579	-0.599	0.936	-6.279	4.932	1.193	1.445	6.544	3.512	5.083	5.322	4.874	10.099	1.403	23	Faces
-8.007	4.448	1.703	2.689	-2.922	-3.911	0.671	-1.555	0.740	-5.842	-4.597	-4.007	0.017	8.673	-11.844	-14.137	-8.418	-5.657	10.349	-1.262	-3.023	-0.826	-2.480	-2.384	-0.515	5.853	11.937	5.719	23	Cars
-3.144	-4.166	-10.289	-2.525	-0.713	2.349	-2.654	-0.786	-0.395	2.716	-4.011	1.289	-3.875	22.512	-1.000	-8.353	-2.382	-0.945	-7.805	-5.351	-2.245	0.955	4.840	0.352	8.263	4.067	7.832	4.782	23	ScrambledCars
11.919	15.553	4.679	6.431	2.090	3.796	-4.491	-6.045	-7.603	-12.172	-0.115	-3.752	-2.613	2.495	6.114	0.961	1.509	-1.242	9.193	3.847	4.255	4.038	2.598	-2.085	-9.984	-8.821	-15.006	-7.747	23	ScrambledFaces
-7.172	-9.346	-13.997	-10.367	-1.690	-7.167	0.185	0.582	5.278	-6.092	3.628	12.424	5.337	12.824	-13.452	-3.931	-9.262	-8.181	-1.825	0.158	-2.030	3.780	-0.029	10.545	8.088	12.316	8.257	13.772	23	Faces
-7.804	-15.242	-9.730	-6.744	-7.478	-6.412	0.258	-15.231	-1.434	-4.903	-2.712	5.812	-2.188	-9.347	-3.187	2.990	-0.363	-8.291	-5.404	2.396	3.243	5.034	1.590	8.677	9.973	9.033	4.966	5.567	23	ScrambledCars
5.664	0.858	7.236	-4.434	-1.581	-2.585	-6.091	-1.877	-5.464	1.832	-2.163	-7.715	-2.961	9.183	1.754	-7.171	5.327	7.896	0.946	-3.051	-1.511	-4.692	3.868	-1.417	-5.651	-7.080	-11.319	1.848	23	ScrambledCars
-8.935	-10.154	-7.065	-2.590	0.299	-8.737	-1.392	0.565	-0.731	1.813	10.969	10.018	6.466	3.897	6.640	-9.246	0.300	-4.204	-13.351	-2.514	-1.237	1.241	5.546	5.974	0.701	7.423	6.141	1.976	23	ScrambledCars
-5.002	-5.825	0.802	-6.266	-6.067	-1.445	9.521	3.774	4.795	12.322	-1.131	5.049	7.092	21.426	-5.574	-2.022	-3.109	-7.144	11.984	0.085	-2.992	2.684	-3.448	3.545	1.977	0.817	6.932	1.928	23	ScrambledFaces
6.288	-11.236	0.086	1.970	1.874	0.895	-0.085	1.250	2.156	4.915	-0.240	4.668	-4.340	7.520	1.234	3.610	1.646	1.005	-11.524	-1.179	1.102	4.770	0.843	-3.421	-0.094	1.888	1.239	1.812	23	Faces
-2.200	-2.819	-0.777	5.698	3.209	3.543	1.938	-6.459	-6.133	-4.460	-5.369	-4.097	5.751	15.999	9.079	1.674	5.187	-6.590	-2.768	3.808	3.107	7.078	1.774	3.223	-2.584	3.079	4.491	-7.409	23	Cars
8.716	-2.416	0.099	-5.233	-5.398	3.017	-8.158	-10.082	-10.131	-7.582	-7.794	-9.416	-4.752	-16.157	25.744	-1.923	10.610	5.451	0.653	-3.800	-1.825	0.731	-0.935	-0.036	0.088	-1.307	10.421	-1.007	23	ScrambledFaces
15.357	-10.322	3.603	-2.749	-2.623	-8.030	1.292	1.699	0.671	-1.334	0.818	-1.754	-1.479	-8.235	-5.286	-3.381	-5.699	2.583	-10.242	1.157	-1.759	-18.052	-15.720	-8.793	3.640	6.086	8.121	7.223	23	Cars
3.106	-7.137	7.194	5.567	3.601	8.359	4.295	1.506	-3.007	-2.600	-12.476	-3.126	1.879	-5.937	-10.695	-6.356	3.032	-3.712	42.137	5.786	-0.539	6.147	0.332	-0.923	3.760	-0.504	-6.268	-7.628	23	Faces
-14.143	-8.498	-8.413	-2.246	3.205	-2.711	-1.542	4.450	3.687	8.660	5.809	4.089	1.225	17.130	-6.262	-2.997	-4.660	-3.712	-7.731	-4.077	-0.555	3.540	-0.568	12.103	5.950	5.888	13.008	6.153	23	ScrambledFaces
8.723	3.779	-0.291	-2.536	4.769	1.685	3.217	-4.335	-1.731	3.695	-5.382	3.773	10.053	14.481	7.337	2.234	-0.376	-6.027	15.556	1.663	6.020	-1.682	6.729	-2.816	-9.812	-0.027	1.445	-0.490	23	ScrambledFaces
-4.645	-3.796	0.518	-9.985	-6.215	1.269	-6.874	2.303	2.118	-14.217	-4.845	3.316	-3.544	-10.820	-12.725	-3.140	-3.291	4.010	-9.681	-2.681	-2.676	-1.353	4.990	7.656	16.724	15.837	14.626	5.757	23	ScrambledFaces
10.004	9.585	12.436	7.114	12.281	10.713	3.775	6.972	3.528	7.865	0.077	1.644	-3.442	-4.061	4.035	-9.416	-11.071	-2.883	-13.607	-5.897	3.920	-3.039	-2.515	-5.717	-9.218	-4.589	-3.283	-7.402	23	ScrambledCars
-3.096	-0.520	-9.519	1.516	-4.167	-10.182	-1.190	-3.992	1.278	-1.322	-6.119	4.418	-0.843	-3.787	-5.127	-2.890	4.258	-1.780	1.982	-1.252	-2.608	6.620	0.670	2.015	22.285	1.975	-11.086	5.893	23	ScrambledCars
