FP1	F3	F7	FC3	C3	C5	P3	P7	PO7	PO3	O1	Oz	Pz	CPz	FP2	Fz	F4	F8	FC4	FCz	Cz	C4	C6	P4	P8	PO8	PO4	O2	ID	Condition
-14.322	-13.144	-19.190	-8.549	-1.479	-7.613	4.189	6.933	14.117	10.323	11.503	10.999	12.441	10.740	-17.660	-11.148	-12.717	-12.743	-1.837	-6.025	3.036	6.972	6.074	10.006	11.471	14.649	9.629	10.527	24	Cars
-5.276	-2.605	-4.867	-5.738	-0.698	-0.289	9.530	13.553	13.805	13.204	11.595	9.163	2.957	-1.934	-11.944	-10.792	-10.925	-16.512	-11.820	-10.016	-5.514	-7.067	-9.616	-0.933	5.741	2.347	7.666	6.949	24	Faces
-2.830	2.369	1.301	0.975	-2.033	5.507	0.374	4.225	9.073	2.490	4.340	3.447	-3.861	-6.889	-6.406	-4.297	-4.907	-2.038	-3.360	-3.545	-4.477	-3.128	4.945	-0.582	3.368	3.767	-1.691	-1.386	24	Faces
-3.425	-3.216	-6.287	-5.764	-10.027	-9.308	-6.947	2.181	9.107	-0.830	3.284	5.842	-16.445	-9.020	4.395	-4.053	-7.172	2.720	-4.441	-6.588	-8.697	-5.078	-3.004	-2.120	12.202	14.406	2.815	10.372	24	ScrambledFaces
-2.016	-3.205	-6.703	-0.452	-0.789	-7.626	4.065	-5.946	-0.379	2.762	5.677	-0.206	0.228	2.496	4.767	3.923	1.565	-2.234	2.891	10.773	7.016	6.896	-0.121	7.460	2.245	-2.451	3.771	1.109	24	Cars
-3.164	-8.891	-3.722	-5.108	-10.159	-9.432	-4.780	3.013	10.270	-20.312	4.567	3.952	-10.022	-13.176	0.662	-3.966	-2.095	6.940	-2.094	-4.096	-7.888	-1.606	3.932	3.161	13.190	12.447	3.256	7.868	24	Faces
-5.265	-3.886	-9.254	-1.901	0.582	-0.556	9.498	5.546	5.359	10.282	5.295	7.851	4.565	3.558	-7.851	-0.507	-3.056	-10.961	-4.907	4.977	4.961	-5.883	-9.292	-0.008	3.737	11.828	7.258	8.409	24	Faces
1.798	-0.048	1.451	-0.418	0.807	-0.492	0.802	0.728	1.125	1.641	-3.599	-0.269	-2.323	1.596	-1.796	0.627	-0.389	-3.934	1.317	1.307	-0.867	-0.270	-5.598	-2.289	1.090	3.562	0.563	-1.102	24	ScrambledFaces
-9.069	-10.925	0.545	-11.699	-7.937	-6.232	-0.006	11.160	17.065	8.018	13.136	13.373	-3.068	-9.158	-9.507	-13.579	-11.512	-4.353	-12.747	-16.896	-13.696	-6.993	-1.285	-3.738	6.380	12.994	6.446	10.885	24	ScrambledFaces
-9.723	-3.706	-6.793	-2.258	-0.160	-0.734	4.515	12.031	12.947	6.725	11.413	6.551	1.173	-5.938	-7.738	-8.171	-8.528	-11.163	-8.142	-7.503	-6.905	-7.471	-8.729	1.298	6.437	11.150	8.355	10.489	24	ScrambledFaces
-3.811	-6.889	-1.061	-4.886	-10.308	-3.898	1.734	9.200	18.332	7.393	12.236	7.078	-5.822	-12.859	-9.505	-13.417	-14.162	-6.504	-12.811	-13.151	-14.774	-8.651	-2.206	2.751	10.829	16.856	7.707	11.733	24	ScrambledCars
2.915	5.405	6.632	4.175	3.773	6.211	4.898	-2.691	0.082	-1.341	3.369	-4.968	4.349	-0.092	-5.568	-3.397	-8.703	4.453	-7.864	-4.056	0.344	-4.321	-2.062	-2.001	-1.669	-0.022	5.450	2.523	24	ScrambledCars
-3.504	-1.560	6.552	-2.509	-3.856	-4.206	0.096	4.284	7.552	1.154	3.552	3.436	-3.400	-0.700	-7.590	-5.163	-4.590	1.933	-4.580	-5.595	-5.827	-0.668	-2.641	-2.646	5.638	0.759	-2.544	3.290	24	Cars
-0.472	-6.865	3.717	-3.829	-7.733	-4.396	-3.142	6.271	6.288	2.687	3.712	5.460	-8.069	-12.924	-16.050	-14.661	-9.846	-7.360	-8.427	-16.673	-15.990	-5.675	-0.901	1.288	14.541	17.108	4.475	6.672	24	ScrambledFaces
8.931	6.043	6.386	5.081	-3.897	0.733	-10.521	-4.294	-2.490	-9.377	-4.888	-11.961	-10.195	-12.058	13.969	3.616	7.662	10.679	1.667	0.793	-5.491	-3.118	0.911	-11.744	-3.240	-5.788	-9.185	-7.897	24	Cars
0.047	0.404	-0.817	-0.973	-0.364	0.183	2.784	1.358	1.586	5.013	7.366	3.263	4.106	-3.255	-4.796	-3.453	-5.358	-3.040	-5.741	-0.714	-1.708	-3.729	-4.016	4.448	1.080	4.577	4.686	0.900	24	Faces
-0.433	-7.944	-3.426	-4.531	-5.459	-1.907	5.452	11.875	14.171	5.896	10.667	9.703	-4.856	-10.242	1.885	-12.685	-12.714	-7.316	-11.485	-13.128	-13.160	-11.352	-8.996	-3.710	5.601	12.889	4.336	8.972	24	ScrambledFaces
8.421	2.381	12.529	-1.066	-4.112	-1.266	-6.445	-3.249	-2.335	-5.998	-2.063	-2.904	-10.052	-4.221	12.434	1.014	2.147	5.505	-3.272	-0.898	-5.605	-5.645	-7.912	-8.771	-8.365	-7.109	-6.811	-3.159	24	Cars
-5.962	-3.734	-5.151	-3.051	-3.182	-8.751	0.761	2.431	1.664	1.745	3.318	4.298	-2.801	-5.873	-7.385	-1.573	0.923	-6.235	-1.125	0.582	-3.287	0.181	-0.176	3.693	6.207	12.669	6.182	9.059	24	ScrambledFaces
-8.456	-11.049	-2.869	-8.504	-11.786	-4.278	-1.816	13.330	16.368	2.296	12.048	14.685	-8.183	-15.716	-14.164	-20.600	-18.374	-7.920	-15.885	-20.201	-17.160	-8.149	0.023	2.768	17.632	19.581	13.451	17.325	24	ScrambledFaces
0.405	-5.216	-6.213	-8.711	-7.351	-5.181	-3.875	1.904	7.097	0.049	8.536	8.426	-4.194	-10.154	0.721	-4.808	-2.150	6.957	-1.685	-4.969	-9.543	-3.448	-3.559	1.516	5.692	10.129	3.405	9.160	24	ScrambledCars
1.117	2.294	-3.419	1.468	3.765	0.587	6.768	3.099	-2.461	2.893	-0.836	-5.773	3.983	6.756	1.129	1.654	-0.524	-4.880	-0.554	1.506	-0.191	0.081	-5.205	-0.624	-3.850	2.629	-8.268	-5.616	24	Cars
6.510	5.038	12.122	-0.188	-2.589	1.591	-3.317	-1.564	3.959	-3.566	-2.577	-3.501	-6.157	-8.900	-0.842	-2.853	-0.466	5.051	-2.953	-3.637	-9.596	-2.508	1.941	-6.302	-0.702	-2.677	-1.298	-3.837	24	Cars
-1.238	3.115	11.290	2.826	4.097	5.976	1.832	6.933	4.014	5.537	3.916	-0.123	-2.911	-5.791	-0.975	-5.946	-8.053	-5.837	-7.575	-6.440	-6.070	-6.693	-5.140	-3.071	1.608	2.064	0.912	2.714	24	ScrambledFaces
-7.783	-10.691	0.340	-6.684	-2.740	-2.195	6.714	11.985	15.759	18.087	12.550	22.648	0.937	0.794	-16.666	-18.394	-18.466	-20.309	-13.681	-16.975	-10.463	-7.650	-9.107	3.725	7.135	17.734	14.686	18.062	24	ScrambledFaces
2.436	4.161	-3.099	6.767	4.185	1.197	-0.347	-4.502	-10.334	-2.342	-5.701	-0.553	4.685	6.997	3.874	6.237	5.042	-0.445	5.262	7.609	6.581	5.256	0.793	3.301	-0.171	0.350	-2.983	-3.399	24	Cars
-0.223	6.469	-1.822	3.472	7.091	2.340	4.230	-3.870	-0.087	-1.385	-4.235	-2.022	-3.483	6.859	0.081	4.044	6.734	-0.424	7.133	4.091	6.852	4.482	-0.564	-0.729	-3.924	-12.361	-1.676	-6.331	24	Cars
-10.601	-3.327	-0.226	-1.372	0.143	-0.900	1.300	6.250	12.999	3.402	9.580	4.625	1.613	-1.006	-13.224	-7.984	-7.316	-7.408	-7.727	-5.763	-3.947	-1.800	-0.834	2.087	6.713	11.463	5.893	6.233	24	ScrambledCars
3.271	5.040	6.400	3.396	1.923	1.669	3.803	0.840	-4.979	2.095	-1.480	-2.865	1.577	-1.091	1.091	1.119	-3.332	-0.959	-0.392	-2.090	0.203	-1.401	0.969	0.078	-2.547	-5.494	-2.869	-5.481	24	Cars
5.301	2.269	5.352	2.094	-0.126	2.001	-1.009	-0.675	-7.975	-2.700	-1.921	-4.682	-4.467	-2.375	9.481	0.530	1.553	2.962	0.367	-1.061	-2.977	-2.091	1.323	-3.711	-3.621	-7.397	-7.471	-5.597	24	Cars
5.841	-4.734	-0.627	-2.824	-3.860	-3.354	-2.506	4.526	8.302	-0.604	0.989	-2.277	-8.170	-3.078	2.196	-4.092	-5.006	-0.350	-2.455	-3.869	-1.457	-1.742	-1.303	-2.008	1.795	-0.837	-3.735	-0.913	24	Cars
-9.918	-9.733	-8.049	-7.740	-2.083	-1.014	0.014	8.669	7.637	8.672	8.038	4.701	-0.628	-0.838	-14.022	-9.249	-5.856	-1.798	-1.742	-9.430	-2.791	1.944	-0.980	4.374	10.029	13.866	8.992	9.301	24	ScrambledCars
-6.279	-13.103	-12.767	-11.287	-7.340	-6.317	0.071	7.702	8.290	5.434	12.451	8.005	-1.021	-2.580	-3.666	-11.809	-10.274	-1.039	-7.914	-10.891	-10.047	-4.910	-2.094	3.770	7.285	11.644	7.966	11.146	24	Faces
-11.197	-8.223	-6.667	-9.866	-7.634	-4.953	-0.740	7.999	14.837	8.955	9.990	7.331	-0.094	-7.322	-8.090	-15.553	-11.033	1.562	-7.592	-15.634	-11.974	-3.126	4.558	3.433	11.944	13.294	6.782	10.925	24	Faces
-9.512	-9.823	-11.632	-3.296	-4.074	-1.664	0.781	8.373	12.636	3.807	12.903	11.196	-5.985	-8.482	-5.681	-8.078	-8.611	-5.554	-7.871	-7.476	-5.474	-3.544	-4.208	0.596	10.323	18.273	4.119	11.168	24	Faces
8.772	7.589	12.536	5.254	3.220	2.372	-1.960	1.794	-0.773	-4.360	4.197	-10.722	-9.340	-11.201	10.701	5.059	1.114	2.516	1.238	0.297	-5.232	-5.090	-4.986	-5.455	-5.272	-3.769	-7.304	-6.251	24	Cars
-0.003	2.909	0.929	5.314	5.323	0.365	-1.021	-2.295	-3.058	-1.211	-1.698	-4.083	1.584	3.946	0.693	-3.193	-5.644	-7.677	-1.189	0.292	1.555	-0.523	-1.840	3.811	2.849	4.063	3.858	0.138	24	Cars
-0.916	-9.105	-1.274	-13.185	-12.351	-8.312	-5.428	5.776	8.303	-0.449	9.979	5.320	-12.525	-7.984	-1.900	-5.420	-8.500	-3.463	-7.250	-7.363	-8.303	-5.886	-4.854	-1.103	13.884	15.305	5.228	10.386	24	ScrambledFaces
0.275	1.578	-2.038	6.719	6.597	-1.565	0.316	-1.557	0.486	-4.255	-5.983	-4.328	4.196	13.164	-5.898	5.790	3.730	-6.061	6.371	7.165	14.536	7.119	-3.232	2.619	-3.992	-8.838	-3.412	-2.938	24	Faces
7.818	9.678	13.289	4.835	1.000	2.892	-4.952	-5.583	-10.784	-9.061	-6.907	-9.841	-6.514	-2.300	10.852	11.667	8.006	6.253	7.353	5.415	1.338	5.296	1.592	-3.229	-9.569	-10.624	-8.951	-12.065	24	Cars
-7.705	3.583	15.601	9.543	10.043	9.237	13.090	9.963	11.784	8.129	5.161	5.287	10.014	13.909	-28.194	-6.120	-16.757	-39.489	-7.468	-3.912	5.035	-0.338	-4.789	4.254	-3.338	3.438	8.003	5.075	24	ScrambledFaces
-5.031	-10.591	-2.819	-4.824	-0.915	-1.330	1.326	15.449	12.014	4.122	9.779	6.047	-1.184	-4.073	-17.608	-12.384	-12.546	-7.621	-7.512	-5.318	-3.991	-0.850	-0.120	0.397	13.489	14.840	2.948	9.730	24	ScrambledCars
-2.603	7.333	4.737	8.077	4.703	0.795	0.225	-1.326	-1.723	-1.553	0.226	0.301	-1.958	3.679	3.587	6.428	5.129	-7.222	1.301	6.046	5.586	-0.919	-6.983	-6.444	-8.794	-8.446	-6.793	-4.878	24	Cars
-0.106	2.657	1.087	1.054	-1.058	-2.324	-3.521	0.923	2.891	0.153	-0.986	-0.206	-1.330	-6.648	4.637	0.922	-4.706	0.881	-4.204	0.069	-0.135	-2.009	-2.636	0.366	-0.703	5.990	4.472	1.935	24	ScrambledFaces
-0.292	-10.479	4.239	-8.952	-4.619	2.728	2.427	12.414	12.573	3.193	7.424	7.088	-5.701	-10.166	-2.167	-16.744	-16.572	-6.810	-16.340	-17.560	-14.005	-10.290	-6.543	2.766	8.593	13.911	7.187	11.444	24	ScrambledCars
-1.300	4.266	3.132	2.533	-0.409	0.187	-4.548	-1.932	8.143	6.028	2.579	1.669	-0.432	-1.863	-4.171	-5.952	-9.897	-3.640	-6.354	-4.190	-1.368	-5.225	-5.134	1.506	7.840	7.239	5.314	6.509	24	ScrambledFaces
9.987	10.751	14.828	7.903	2.149	-5.214	-6.384	-8.277	-7.177	-7.048	-9.781	-10.419	-4.229	1.509	14.617	13.956	10.453	2.152	4.441	12.732	5.906	-1.821	-3.185	-6.891	-9.488	-11.669	-10.328	-8.948	24	Faces
-2.646	-5.299	-8.521	-6.746	-2.637	-10.747	-5.005	-5.702	-7.103	0.568	-1.191	-0.667	2.540	6.908	2.898	4.499	7.624	7.160	8.616	2.439	1.819	7.956	5.176	0.303	-2.765	1.540	1.172	0.428	24	ScrambledCars
-8.631	-8.643	-9.947	-5.630	-5.076	-4.607	1.444	8.161	7.942	5.414	9.772	7.517	-0.287	-6.034	3.537	-9.168	-9.709	-8.039	-10.521	-8.701	-6.533	-6.151	-9.209	2.376	8.637	14.967	6.186	11.627	24	ScrambledCars
5.509	4.698	6.092	3.762	2.222	3.145	0.548	2.079	3.326	-2.451	-2.844	-4.221	-3.532	-2.870	-2.986	-1.310	1.158	1.653	1.798	1.361	1.128	1.999	0.578	-3.077	-4.129	-7.378	-4.665	-7.775	24	Cars
8.161	5.137	6.294	-0.003	-3.176	-2.454	-6.441	-4.082	-5.755	-10.708	-4.728	-4.794	-5.630	-4.766	12.917	2.755	-0.106	6.656	-0.572	-1.859	-3.851	-3.923	-2.586	-6.641	-1.971	-4.326	-6.218	-5.993	24	Cars
-3.869	-8.017	-0.732	-11.174	-9.780	-5.177	-3.761	5.022	6.871	3.050	10.484	7.953	-3.828	-7.613	-3.742	-15.024	-14.147	-3.920	-12.836	-18.802	-15.986	-8.638	-4.553	-1.807	14.950	15.984	7.216	8.388	24	Faces
-11.907	-6.621	-0.049	-5.631	-1.078	-2.409	1.743	5.427	7.478	7.385	8.657	9.058	-1.323	-3.031	-11.324	-12.555	-10.030	-2.784	-4.859	-12.628	-7.602	0.123	0.472	7.424	7.289	12.893	9.821	12.805	24	ScrambledCars
-5.335	-7.154	-1.898	-8.303	-7.684	-5.813	-4.714	5.280	7.682	-2.487	2.762	1.464	-9.944	-12.522	-2.425	-5.811	-1.566	2.996	-3.941	-8.063	-10.464	-2.266	3.071	-1.275	12.462	12.756	4.228	6.187	24	Faces
-13.988	-5.994	-3.217	-6.543	-3.641	-1.737	3.512	5.361	12.541	6.612	9.165	12.931	1.534	-6.326	-12.251	-13.683	-9.699	-12.206	-7.845	-10.580	-9.139	-3.111	-1.397	5.967	9.054	12.892	9.742	15.222	24	ScrambledFaces
-5.767	-8.569	-6.754	-8.360	-4.762	-5.956	0.205	-0.102	4.509	4.905	0.156	7.921	-2.171	-1.759	-5.588	-8.362	-6.959	0.206	-3.475	-7.674	-5.426	-2.066	0.729	7.140	8.600	9.445	10.475	9.799	24	ScrambledCars
-5.741	-7.958	0.265	-8.979	-9.987	-5.077	-5.115	6.870	8.366	2.355	7.436	9.611	-7.864	-8.791	-16.340	-13.262	-12.455	-4.581	-8.262	-10.935	-10.812	-5.466	-0.728	0.809	13.036	21.912	7.506	13.561	24	ScrambledFaces
-8.224	-5.067	-7.687	-4.459	0.492	-8.913	2.776	-5.294	1.324	5.740	5.008	1.673	0.893	5.957	-2.532	-1.577	-0.957	0.966	0.756	0.999	0.840	0.785	-4.335	2.949	2.108	5.743	7.635	2.471	24	ScrambledFaces
-1.074	-6.453	-14.284	-7.552	-6.975	-7.720	-5.096	3.602	9.480	0.448	5.541	2.378	-2.718	-6.519	8.379	0.011	-1.901	2.318	-3.202	-0.419	0.282	-1.758	-0.331	-1.166	3.472	6.765	5.872	5.175	24	ScrambledCars
-2.985	-1.808	6.615	-3.871	-6.799	6.405	-0.618	18.361	14.695	2.757	11.120	5.842	-11.660	-15.770	-8.043	-13.123	-14.178	-6.824	-16.020	-12.829	-16.298	-12.467	-4.955	-1.651	7.265	11.308	4.840	13.574	24	ScrambledFaces
6.078	8.817	-2.611	12.476	8.058	-2.743	-3.466	-16.736	-14.701	-7.101	-16.119	-11.091	3.857	16.602	7.936	17.282	14.403	2.335	14.626	23.071	22.538	8.858	-0.800	0.017	-8.111	-10.468	-4.197	-7.970	24	Cars
4.644	0.957	4.542	-0.288	-3.708	-0.455	-4.287	1.259	-2.923	-2.976	-1.808	-0.984	8.593	-5.472	6.102	-0.194	3.168	2.315	-1.153	-2.448	-5.243	-3.756	-2.868	-5.052	-3.068	-4.879	-2.804	-3.127	24	Faces
7.352	3.171	5.940	3.403	6.387	4.417	-1.711	-3.113	-5.031	-0.140	-2.912	-3.607	-5.625	-0.308	3.915	4.981	1.473	1.394	-1.491	3.975	3.095	-4.562	-2.948	-3.259	-4.312	-6.441	-5.488	-4.517	24	Cars
-9.987	-15.216	-1.064	-13.424	-10.036	-4.781	1.155	14.661	13.075	6.949	13.894	9.314	-5.699	-12.475	-5.623	-20.797	-12.524	-2.079	-10.097	-22.671	-18.526	-9.772	-0.180	0.307	11.908	16.483	7.623	13.780	24	ScrambledFaces
-6.324	-4.621	-5.950	-1.732	2.337	-0.644	-3.275	2.052	2.839	-6.286	-5.053	-0.517	-5.146	-0.469	-3.970	2.018	3.930	-0.880	4.988	-2.700	-3.306	5.408	5.188	0.669	7.257	7.669	2.264	0.976	24	Cars
-14.848	-16.728	-8.493	-15.922	-8.598	-5.736	2.368	12.140	11.360	7.557	14.617	19.831	-1.820	-9.432	-12.810	-23.081	-14.238	-4.538	-11.833	-19.331	-14.929	-3.978	5.543	5.059	14.390	22.802	14.660	17.028	24	Faces
-8.390	-12.895	-3.570	-10.835	-8.587	-4.604	3.721	12.239	16.772	5.763	12.743	12.493	-4.005	-10.795	-11.786	-17.359	-13.055	-8.067	-10.569	-12.495	-10.218	-9.663	-5.709	1.901	7.803	18.956	10.802	15.662	24	ScrambledCars
-8.837	-5.074	-7.567	-5.785	-2.974	0.367	4.731	12.817	9.676	7.764	14.167	7.481	-3.759	-11.145	-11.783	-14.684	-12.599	-5.131	-10.117	-11.521	-13.744	-6.599	1.682	5.289	17.624	12.527	11.826	14.852	24	ScrambledFaces
2.972	-3.190	1.164	-2.065	-9.026	-2.836	-3.710	0.500	1.763	-0.144	9.441	1.483	-10.940	-18.158	2.213	-5.906	-4.773	0.882	-3.216	-6.298	-12.303	-5.649	1.138	-1.863	7.621	14.063	4.716	5.013	24	ScrambledFaces
-4.554	-9.566	-1.061	-6.571	2.182	-4.231	4.768	0.966	4.635	6.574	6.677	4.984	-3.695	-0.175	-1.384	-4.959	-6.951	-4.187	-4.031	-5.816	-4.425	-4.598	-3.886	0.757	7.027	10.453	8.837	9.385	24	ScrambledCars
1.752	12.606	6.260	10.824	3.167	0.421	-4.039	-6.703	-9.472	-6.487	-4.920	-14.740	-1.067	2.925	4.728	7.910	8.142	8.521	6.187	8.944	4.874	4.387	1.414	-3.621	-2.791	-7.210	-5.871	-12.133	24	Cars
-4.759	-7.317	-12.635	-4.254	-7.688	-5.340	1.393	5.695	9.781	2.829	10.996	10.253	-0.877	-7.556	-8.695	-3.597	-4.856	-8.168	-3.015	-3.065	-6.453	-3.326	-0.923	7.406	10.910	11.712	9.705	14.213	24	ScrambledCars
-7.098	-6.621	-13.517	-6.326	-5.304	-14.234	-0.675	2.009	18.482	8.112	12.888	11.540	-0.009	1.826	-9.737	1.508	-5.119	-14.001	-2.218	3.449	1.939	-0.776	-6.622	5.154	7.617	14.490	15.212	14.903	24	ScrambledFaces
15.034	15.776	13.369	10.173	8.761	6.669	-0.073	-4.309	-7.591	-3.394	-6.581	-6.970	2.524	2.651	5.485	12.243	6.000	-7.362	2.459	14.740	11.180	-2.795	-10.432	-7.664	-13.925	-13.322	-7.569	-9.307	24	Cars
-8.487	-10.031	-12.469	-6.837	-7.625	-6.199	-1.849	7.793	11.731	5.485	4.477	8.646	-11.062	-10.694	-6.034	-11.486	-8.895	-3.907	-7.931	-8.127	-6.640	-2.848	-0.199	1.204	13.220	22.999	10.937	11.751	24	ScrambledCars
6.836	-0.645	7.178	1.418	1.414	4.246	-0.443	-2.567	1.290	-5.518	-2.472	-8.297	-10.473	-6.452	7.245	5.697	4.181	2.903	1.036	1.334	-4.348	-1.364	4.150	0.394	1.473	-2.273	-5.160	-6.859	24	Cars
-14.179	-23.053	-32.589	-16.664	-9.053	-15.770	2.616	-0.762	7.964	8.959	16.945	13.174	16.099	9.918	-9.736	-12.066	-9.012	-4.323	-0.392	-6.077	4.275	7.453	11.386	17.703	17.960	12.193	18.210	15.893	24	Cars
-3.021	-7.594	1.043	-5.381	-6.275	-7.621	-6.680	6.053	13.939	0.012	5.871	2.794	-3.904	-1.122	-1.151	-4.005	-1.079	0.026	-0.502	-5.605	-4.603	-1.740	-1.790	-1.014	1.579	4.573	1.355	1.766	24	ScrambledCars
-6.407	-0.339	-0.231	3.157	1.714	0.140	-4.553	-2.737	-2.371	-4.329	-0.812	-2.016	-7.774	-1.276	-3.631	-2.506	-0.265	4.386	2.289	-1.683	-1.100	3.777	5.222	2.903	6.470	8.644	1.687	-0.695	24	Cars
-2.950	-12.742	0.040	-4.899	-1.504	-0.197	5.171	5.659	8.145	3.761	7.774	6.948	-2.785	-2.356	-17.406	-10.723	-10.652	-8.704	-7.839	-7.205	-2.589	-3.537	-6.270	3.738	11.016	18.457	7.706	11.231	24	ScrambledFaces
0.948	-2.298	-2.456	-2.010	-4.753	-0.204	1.335	1.687	4.356	0.826	3.609	3.773	-5.024	-8.553	-3.230	-4.787	-9.393	-0.529	-6.795	-7.754	-8.441	-4.605	-1.249	2.565	5.846	11.198	8.681	8.503	24	Faces
0.566	-5.289	-1.662	-2.472	-4.391	-0.665	-3.212	-2.766	-1.982	-0.627	-2.584	-1.749	-4.662	-2.761	8.176	-2.899	2.074	7.817	3.061	-2.417	-2.530	-0.190	4.645	1.047	2.876	4.225	-0.964	-0.973	24	Cars
-0.063	10.834	6.247	7.623	6.667	0.637	-1.372	4.601	0.587	-1.092	-3.617	1.176	-4.030	1.845	-8.991	6.037	3.499	-5.545	2.604	6.076	2.306	-1.197	-7.825	-5.767	-7.007	-2.343	-2.610	-3.892	24	ScrambledCars
-9.524	-6.639	-8.859	-6.189	-4.670	-4.338	-3.083	9.133	9.925	6.399	10.691	13.771	-0.530	-5.575	-9.845	-2.557	-3.171	-1.718	-0.106	-2.514	-5.205	-2.352	-3.344	6.072	9.314	14.102	6.906	10.370	24	ScrambledCars
-5.655	-5.073	-9.413	-4.577	-8.153	-9.671	-1.326	-0.460	3.339	3.001	7.821	4.624	-0.903	-6.126	-2.196	-8.607	-7.171	-0.891	-6.889	-8.931	-9.234	-4.536	5.145	4.406	9.361	16.571	8.451	9.129	24	Faces
-5.895	-6.553	0.209	-5.256	-7.306	1.638	5.621	15.842	19.530	5.412	9.983	13.579	-10.545	-16.362	-13.209	-14.731	-16.166	-5.534	-13.392	-17.110	-19.077	-9.835	-5.926	1.045	11.294	15.034	9.609	14.564	24	ScrambledFaces
-11.956	-10.970	-2.229	-6.034	-7.201	-7.963	-5.146	10.142	7.370	1.529	7.808	10.090	-6.033	-3.799	-8.431	-11.169	-9.188	-6.187	-10.745	-10.737	-7.724	-6.463	-4.310	3.590	17.330	20.554	11.510	13.020	24	ScrambledFaces
7.424	11.748	11.578	8.943	6.549	-0.283	-3.793	-9.229	-14.430	-6.478	-9.198	-11.575	-5.170	1.521	1.421	7.968	8.365	6.820	9.210	7.624	1.504	1.806	-2.336	-6.030	-5.550	-4.175	-8.738	-10.063	24	Cars
-7.652	-5.389	-7.861	-4.219	-5.798	-8.202	-1.251	-0.550	-4.918	-0.073	4.584	6.568	4.555	-1.540	-14.551	-3.800	-3.299	-1.240	1.145	-1.286	0.838	4.875	4.420	10.406	13.824	16.162	12.666	9.154	24	ScrambledCars
-1.361	-7.977	-2.663	-9.711	-6.651	-4.419	-0.112	3.637	7.693	3.820	9.388	0.633	0.116	-7.418	-2.272	-10.458	-5.916	3.528	-5.178	-12.893	-12.037	-4.542	-1.337	1.379	7.073	8.219	4.122	8.301	24	Faces
-0.526	1.081	0.252	-0.303	-5.996	-3.480	-3.897	-4.863	-8.432	-5.834	-2.144	1.820	-2.337	-4.395	-1.729	-1.695	0.648	1.068	0.083	-1.260	-4.292	-1.586	-1.500	0.263	4.737	9.773	4.890	4.172	24	Faces
-19.854	-13.324	-5.045	-7.520	-1.077	0.382	8.632	14.727	21.274	12.907	12.091	16.185	2.391	-2.271	-12.741	-16.655	-13.939	-13.357	-10.182	-16.690	-11.974	-2.522	-0.432	6.170	10.032	14.518	9.963	13.171	24	Faces
2.907	5.328	-2.487	7.521	4.348	-3.718	-2.299	-7.284	-6.323	-0.711	-2.263	-4.449	1.364	4.949	1.839	7.493	5.061	0.423	6.623	8.265	7.781	5.835	0.858	0.218	-2.814	-4.832	-0.636	-6.291	24	Cars
2.403	-1.020	1.055	-4.652	-4.301	-3.971	-4.354	5.062	3.807	-4.387	-0.165	0.946	-5.540	-13.869	-3.210	-3.952	-1.844	-4.402	-1.912	-4.546	-10.085	-2.244	1.160	3.734	6.146	9.991	6.799	6.799	24	ScrambledFaces
-6.739	-10.784	-4.130	-8.372	-5.304	-1.074	3.787	14.963	18.031	8.535	13.189	6.585	-0.328	-9.537	-17.796	-16.734	-17.305	-7.098	-12.337	-17.536	-15.496	-6.529	0.769	4.107	11.527	16.336	10.751	14.064	24	ScrambledCars
9.797	7.556	-0.279	4.361	-0.771	-2.100	-7.669	-10.256	-9.799	-7.681	-10.834	-7.374	-6.734	-3.628	13.720	9.419	10.213	7.542	5.386	7.309	1.300	0.756	1.972	-3.930	-5.154	-5.468	-8.026	-7.882	24	Faces
2.406	-0.073	-4.884	-0.868	0.369	-0.142	1.200	8.390	15.908	6.292	6.008	1.799	-4.870	-2.012	-1.949	1.448	-2.664	0.889	-4.343	-2.874	-4.646	-7.712	-11.176	-7.281	-3.073	-1.535	-2.902	2.162	24	ScrambledCars
3.253	-3.975	2.905	-5.043	-7.144	0.352	-5.128	-0.809	-0.404	-2.127	1.063	1.026	-5.625	-9.246	0.267	-7.495	-4.255	-1.833	-4.121	-8.522	-10.364	-1.444	6.718	-0.369	8.128	5.972	0.654	-1.084	24	Cars
-1.431	-8.355	-6.188	-4.601	-6.232	-2.653	-3.967	5.920	4.336	1.350	9.468	4.772	-9.925	-13.228	3.020	-6.464	-3.262	2.747	-6.500	-9.715	-14.395	-6.043	-1.845	-1.356	8.377	12.254	2.643	9.232	24	ScrambledCars
-3.709	-7.756	-2.970	-4.817	-3.538	-0.424	-2.006	7.130	8.939	1.623	4.693	6.210	-9.661	-4.234	-8.909	-8.802	-8.964	-4.035	-5.033	-9.228	-6.132	-2.251	-0.942	-1.664	7.671	13.943	6.571	10.841	24	ScrambledFaces
-4.406	-6.300	-1.316	-4.530	-7.065	-2.836	-2.344	5.353	10.871	0.703	9.467	7.148	-2.940	-9.825	-2.017	-10.378	-6.968	2.970	-7.148	-13.311	-14.994	-5.695	-2.659	3.305	10.885	12.953	9.480	8.249	24	ScrambledFaces
6.676	-0.463	2.858	1.713	0.917	2.588	-0.176	-8.934	-10.355	-1.864	-7.155	-3.020	4.814	4.447	2.489	-1.005	-1.468	2.805	1.505	1.899	5.910	3.940	1.948	4.150	0.544	-4.325	-0.870	-4.552	24	Cars
-9.438	-1.070	-1.405	-1.117	0.021	0.711	0.506	0.528	1.106	3.174	-0.281	3.266	6.216	5.319	-11.028	-2.722	-5.915	-8.797	-2.886	-2.998	-0.929	0.446	-1.827	7.541	7.488	11.342	10.089	7.792	24	Cars
-5.461	3.298	-2.565	-0.675	1.100	-4.424	-1.774	-2.610	-2.544	1.020	-8.371	-3.207	4.151	11.871	-6.767	3.294	5.772	-0.957	10.515	10.220	10.397	15.620	9.936	5.671	1.981	-4.520	-4.106	-5.607	24	Cars
-3.194	-8.409	-1.976	-0.751	2.852	0.713	3.935	6.223	10.489	3.297	3.394	-4.075	-2.788	0.483	-6.302	-5.805	-3.778	1.158	-2.700	-5.263	-0.715	4.293	2.898	3.302	3.630	0.787	-1.905	-3.478	24	Cars
-13.169	-8.943	-12.783	-11.686	-8.385	-7.566	-0.013	9.180	14.716	9.753	15.542	14.772	4.500	-5.524	-14.577	-14.791	-13.895	-5.748	-11.839	-12.572	-6.936	-8.197	-3.393	14.615	14.284	22.600	20.176	18.618	24	ScrambledFaces
-13.390	-17.901	-6.934	-19.838	-17.412	-14.628	-3.857	-0.691	8.911	0.779	6.211	7.617	-6.263	-5.586	-3.163	-12.842	-9.348	3.429	-3.730	-15.304	-8.796	-0.147	4.199	10.554	21.080	22.907	16.380	16.765	24	ScrambledCars
-4.691	-7.667	-9.635	-3.625	7.270	1.554	9.112	2.149	-0.719	8.920	-2.352	1.734	9.791	11.956	-7.965	-1.701	1.403	-4.399	5.131	-1.600	4.077	7.816	1.806	5.679	0.298	-3.262	1.541	-0.209	24	Cars
8.000	9.631	13.028	9.180	6.386	2.229	-2.615	-3.804	-9.974	-8.050	-10.273	-9.837	-10.883	-1.584	16.689	10.116	8.828	4.597	6.994	7.523	3.003	0.261	-3.746	-10.207	-8.562	-10.505	-13.406	-15.777	24	Cars
-1.026	0.678	3.540	-1.759	-5.235	0.196	-8.241	2.574	3.973	-8.649	-0.765	-0.299	-9.200	-12.905	7.944	-1.305	0.139	4.985	-1.883	-6.492	-10.976	-4.288	-1.454	-2.184	2.877	6.288	-1.583	2.371	24	ScrambledCars
-6.222	-2.901	0.736	-8.674	-7.272	-1.529	-3.080	5.317	9.130	1.732	6.007	6.671	-9.275	-13.213	-1.089	-5.534	-6.075	-1.504	-5.996	-9.516	-11.441	-6.890	2.168	2.408	9.491	17.392	5.089	9.546	24	ScrambledFaces
2.313	-5.921	-2.186	-1.765	-2.723	1.165	1.549	4.907	5.528	0.637	1.787	2.732	-1.694	-8.073	-4.102	-6.107	-6.193	-1.925	-5.829	-6.258	-4.590	-4.825	-1.138	2.572	5.825	4.916	7.224	4.534	24	Faces
3.288	1.095	-0.360	1.785	1.344	5.928	-4.246	1.191	3.606	-1.908	1.885	-3.699	-8.378	0.354	-0.087	1.944	-1.624	-2.569	2.657	3.621	4.516	2.241	-0.060	-3.689	0.481	1.808	-2.716	-2.039	24	ScrambledCars
6.358	11.244	13.275	13.966	8.665	8.748	0.711	-3.902	-5.806	-1.563	-9.024	-5.290	3.722	7.524	-0.881	6.863	3.260	-3.903	5.181	7.324	4.818	5.284	-1.861	-2.738	-9.666	-10.549	-8.113	-11.303	24	Faces
-3.406	-3.203	-4.326	1.514	5.273	0.448	2.821	0.900	4.165	3.870	-1.845	-2.909	2.425	7.044	-3.403	3.634	4.514	-4.608	4.182	5.391	6.152	5.335	2.489	1.329	0.311	0.051	-2.592	-2.951	24	Cars
-9.267	-4.248	-10.892	-1.875	-1.578	-2.334	2.023	6.219	5.677	7.854	10.290	8.562	-1.075	-2.399	-9.815	1.648	-1.027	-8.748	0.951	6.026	1.806	0.474	-4.039	5.152	7.205	11.357	6.428	8.657	24	ScrambledFaces
-0.306	0.937	-12.208	-0.899	-3.982	-9.564	-6.929	-4.956	0.334	-5.695	-1.781	-2.387	0.438	0.005	2.466	7.021	2.563	-8.565	6.140	4.625	2.280	3.472	0.992	8.050	11.417	12.111	12.930	8.762	24	ScrambledFaces
5.684	7.763	12.421	1.877	-5.546	2.731	-9.030	6.009	10.562	-4.448	0.933	-1.758	-16.689	-6.632	5.504	4.246	2.885	-3.082	-0.961	3.405	-5.707	-8.770	-7.996	-11.590	-5.162	0.152	-6.291	-4.277	24	ScrambledCars
1.023	-1.046	6.525	-4.824	-3.658	-2.838	0.369	4.242	6.378	2.833	10.479	5.934	1.110	-5.193	-7.972	-11.245	-7.795	-7.082	-8.182	-9.723	-7.945	-8.531	-4.633	-1.089	1.192	1.287	3.579	7.010	24	Cars
-15.245	-7.156	-4.344	-7.850	-4.935	-6.535	-3.685	-0.734	3.342	2.261	4.787	6.736	4.307	3.125	-18.309	-8.944	-3.452	-4.298	-1.125	-3.312	0.313	9.498	7.056	13.394	11.938	15.208	14.156	7.375	24	ScrambledCars
3.234	0.398	5.262	-4.476	-3.871	-1.724	-1.943	0.100	2.609	0.033	-5.383	-0.746	-8.459	-8.003	-5.609	-6.828	-6.894	-5.198	-6.544	-6.935	-9.085	-3.029	2.661	-3.153	5.745	9.539	-3.412	6.548	24	ScrambledCars
-11.539	-14.203	-6.220	-14.440	-14.075	-10.159	-4.655	7.121	14.629	-0.307	16.801	11.539	-11.927	-16.323	-8.393	-21.516	-14.410	-0.693	-12.423	-23.339	-18.553	-6.736	2.197	5.678	19.866	22.161	11.398	19.581	24	ScrambledCars
0.210	-6.966	3.332	-5.694	-3.283	-0.091	0.643	10.990	11.100	1.182	8.360	1.343	-8.775	-8.069	-1.266	-13.070	-10.656	-1.745	-9.958	-12.361	-11.375	-9.915	-6.179	-1.066	4.058	4.880	-0.323	5.574	24	ScrambledCars
1.184	12.267	4.464	13.854	9.786	5.841	0.645	0.640	-5.705	-1.824	-9.569	-6.876	-7.221	2.686	-1.866	14.196	7.525	-2.709	7.418	13.369	10.585	4.206	-1.563	-4.651	-2.952	-5.560	-6.855	-9.448	24	Faces
-9.909	-10.596	0.761	-11.970	-9.065	-2.534	1.797	12.968	12.981	3.349	10.233	10.833	-6.734	-9.673	-8.286	-11.530	-8.239	-1.195	-8.750	-14.267	-14.742	-5.333	-1.800	1.670	9.234	14.343	5.245	10.573	24	ScrambledFaces
3.081	1.074	2.873	0.414	-0.429	-1.571	-2.245	5.101	3.925	-5.195	0.456	-0.012	-12.287	-10.278	-6.047	1.961	-0.448	-5.442	-0.933	1.836	-4.946	0.220	0.851	1.066	5.430	11.372	2.632	1.946	24	ScrambledCars
-5.916	-8.952	-7.425	-11.463	-10.429	-9.970	-8.136	-1.417	4.285	-6.091	1.216	2.741	-8.587	-10.668	-4.360	-11.564	-1.448	13.359	1.623	-6.999	-9.082	4.214	14.856	4.455	15.484	12.194	5.088	2.273	24	ScrambledCars
-2.741	-5.223	-1.327	-3.122	-4.120	0.565	1.086	6.905	6.170	5.168	5.561	4.085	-1.792	-5.660	-4.669	-10.657	-11.264	-7.655	-3.816	-4.466	-2.532	-0.745	-1.289	2.669	10.142	7.465	6.889	7.026	24	ScrambledFaces
-4.852	-6.765	0.487	-4.965	-5.184	-3.816	3.265	9.641	10.373	9.327	8.238	10.828	0.942	-5.069	-11.133	-10.443	-12.706	-5.308	-14.720	-12.512	-7.765	-7.809	-6.637	2.518	5.985	12.045	11.543	10.895	24	ScrambledCars
-6.057	-0.641	2.943	-1.341	2.176	8.072	5.353	11.602	8.755	1.159	7.697	2.849	-5.517	-6.181	-10.723	-6.710	-5.539	-1.189	-5.549	-6.915	-8.231	-5.048	-2.413	-2.958	3.570	9.384	1.836	4.049	24	ScrambledCars
0.486	5.456	3.712	0.920	-4.340	-2.995	-3.118	0.924	1.372	-0.058	0.755	1.156	-2.220	-6.696	2.276	4.495	3.506	-0.547	4.303	2.344	-4.546	-2.934	-4.726	-1.638	0.256	-0.699	-1.438	1.222	24	ScrambledCars
-9.869	-6.274	-7.283	-1.852	-0.881	-3.050	8.870	10.501	15.518	7.400	11.078	9.306	-5.740	-1.690	-18.065	-5.823	-7.400	-12.549	-4.398	-3.678	-0.354	0.083	-5.183	2.295	5.644	10.267	4.634	6.878	24	ScrambledCars
-12.472	-3.606	-7.904	-5.700	-2.580	-3.612	-2.844	3.364	2.987	-2.329	4.702	0.746	-10.052	-2.536	-5.497	-2.727	-1.116	0.403	2.287	-3.462	2.036	4.248	7.353	6.011	13.082	11.677	3.562	8.818	24	ScrambledFaces
-0.921	-1.290	0.503	-4.527	0.517	0.366	4.885	2.694	9.485	1.855	1.245	3.310	-3.813	-4.308	-1.234	-9.845	-6.873	2.845	-6.172	-7.637	-7.685	-4.367	-2.360	-2.472	-0.382	-4.183	1.392	1.227	24	Cars
5.867	3.954	1.076	-0.349	-4.461	-4.245	-6.815	2.881	1.067	-4.941	1.010	2.175	-13.303	-17.420	9.551	0.105	-0.122	-0.233	-5.841	-2.873	-12.379	-10.113	-2.154	-7.756	5.125	11.578	-4.603	4.102	24	ScrambledFaces
10.089	10.447	1.109	10.876	5.376	2.035	-1.507	-10.034	-10.926	-3.271	-10.912	-11.345	-1.350	2.598	10.710	17.353	17.255	8.093	12.418	15.610	6.314	4.787	0.475	-0.767	-10.431	-14.333	-6.263	-10.667	24	Cars
0.691	-2.931	4.269	-6.984	-9.563	-6.577	-9.699	-0.453	-2.658	-3.505	2.383	3.580	-11.172	-4.860	-6.673	-3.724	-1.632	4.811	-1.330	-10.361	-9.590	-0.808	-0.627	1.984	7.539	11.612	5.177	6.743	24	ScrambledCars
-10.438	-4.903	1.214	-6.235	-3.203	-0.899	-0.836	5.391	11.549	1.845	6.003	5.286	-3.898	-5.757	-14.380	-11.657	-6.221	-4.196	-4.326	-9.739	-7.972	0.885	2.548	3.660	13.780	11.506	4.588	11.094	24	ScrambledFaces
-4.835	-11.139	-11.127	-10.828	-9.826	-13.234	-3.920	-1.178	4.210	0.788	6.990	6.035	-0.374	-5.870	8.302	-4.981	1.551	5.246	-0.438	-5.595	-9.349	0.422	6.632	3.506	5.921	5.928	4.363	8.044	24	Faces
1.001	-4.997	1.197	-5.365	-3.495	-1.410	-4.285	2.703	-0.582	-5.039	-4.140	-0.686	-2.031	-2.394	4.681	-0.534	2.738	6.874	1.477	-4.316	-7.977	-0.148	0.881	1.551	2.341	-0.563	-0.519	0.293	24	ScrambledCars
1.254	0.773	10.619	2.142	-0.390	-1.183	-3.447	4.034	4.978	-0.018	0.362	4.874	-10.005	-4.869	-10.526	-2.668	-4.785	-6.398	-5.029	-6.314	-7.634	-5.585	-6.315	-4.661	-0.277	8.478	2.309	4.314	24	Faces
-7.969	-5.479	-6.634	-6.130	-5.679	-3.306	0.269	7.220	7.890	1.180	7.071	7.224	-6.764	-8.832	-5.540	-7.621	-4.512	0.751	-4.277	-5.910	-8.844	-0.257	1.524	2.977	7.715	12.446	7.445	9.003	24	ScrambledCars
-3.955	-6.095	-1.112	-5.481	-7.440	-1.000	-0.326	12.201	15.144	7.612	13.041	6.582	-7.184	-15.322	-6.115	-14.769	-11.512	-4.982	-10.403	-16.084	-13.608	-7.499	-3.538	-0.437	9.724	11.232	4.135	10.224	24	ScrambledFaces
-11.095	-10.153	0.155	-9.925	-2.687	2.026	4.277	12.654	7.255	4.931	10.010	10.577	-1.021	-8.583	-2.665	-17.028	-11.106	0.286	-10.515	-19.274	-17.731	-7.078	1.456	1.395	9.151	13.548	4.626	6.754	24	ScrambledCars
-8.377	-8.795	-6.899	-8.477	-5.768	-2.701	-0.969	6.920	12.226	-0.191	10.279	7.816	-0.526	-1.591	-2.241	-7.344	-5.152	-3.816	-1.908	-8.498	-5.563	-1.454	0.648	1.578	8.221	7.250	9.888	8.713	24	ScrambledFaces
-3.373	-4.819	-7.280	-3.792	-1.368	0.495	3.306	-1.464	8.367	6.535	6.926	0.000	4.233	0.673	-0.096	-3.212	-1.439	0.098	0.436	-4.187	-0.097	8.042	6.047	3.823	0.077	-5.862	2.236	1.620	24	Cars
-14.244	-8.619	-5.963	-4.182	-3.669	-2.876	3.403	9.661	12.151	7.440	18.262	8.682	4.361	-5.519	-14.079	-14.305	-11.398	-8.447	-9.507	-15.430	-9.456	-5.112	-0.831	6.416	10.026	16.168	8.877	14.737	24	Faces
-2.840	-3.036	-0.493	-2.548	0.771	3.690	1.661	7.904	3.726	3.810	3.922	3.705	-4.746	-7.963	0.282	-11.101	-9.048	-0.138	-8.510	-10.657	-10.454	-6.559	-3.047	-4.839	0.933	4.057	-1.583	3.079	24	ScrambledCars
3.786	2.056	-1.739	0.610	-4.962	-2.082	-5.316	3.111	2.255	-4.566	4.028	-1.741	-7.627	-5.489	5.109	2.068	2.795	-0.941	-1.776	1.424	-3.734	-6.283	-7.203	-5.666	2.794	3.771	-1.204	1.922	24	Faces
-21.371	-14.592	-16.413	-13.182	-10.253	-10.423	3.339	8.699	12.930	8.847	13.403	12.484	3.177	-0.767	-13.881	-13.743	-6.350	-1.176	-2.919	-15.058	-7.222	1.254	4.743	11.236	12.169	18.825	21.043	15.050	24	ScrambledFaces
-10.954	-13.502	-9.881	-12.660	-10.153	-4.492	3.843	13.295	15.076	8.036	11.920	10.134	-5.608	-11.848	-7.493	-15.552	-14.200	2.128	-11.929	-16.497	-15.682	-7.934	-3.139	1.687	14.102	20.517	14.113	15.252	24	ScrambledFaces
-1.855	-11.614	-3.476	-14.127	-12.585	-8.050	-0.008	15.789	18.129	7.323	16.601	11.581	-7.436	-9.699	-2.955	-13.391	-16.868	-15.774	-20.405	-17.442	-15.011	-16.784	-14.031	-5.291	10.341	18.632	8.699	16.293	24	ScrambledFaces
-5.440	-1.653	-4.150	-0.568	-5.007	-10.165	-4.919	-9.021	-10.351	-0.839	0.099	0.972	-1.201	7.286	-0.743	6.822	8.456	4.582	6.211	5.254	7.136	6.178	2.599	5.568	4.136	1.616	3.311	0.346	24	Cars
-3.496	-4.827	1.333	-5.824	-1.696	1.350	-0.261	15.537	6.998	2.001	6.413	7.954	-7.903	-11.720	-7.065	-12.311	-10.662	-4.703	-9.077	-12.417	-14.613	-4.297	-1.663	-3.865	7.720	10.091	1.710	7.458	24	ScrambledCars
-0.665	-3.163	-0.809	-1.223	-4.307	-4.093	0.193	-5.086	-10.245	0.885	-3.379	-1.185	-1.109	-7.097	4.738	-1.432	3.670	12.570	2.085	-5.277	-7.371	0.943	3.509	1.930	2.441	2.419	2.160	1.009	24	Faces
4.088	6.863	7.155	3.749	4.072	4.346	-1.609	-8.902	-3.844	-8.877	-2.431	-8.669	-4.386	-0.814	7.515	6.519	6.871	7.214	1.648	4.472	3.429	0.195	-3.488	-5.728	-5.227	-7.362	-9.093	-7.863	24	Cars
-5.689	-5.688	2.355	-7.634	-10.350	-6.404	-5.173	4.242	-0.108	2.183	14.618	3.509	-6.703	-12.260	-3.217	-11.110	-6.159	0.444	-5.666	-14.661	-8.257	-3.687	-0.254	2.288	9.438	14.975	12.790	10.136	24	ScrambledFaces
-0.260	-5.616	9.771	-6.287	-7.849	-5.536	-9.323	-3.512	1.173	-6.622	-1.301	3.304	-8.986	-9.381	2.927	-10.798	-7.107	8.186	-6.296	-11.705	-9.576	-3.079	1.335	0.042	11.130	9.556	1.237	2.884	24	Faces
2.422	-12.891	-4.700	-12.422	-11.109	-6.693	-8.275	0.151	6.772	-5.261	9.760	6.770	-17.828	-11.240	3.823	-9.811	-4.709	7.835	-3.811	-15.100	-17.297	-2.913	2.466	-5.827	13.384	7.252	-0.186	6.767	24	Faces
-3.757	-7.017	0.373	-9.560	-6.033	-6.102	-2.863	2.425	-1.289	-1.624	0.145	2.280	-0.535	-3.058	3.118	-5.862	2.262	10.322	2.665	-7.449	-6.992	1.847	3.051	-0.138	-1.264	-0.140	-0.064	0.800	24	Cars
-1.264	0.446	5.723	0.393	-2.379	-0.722	-0.777	2.621	2.561	4.123	2.228	7.411	-6.366	-4.999	-5.442	-9.390	-11.727	-12.436	-7.740	-4.744	-6.273	-4.020	-4.943	4.135	8.192	11.419	4.199	7.201	24	Faces
-3.416	-6.567	-0.800	-3.512	-5.716	-0.350	0.080	5.013	3.484	1.546	7.643	4.216	-7.938	-10.411	-2.770	-6.307	-4.391	-1.221	-3.467	-6.364	-9.416	-3.466	0.100	1.770	10.409	12.460	7.293	7.971	24	ScrambledFaces
2.399	-3.436	-6.193	-2.081	-0.714	0.040	7.593	2.179	1.418	6.849	4.334	3.920	5.789	5.810	2.471	-4.026	-1.729	0.082	1.544	-3.814	-0.246	1.235	0.391	1.981	-1.569	-6.669	-0.772	-3.226	24	Cars
-9.889	-8.696	-5.801	-3.447	-1.082	-5.042	-1.775	5.656	12.004	5.960	9.261	9.282	-0.431	-0.590	-11.823	-10.612	-12.217	-7.627	-9.376	-9.298	-6.422	-2.341	-0.612	5.654	9.894	15.465	6.625	11.887	24	ScrambledCars
-0.848	0.639	-3.781	-2.787	-2.085	-6.756	-4.867	-1.304	-3.735	1.701	3.586	4.944	0.359	-1.455	-4.133	-0.875	-0.069	-8.826	-1.919	1.828	1.783	1.882	-0.809	5.192	3.820	8.883	6.340	4.466	24	Faces
-7.235	-7.663	-7.699	-7.654	-5.844	-6.858	4.434	7.533	9.531	6.392	12.523	11.368	1.582	0.026	-8.220	-5.827	-6.264	-3.347	-6.269	-2.010	-1.656	-5.431	-5.461	3.488	4.537	12.163	8.398	11.758	24	ScrambledCars
-10.087	-4.451	-11.802	-7.120	-5.047	-6.624	-0.245	-2.188	4.600	3.202	5.087	4.067	1.564	0.668	-5.626	-3.262	-2.949	-5.198	0.193	-3.045	0.300	-1.977	-0.148	7.810	9.102	13.976	11.286	9.412	24	ScrambledCars
-16.171	-12.541	-2.906	-11.012	-6.434	-5.454	4.699	18.739	22.197	6.278	15.089	13.553	0.520	-4.502	-16.508	-11.917	-7.545	-10.499	-8.851	-13.537	-12.440	-8.360	-10.561	0.333	9.830	19.538	14.653	16.292	24	ScrambledFaces
-1.282	-5.182	0.005	-3.369	-0.603	-3.287	-0.604	3.668	5.837	-1.077	0.718	2.733	-5.348	-2.463	-5.371	-6.582	-3.887	2.287	-1.235	-6.877	-2.890	1.510	3.434	-0.162	1.334	0.995	-2.497	0.664	24	Faces
-4.089	-3.651	-16.754	-2.523	-1.664	-6.574	6.223	2.355	13.903	9.278	11.758	6.344	6.839	6.532	-8.207	-0.626	-3.928	-7.563	1.032	0.120	3.788	2.692	-4.900	3.227	2.355	-0.350	4.196	5.552	24	Cars
-10.226	-12.750	-9.818	-9.593	-11.604	-4.859	2.423	5.715	12.002	7.684	10.945	12.875	-1.870	-6.329	-13.265	-15.008	-12.969	-9.783	-9.075	-17.028	-15.421	-5.168	1.907	8.926	16.173	23.314	15.837	18.255	24	ScrambledFaces
2.601	-0.711	1.551	-2.376	-2.870	-3.738	1.553	2.094	6.982	10.562	6.425	3.374	2.049	-3.001	-4.999	-4.674	-6.665	-4.423	-7.760	-7.173	-9.781	-3.794	-3.036	0.417	3.273	2.256	3.863	3.683	24	ScrambledCars
4.599	8.855	5.073	4.831	1.721	3.144	-2.160	-3.965	0.050	-10.237	-10.663	-10.431	-9.182	-5.708	12.568	10.251	12.947	4.783	14.035	6.011	-0.384	5.478	2.971	-4.953	-2.566	-5.543	-10.345	-8.277	24	Cars
0.597	-0.955	1.558	-3.731	-3.458	-3.801	-4.673	1.238	1.216	-1.175	-1.357	2.827	-9.555	-7.891	1.495	-3.006	-0.601	2.197	2.046	-5.648	-8.722	-1.253	1.782	-0.440	3.476	4.271	3.447	3.004	24	Faces
4.750	9.856	4.465	11.211	5.790	3.376	-2.683	-10.527	-11.598	-3.642	-10.436	-7.526	-1.166	9.477	8.300	12.437	10.542	3.182	13.299	15.643	10.151	7.538	4.106	-2.862	-7.643	-12.396	-6.294	-15.425	24	Cars
-15.462	-19.268	-13.371	-12.762	-8.564	-13.071	4.146	5.261	9.997	13.909	18.954	19.172	-0.803	-0.290	-10.064	-11.171	-12.545	-11.016	-10.237	-14.089	-8.869	-1.464	-2.278	10.178	14.880	24.174	20.141	22.390	24	ScrambledFaces
-3.741	-0.228	7.438	2.968	6.038	12.821	6.690	9.451	12.779	1.143	6.442	0.240	-10.501	-9.428	-13.446	-9.155	-7.423	-8.806	-6.882	-11.607	-6.230	-6.289	-2.815	-1.305	3.092	6.670	-2.178	4.135	24	ScrambledCars
0.902	0.411	-6.019	1.535	-0.146	-3.460	-3.804	-8.080	-5.092	-2.314	-0.042	0.181	4.242	-0.227	-4.521	2.019	1.805	-0.986	3.583	3.400	1.687	3.410	4.208	5.405	5.374	7.643	2.148	1.625	24	Faces
-3.121	-6.121	-6.329	-6.661	-3.665	-0.611	0.471	7.687	10.467	8.026	9.660	12.934	0.409	-4.892	-12.549	-13.127	-12.706	-6.871	-8.203	-10.460	-9.054	-6.930	-4.469	2.058	12.356	14.047	8.604	13.301	24	ScrambledFaces
5.439	8.653	4.017	9.814	1.041	0.444	-4.263	-4.971	-6.467	-6.862	3.520	-1.925	-6.331	0.245	-1.321	7.317	2.130	-2.517	-4.986	10.663	6.966	-10.233	-10.373	-7.632	-2.537	2.900	1.263	0.416	24	ScrambledFaces
-6.461	-7.208	-6.504	-11.061	-6.188	-7.533	-2.847	-0.025	7.684	-4.988	1.929	1.158	-3.525	2.926	-6.270	-1.429	3.197	3.534	6.898	-1.307	2.127	4.807	3.177	0.652	5.334	10.738	2.576	6.120	24	ScrambledCars
-0.435	0.326	2.193	-2.366	-3.850	0.813	-5.033	1.893	6.199	-3.852	3.747	2.979	-5.898	-12.536	-1.380	-3.419	-4.265	-6.483	-2.582	-6.842	-11.102	-0.642	0.438	1.476	8.864	5.269	4.060	4.117	24	Faces
-10.718	-10.581	-7.313	-6.821	-2.681	-2.290	8.867	9.078	14.277	11.613	9.479	13.544	10.041	0.210	-14.569	-15.923	-16.412	-14.382	-11.472	-19.474	-5.534	-4.472	-6.404	6.491	5.050	13.942	12.628	13.235	24	Faces
-1.309	-4.040	-7.093	-6.046	-7.670	-2.095	-2.808	4.379	13.661	0.901	0.395	6.894	3.520	-0.041	-4.077	-3.492	-2.540	-4.325	-2.910	-0.854	-4.341	-2.264	-0.309	-0.240	4.421	9.763	4.039	8.006	24	Faces
-1.293	-8.768	-9.782	-6.786	-8.930	-6.838	-1.360	9.984	14.751	7.403	13.426	9.390	-5.547	-11.625	-6.732	-8.229	-6.761	-20.653	-2.084	-8.446	-10.850	-5.411	-5.145	0.804	8.590	15.087	7.186	12.642	24	ScrambledFaces
-5.725	-6.358	-5.060	-9.059	-7.810	-5.304	0.481	7.683	7.093	2.756	10.013	11.477	-4.175	-8.628	-0.269	-10.728	-7.916	-7.461	-10.252	-9.168	-9.172	-8.954	-6.561	3.923	12.392	15.426	11.257	10.360	24	ScrambledFaces
5.122	0.429	3.218	-0.654	-0.764	-1.465	-6.566	-5.397	-2.366	0.296	2.774	-0.381	-2.435	0.528	-0.354	-2.104	-3.587	-5.578	-3.865	-2.086	1.336	-1.484	-2.804	0.799	2.579	1.163	1.842	0.557	24	Cars
-2.654	-5.897	-6.707	-5.513	-7.290	-4.585	-1.510	5.966	11.060	1.232	3.864	3.258	-5.685	-8.000	-5.660	-5.613	-6.667	5.241	-6.144	-7.548	-9.803	-4.629	-1.939	-0.392	9.729	9.331	4.177	5.269	24	ScrambledFaces
-11.469	-6.628	-10.100	-4.283	-4.668	-7.386	2.803	1.064	3.793	5.925	5.573	2.452	4.271	6.977	-8.175	-1.034	1.894	-5.065	6.917	1.724	1.410	4.759	1.730	5.768	6.122	10.462	6.862	8.560	24	ScrambledCars
-5.548	-0.646	1.112	1.883	-0.610	1.369	0.073	10.032	12.611	1.706	8.009	7.517	-8.812	-4.459	-10.425	-5.240	-6.935	-13.444	-5.624	-3.432	-2.433	-7.035	-8.482	-2.675	4.878	7.991	2.383	5.721	24	ScrambledCars
-5.335	-5.430	-5.282	-7.818	-5.378	-4.690	2.564	-0.425	5.328	5.960	5.501	8.392	1.018	-2.548	1.137	-5.060	-4.709	-2.019	-3.943	-3.686	-3.942	-0.309	-3.070	7.389	4.433	9.449	8.598	5.138	24	ScrambledCars
-12.739	-8.821	-8.301	-5.798	-2.766	-1.410	7.391	12.985	13.405	11.719	12.926	15.146	7.040	-1.539	-9.267	-12.224	-13.442	-12.367	-11.825	-9.809	-8.182	-6.519	-7.042	3.776	6.459	12.457	11.696	11.236	24	Faces
-6.014	-9.322	-5.084	-5.994	-7.854	-5.579	1.700	14.538	10.654	1.984	12.460	4.157	-11.556	-9.593	-5.386	-12.767	-12.466	-6.974	-8.707	-11.482	-9.232	-3.691	-1.213	2.830	10.352	14.967	6.266	9.017	24	ScrambledCars
-1.051	-3.856	-5.530	-1.646	-4.719	-4.577	1.142	-3.839	4.069	2.903	5.065	4.094	-1.887	-0.094	-2.169	-0.435	-4.356	-5.413	-3.731	0.443	-1.763	-4.170	-3.424	3.124	2.257	10.591	4.353	8.038	24	ScrambledFaces
-18.881	-5.736	-16.321	-7.445	-3.098	-13.630	1.676	0.050	-0.555	3.663	7.184	7.496	0.203	6.492	-13.798	0.384	3.399	-1.775	8.658	3.969	6.113	7.385	2.808	7.965	11.439	16.699	15.197	10.749	24	ScrambledCars
8.959	-2.170	3.970	-2.536	-4.715	-4.529	-3.826	-3.462	-3.443	-5.735	-4.523	-10.110	-15.054	-7.588	12.253	1.224	6.122	15.432	5.863	-1.073	-1.212	5.662	5.903	-6.735	-1.376	-13.988	-12.965	-6.977	24	Cars
-0.484	-1.765	-1.861	0.186	-0.392	-1.136	2.412	1.476	5.936	2.472	7.168	-0.081	4.094	-0.619	-1.116	-2.359	-4.877	-1.828	-2.302	-1.686	0.504	-2.731	-1.042	0.610	-0.306	2.165	2.078	1.541	24	Faces
-4.086	-9.462	7.187	-12.031	-7.879	-3.581	-7.475	9.077	6.699	-1.585	2.687	3.673	-19.687	-17.004	-2.289	-14.860	-10.082	9.102	-7.186	-18.582	-15.759	-4.518	9.006	-1.676	10.012	13.717	1.213	8.785	24	ScrambledCars
8.047	4.826	10.009	2.611	-2.904	0.182	-14.267	-8.828	-10.909	-19.560	-13.196	-14.049	-18.108	-7.235	11.261	10.638	15.500	13.061	17.233	10.253	4.790	9.772	5.510	-5.767	-1.607	-2.947	-11.824	-10.551	24	Faces
-10.536	-14.908	-8.658	-11.344	-8.523	-6.029	-4.272	4.782	8.295	4.486	9.741	8.265	2.153	-2.181	-14.241	-16.088	-10.248	1.172	-5.058	-14.429	-7.279	2.476	3.785	6.829	13.824	15.358	11.504	16.219	24	ScrambledFaces
1.638	2.329	-2.234	1.992	-1.672	-1.387	-6.004	2.023	-2.560	-6.034	-1.236	6.018	-7.129	-5.939	-0.483	0.452	-0.454	-2.133	-2.458	2.905	-5.228	-2.903	-3.424	-3.008	3.447	8.821	1.841	4.528	24	Faces
-19.755	-20.761	-28.456	-16.112	-10.668	-11.409	3.181	9.182	13.495	9.811	13.859	9.784	8.523	-0.617	-10.078	-17.311	-11.812	-0.233	-6.278	-14.966	-6.626	1.017	6.362	12.075	17.390	26.800	15.922	17.541	24	ScrambledFaces
5.606	8.337	4.097	5.615	1.336	1.181	-3.733	1.006	6.502	-2.773	-0.458	-4.208	-0.486	-4.895	-4.560	4.529	-0.204	-6.874	-0.855	6.312	-1.557	-1.371	-5.199	0.009	-2.764	1.130	-0.435	-0.026	24	ScrambledCars
-3.175	-7.946	-2.026	-5.533	-8.171	-6.325	-9.339	2.053	6.925	4.294	8.308	4.513	-4.839	-6.098	-6.446	-0.277	-1.372	-5.602	-1.885	-5.122	-5.071	-1.768	0.007	1.194	9.583	14.043	7.817	10.287	24	ScrambledFaces
-18.679	-14.550	-11.599	-12.062	-9.373	-5.961	2.198	10.592	21.010	10.440	19.705	17.670	1.796	-11.042	-19.616	-17.848	-12.562	-7.793	-9.004	-17.718	-14.683	-6.259	-1.236	8.687	16.800	26.098	12.951	19.900	24	Faces
6.810	5.116	2.130	2.627	-0.313	1.345	-5.676	-2.552	-0.570	-9.140	-8.605	-6.628	-4.621	-4.786	2.281	3.621	4.406	10.097	2.646	4.943	1.304	-0.821	-1.182	-7.679	-2.100	-2.725	-3.708	-4.671	24	Faces
-0.405	-4.062	4.863	-7.503	-3.477	1.320	2.963	7.772	8.077	3.009	7.131	3.298	-3.348	-6.042	-4.550	-8.955	-9.137	-3.853	-5.413	-11.259	-11.881	-6.209	-0.813	-2.246	2.173	7.384	3.849	6.352	24	ScrambledFaces
-4.929	-6.798	-6.279	-7.063	-9.182	-7.416	-5.947	0.596	-1.624	-6.842	-1.753	2.721	-8.594	-2.815	1.707	-2.156	2.874	4.351	1.558	-2.081	-5.494	2.033	5.293	0.286	8.296	10.589	4.222	5.254	24	ScrambledFaces
0.387	-2.144	1.617	3.578	3.753	4.505	7.922	9.959	10.660	6.132	8.723	-0.262	-0.124	-2.713	2.477	-6.191	-7.525	-3.606	-7.631	-5.852	-1.379	-6.273	-9.157	-6.653	-7.214	-4.154	-3.238	-0.907	24	Faces
-10.246	-14.570	-16.156	-14.679	-13.692	-15.803	2.923	8.068	15.632	13.712	19.426	14.630	6.847	-4.176	-6.536	-11.538	-12.237	-9.788	-10.611	-13.703	-6.925	-9.522	-1.809	3.239	12.006	19.106	13.682	17.647	24	ScrambledCars
-6.157	-3.022	-10.511	-3.026	-0.648	-4.983	-4.605	-2.073	1.073	0.944	8.001	-0.958	3.966	6.060	-12.368	-4.906	-1.848	-2.032	1.168	-1.078	3.869	5.720	2.258	4.574	3.644	8.331	8.299	7.075	24	ScrambledCars
-4.499	-3.896	0.599	-3.875	-4.643	-0.718	-1.440	-0.143	-1.776	-2.752	2.278	3.215	-0.521	0.739	-7.637	-6.517	-4.137	0.020	-1.991	-7.673	-6.174	3.036	2.772	3.698	3.379	5.250	2.889	4.156	24	Faces
2.643	2.874	2.178	1.805	2.760	0.823	-1.494	-1.867	-4.419	-1.385	-0.174	-4.940	0.185	-2.623	-7.295	0.641	-1.041	0.822	0.822	1.600	-0.229	3.686	5.208	1.729	5.193	1.264	-2.196	-1.543	24	Cars
-3.659	-6.796	-10.759	-9.752	-11.601	-8.038	-0.892	9.772	19.537	5.467	12.443	11.402	-5.046	-12.300	-12.964	-15.031	-14.976	-10.478	-13.284	-13.352	-17.172	-8.273	-0.455	4.033	19.184	19.701	11.866	15.118	24	ScrambledCars
-5.891	-9.903	-5.058	-6.294	-5.400	-5.819	-2.181	4.355	11.254	4.395	9.148	7.575	-3.449	-0.617	-2.718	-7.567	-3.223	0.066	-5.294	-8.493	-6.604	-3.974	-3.265	-1.777	2.842	7.603	2.764	11.433	24	ScrambledFaces
-13.130	-14.686	-24.553	-15.372	-11.357	-20.727	1.919	-0.179	3.945	16.083	14.814	8.904	14.352	9.161	-4.831	-4.249	-1.279	1.883	2.944	-7.551	-2.407	6.878	5.001	11.529	4.039	10.993	12.648	11.381	24	Faces
2.182	2.977	4.703	4.488	-0.597	2.530	-0.150	1.846	0.127	0.004	4.953	1.749	-2.042	-1.329	-2.476	0.597	-0.574	-22.508	0.793	-0.468	-6.094	-1.980	-4.117	-4.888	-0.955	2.002	-3.239	1.989	24	Faces
-4.667	-2.923	-2.430	-3.035	-1.454	-1.627	0.752	5.710	11.168	5.198	3.690	5.514	-3.547	0.510	-2.586	-1.063	-0.858	-4.948	0.144	-3.765	-2.476	-0.265	-7.215	-4.379	-5.397	2.295	-2.697	1.647	24	Cars
-2.448	-5.448	-12.152	-9.050	-8.911	-6.789	0.061	5.298	9.691	7.350	8.644	9.179	-0.472	-6.995	-2.313	-3.122	-4.258	-11.264	-7.240	-5.960	-7.585	-3.279	-2.002	4.408	8.227	11.553	9.650	11.877	24	ScrambledCars
-23.328	-19.645	-15.561	-13.540	-4.965	-6.569	16.388	11.203	16.145	18.127	15.947	15.512	15.209	4.909	-20.981	-17.677	-14.408	-4.734	-9.097	-11.913	-2.724	0.920	-0.883	14.281	16.391	20.708	21.559	16.605	24	ScrambledFaces
-1.259	-9.510	0.452	-8.169	-11.130	-5.243	-7.011	6.776	4.058	-0.091	7.282	10.256	-9.748	-12.144	-3.831	-13.490	-9.197	-2.442	-9.883	-14.977	-13.705	-7.135	-2.084	-0.425	12.337	17.472	4.439	12.120	24	Faces
1.823	-4.143	-11.275	-7.324	-11.722	-7.308	-9.235	5.378	9.685	-5.549	2.842	1.739	-8.048	-12.170	6.750	-3.774	-3.097	2.607	-2.183	-5.823	-9.261	-6.195	1.486	4.136	9.818	13.287	3.801	7.274	24	Faces
-2.484	0.717	-1.379	-6.882	-6.627	-4.637	-7.558	1.739	2.389	-4.048	-1.557	0.919	-8.410	-5.250	-1.344	-1.676	-0.888	4.986	-0.248	-5.057	-6.694	0.559	-2.917	0.943	9.266	8.793	0.184	1.917	24	Faces
-19.929	-12.650	-12.466	-8.182	-8.392	-9.562	0.643	13.342	19.275	6.889	20.185	16.426	-0.203	-5.902	-10.980	-12.023	-13.607	-6.550	-8.534	-8.443	-4.812	-4.002	0.514	6.745	15.846	20.185	13.092	18.467	24	ScrambledFaces
2.767	4.234	6.484	1.402	-0.385	4.020	4.394	7.386	2.824	3.268	3.364	1.494	-4.200	-2.746	-4.358	-4.778	-6.595	0.291	-4.140	-4.454	-4.061	-6.060	-6.104	-6.661	-4.235	-1.726	-3.143	-0.264	24	Cars
-16.735	-13.585	-13.477	-12.097	-8.116	-7.867	3.849	18.409	25.509	10.284	18.087	17.821	-3.232	-6.001	-15.896	-22.976	-18.422	-9.345	-15.367	-24.089	-17.279	-8.042	-0.505	4.929	11.679	19.994	12.043	16.884	24	Faces
-7.034	-7.118	-7.306	-8.675	-8.456	-4.761	-3.695	2.084	6.903	-0.395	8.503	2.782	-0.763	-4.652	-4.494	-10.690	-6.926	1.124	-5.206	-7.289	-5.432	-1.998	6.399	3.610	9.312	11.079	5.912	9.865	24	Faces
0.346	-2.411	4.384	-0.934	-4.474	-0.443	-2.119	7.031	2.390	-0.048	4.708	3.067	-11.322	-7.178	-6.326	-4.600	-0.880	-1.846	-0.906	-7.260	-9.037	-2.717	-4.718	-5.770	2.097	6.751	-0.704	0.508	24	ScrambledFaces
-3.744	-9.527	-3.579	-5.410	-2.895	-0.916	7.272	7.720	10.024	7.266	9.468	5.334	4.585	-1.006	-11.186	-10.257	-11.476	-7.094	-9.967	-7.438	-1.532	-3.036	-1.164	4.325	5.580	5.688	4.408	3.221	24	Cars
-2.719	-0.523	-2.730	-5.005	-5.641	-5.125	-5.186	-2.186	4.381	5.897	2.810	9.508	-3.169	-2.082	-7.279	-4.032	-3.872	0.400	-1.095	-6.497	-6.032	0.284	-0.163	0.288	4.561	6.962	1.302	6.470	24	Faces
9.065	12.885	10.670	12.330	10.535	10.166	3.860	2.975	-1.612	-2.034	-6.846	-6.446	4.132	5.738	-0.430	10.929	4.732	-2.054	0.054	8.367	6.073	-3.186	-6.141	-8.085	-12.601	-19.449	-9.744	-12.817	24	Faces
-2.900	-2.632	1.477	-1.335	-1.778	-0.384	1.629	-1.100	1.079	-2.356	1.381	3.089	4.139	-0.460	-5.985	-5.522	-2.548	4.559	-1.369	-7.755	-4.270	-2.507	0.622	3.571	3.527	2.219	3.058	1.657	24	Faces
-0.200	-1.728	2.107	-4.862	-3.007	-5.301	-6.371	-5.682	-9.013	-5.936	-4.949	-4.740	-5.992	-5.913	8.321	-0.717	6.460	12.421	1.593	-1.400	-4.576	6.223	6.294	0.829	4.912	2.433	-2.662	-2.387	24	Cars
5.117	4.567	-1.260	8.660	2.021	8.422	-1.940	3.644	6.417	-3.636	-1.790	-5.236	-6.693	-10.119	2.032	5.427	2.447	5.668	0.064	2.873	-3.686	-4.007	0.418	-2.318	1.079	-2.909	-4.164	-5.711	24	ScrambledCars
5.199	9.163	12.287	5.424	1.119	2.995	-2.411	2.369	0.489	-9.758	-4.629	-7.827	-12.972	-11.905	8.568	2.751	1.380	3.747	-1.858	-0.413	-6.441	-4.501	-3.542	-7.842	-3.387	-2.859	-4.978	-3.480	24	Faces
-8.030	-10.730	-9.720	-10.630	-9.634	-9.028	-7.464	3.660	5.995	-0.796	2.658	5.293	-3.961	-4.665	-7.157	-5.287	-1.060	4.210	2.054	-6.629	-4.829	3.521	3.223	5.536	14.589	19.449	6.547	9.328	24	Faces
5.804	7.498	2.616	9.011	3.233	0.217	-3.237	-2.928	0.785	-3.831	-8.335	-8.253	-1.408	-1.412	-1.956	9.826	6.812	-3.892	6.506	12.250	7.095	3.841	-1.221	-1.479	-3.228	-3.482	-2.630	-6.574	24	ScrambledFaces
-6.879	-8.645	-4.656	-6.864	-6.838	-2.249	0.107	7.706	9.494	5.458	7.218	6.666	-2.208	-7.108	-6.921	-13.904	-9.541	4.365	-5.551	-13.219	-10.107	-1.340	3.257	2.941	11.575	10.105	9.747	9.760	24	ScrambledCars
-8.852	-10.782	-7.892	-6.207	1.217	-1.521	7.691	7.464	6.375	6.497	7.131	7.205	8.619	9.624	-9.783	-12.063	-10.509	-3.502	-4.051	-7.993	-0.150	-2.748	-6.287	3.300	3.791	6.681	6.190	4.989	24	Cars
1.395	-0.330	7.439	-1.993	-3.203	-0.399	-5.890	3.049	1.343	-3.132	1.572	3.364	-14.822	-16.356	1.365	-5.000	-1.459	1.813	-5.048	-8.378	-14.478	-8.794	-2.383	-6.259	5.661	8.222	2.046	5.999	24	Faces
0.537	4.839	0.668	3.060	-0.770	0.268	-2.378	-6.745	-2.307	-3.576	-1.312	-1.424	-0.860	1.148	1.775	4.730	5.149	-3.181	8.310	4.833	2.236	4.598	5.192	4.909	-3.037	-0.167	3.502	1.780	24	ScrambledCars
-10.896	-15.034	-7.701	-12.533	-7.663	-8.236	-8.039	6.408	8.625	-1.476	6.915	7.818	-6.373	-3.709	-10.944	-15.963	-6.541	6.463	-2.105	-13.364	-7.535	2.925	8.659	3.866	17.025	14.230	1.922	8.499	24	Faces
-0.982	3.991	-4.229	4.127	4.178	-0.636	2.693	-2.794	0.988	1.980	-2.409	-2.075	3.438	-0.505	-3.228	4.028	5.410	-0.909	2.923	2.105	3.156	1.208	-2.951	-1.164	-0.969	0.404	-0.690	-2.546	24	Faces
-0.064	2.504	-8.305	-1.854	4.003	3.072	5.587	-1.852	-3.448	1.923	-0.012	0.615	0.661	-0.063	0.133	2.965	2.700	2.287	3.698	3.881	1.722	3.211	3.145	1.873	1.705	-5.448	-1.419	-2.997	24	Cars
-6.637	-5.724	-1.376	-6.406	-5.310	-2.657	2.954	4.369	4.948	16.851	2.694	3.314	-2.137	-3.764	-9.220	-9.330	-6.714	-2.116	-5.401	-9.718	-7.564	-1.635	0.846	1.438	8.154	9.914	6.215	6.929	24	ScrambledCars
-9.331	-7.310	-7.816	-2.199	2.275	0.275	4.778	4.434	0.023	3.160	-1.552	-2.868	4.288	9.022	-4.518	-3.242	3.045	-4.202	6.631	0.921	4.466	7.180	5.230	3.615	2.089	0.977	1.849	0.764	24	Cars
-11.389	-9.347	-10.526	-11.563	-7.965	-9.894	-6.185	1.688	6.168	4.638	4.884	10.379	2.507	-5.767	-7.942	-11.395	-4.362	-1.465	-2.814	-8.691	-3.826	2.017	6.968	5.055	11.622	21.237	10.831	10.984	24	ScrambledFaces
-13.198	-4.401	-12.354	-8.774	-7.059	-10.090	0.025	1.000	-0.278	2.782	3.913	4.545	4.528	-0.438	-7.406	-9.397	-10.323	-5.890	-1.455	-7.476	-4.953	3.771	10.052	13.293	19.015	20.720	16.372	13.602	24	ScrambledFaces
-2.715	-2.905	-2.523	-2.004	-5.023	-0.248	-4.726	1.303	-1.173	-0.763	7.107	0.447	-1.184	-6.792	1.333	-0.319	2.372	5.620	-0.639	-3.935	-5.717	1.825	0.044	-0.741	5.526	2.717	0.663	0.947	24	Faces
-17.061	-11.778	-11.298	-9.472	-4.777	-4.860	5.159	8.865	17.884	11.276	9.592	15.799	3.001	-2.537	-17.108	-13.045	-13.599	-13.261	-7.247	-8.208	-2.652	0.289	4.246	12.567	17.787	21.928	18.189	16.947	24	ScrambledFaces
4.368	-1.453	7.171	-2.279	2.716	1.374	-0.491	4.452	3.949	0.510	0.582	2.862	-0.091	0.508	-0.532	-2.273	-7.319	-17.483	-4.005	-3.005	2.520	0.049	-3.527	1.851	3.981	1.641	-0.849	3.115	24	Faces
-7.285	-15.751	-5.210	-12.395	-8.332	1.186	2.219	13.772	15.833	8.237	12.310	11.451	-5.718	-9.821	-15.689	-19.915	-18.070	-6.008	-14.523	-23.412	-17.300	-9.120	-4.724	2.673	17.083	21.185	11.262	16.188	24	ScrambledFaces
-11.543	-8.825	-2.585	-4.800	-7.602	-8.211	0.096	4.614	8.523	8.999	15.435	16.961	2.259	0.115	-13.981	-5.498	-8.317	-13.929	-4.848	-10.093	-5.821	-1.473	-2.946	5.066	13.549	17.096	13.439	12.433	24	ScrambledCars
-1.998	-0.636	-1.381	3.230	1.111	2.704	2.510	-2.719	0.719	0.019	3.124	2.424	-3.925	-4.145	-6.409	0.581	-0.346	1.840	-3.647	1.706	-1.036	-1.506	-4.493	2.562	3.317	7.187	1.852	2.458	24	ScrambledCars
-6.228	-1.589	-3.580	-1.354	3.783	2.011	2.641	4.523	7.655	1.855	5.095	2.960	3.464	0.136	-3.210	-6.409	-4.048	-11.393	-2.900	-3.420	-2.380	-0.452	-0.734	2.582	2.997	3.464	1.480	2.386	24	Cars
-7.237	-14.419	-5.342	-15.843	-13.211	-1.018	-4.873	10.032	14.924	2.277	14.526	11.477	-10.409	-8.650	-11.701	-20.015	-12.965	-3.047	-8.947	-17.005	-17.160	-4.064	3.894	-0.714	15.326	15.062	10.232	15.614	24	ScrambledFaces
-11.135	-2.828	-4.305	-1.792	-0.116	2.468	2.146	7.598	3.803	3.121	2.026	2.325	-0.999	4.054	-16.366	-2.830	-5.336	-4.070	-0.712	0.052	2.799	2.727	-0.939	7.222	7.313	13.725	5.689	5.569	24	ScrambledFaces
-12.461	-11.483	-3.507	-9.661	-2.903	-1.030	5.680	5.914	15.262	7.786	10.835	13.911	3.448	-1.587	-12.635	-16.303	-11.895	-6.049	-9.453	-13.244	-6.175	-6.476	-1.111	6.579	9.679	15.105	12.222	14.035	24	ScrambledCars
4.119	1.048	-1.824	-1.366	-0.963	-1.813	-0.183	-1.045	-1.120	0.268	6.263	1.915	-1.900	-6.167	-0.458	-1.871	-3.931	-1.717	-6.604	-3.118	-2.844	-4.240	0.143	2.557	4.485	-1.904	1.800	5.461	24	Faces
-15.387	-10.956	-14.472	-13.615	-5.156	-6.376	4.685	7.967	12.137	9.329	15.835	12.829	7.545	0.017	-14.478	-13.640	-14.204	-13.102	-10.065	-11.655	-9.619	-4.586	-1.398	11.750	16.211	23.501	21.221	20.500	24	ScrambledCars
-7.417	-0.006	-2.465	0.953	-3.152	-5.383	-5.999	-0.816	-3.177	-3.758	-3.131	-0.442	-2.668	3.648	3.986	7.060	5.504	2.746	6.090	7.348	6.761	9.555	6.942	3.001	5.031	-0.983	-0.373	-1.145	24	Cars
-0.211	-4.170	4.522	-2.368	-4.295	-1.881	-3.106	3.483	1.527	1.637	5.736	4.062	-8.423	-12.935	1.642	-8.157	-4.359	-4.166	-5.921	-8.630	-11.726	-4.454	4.321	1.259	5.962	8.308	2.364	8.692	24	Faces
3.704	-2.121	6.509	-6.907	-7.155	-4.061	-2.800	2.725	2.174	-0.160	-1.815	1.240	-14.160	-11.363	1.050	-3.698	-0.497	3.240	-1.832	-7.542	-13.758	-4.345	0.613	-1.592	3.959	3.655	0.247	0.909	24	ScrambledCars
-9.099	0.450	8.121	1.392	-2.427	1.078	-2.858	8.241	13.168	-0.639	6.435	-0.924	-12.821	-7.934	-4.496	-2.597	-1.671	-4.371	-1.247	-8.876	-7.317	-3.990	-7.983	-7.400	3.301	12.753	-0.144	5.897	24	ScrambledCars
-14.750	-13.982	-13.753	-15.240	-14.132	-9.453	-1.417	8.176	13.146	8.386	7.542	14.391	-0.143	-7.833	-8.829	-18.615	-13.134	0.496	-8.360	-16.506	-13.514	-1.598	5.276	7.806	15.976	19.660	15.941	17.502	24	ScrambledFaces
-1.067	-5.226	-7.431	-6.551	-6.955	-6.394	-5.250	-5.707	-1.344	-3.178	-2.192	3.847	3.828	0.394	0.036	-1.935	1.442	7.082	2.333	-1.838	-0.537	3.796	5.164	4.443	6.527	1.034	6.433	7.366	24	Faces
3.664	0.007	2.217	-4.060	-8.680	-10.545	-7.203	-4.935	-7.488	-6.384	0.130	-3.106	-9.630	-7.228	3.338	2.190	1.716	2.125	-1.490	-2.299	-8.922	-4.111	-2.731	-2.670	11.402	7.644	0.255	6.543	24	Faces
-12.824	-7.125	-8.530	-5.182	-2.249	-2.920	3.521	14.423	17.180	4.636	12.010	8.541	-1.509	-7.328	-8.934	-8.898	-10.322	-10.933	-10.740	-8.898	-7.751	-6.894	-8.079	1.907	8.872	15.689	7.177	12.657	24	ScrambledCars
-5.333	-6.688	-5.796	-5.576	-5.185	-2.682	-3.707	0.611	1.917	-0.793	0.009	-0.797	3.387	-1.227	-3.442	-9.324	-4.765	4.632	0.251	-5.221	-2.742	1.796	5.790	5.334	8.707	8.344	4.604	2.843	24	Faces
-2.144	-3.883	-0.945	-7.105	-11.547	-6.539	-6.922	3.451	9.369	-1.592	7.753	2.506	-8.420	-17.139	-1.105	-8.000	-4.306	3.036	-4.908	-9.788	-12.468	-5.548	-0.559	-1.161	10.639	13.011	4.715	9.606	24	Faces
-4.736	-5.731	4.996	-6.514	-6.897	-0.953	-3.580	6.237	7.318	-4.223	5.296	3.873	-10.122	-15.099	-3.142	-11.478	-6.288	0.767	-5.419	-12.564	-15.023	-5.482	5.118	1.331	9.889	16.667	3.651	5.323	24	ScrambledCars
10.226	-4.869	-2.595	-4.459	-4.704	-8.496	-7.011	-6.146	-1.625	-3.082	-5.465	-2.000	-2.874	1.870	4.922	1.278	4.571	5.072	5.976	1.594	4.924	5.589	-2.092	-1.154	0.661	-5.107	-4.777	-5.498	24	Cars
-6.638	-8.070	-3.683	-7.483	-5.606	-4.307	1.220	9.229	15.021	3.498	8.173	6.242	-2.550	0.858	-6.726	-6.773	-2.500	-5.505	-3.006	-8.109	-4.946	-3.174	-1.347	-3.008	3.620	9.383	0.750	4.292	24	Faces
1.295	-0.908	-1.124	-1.792	1.803	3.893	2.107	-2.074	2.066	4.764	2.194	-5.601	6.361	1.259	-3.348	-0.122	1.221	-1.718	3.896	1.458	1.880	4.577	2.177	0.765	-1.300	-6.360	-2.465	-5.714	24	Cars
-9.920	-1.512	-6.230	4.037	7.207	4.227	4.330	-1.013	0.834	-0.931	3.703	2.884	1.805	7.925	-16.892	0.475	-2.430	-8.899	0.750	0.922	6.065	3.470	1.934	3.486	9.895	14.163	8.191	3.676	24	ScrambledFaces
2.544	-2.339	3.342	-3.376	-6.723	-3.012	-3.968	1.414	-0.375	-0.511	-1.658	5.078	-7.105	-7.853	5.090	-3.309	-2.133	4.447	-1.914	-4.649	-7.522	-1.498	-3.951	-2.472	3.033	4.828	1.430	2.396	24	Faces
-5.409	-10.648	-3.478	-13.551	-9.115	-7.747	-5.663	3.911	6.704	5.104	5.777	13.307	-4.523	-8.346	1.695	-15.642	-9.442	-3.541	-7.902	-14.018	-9.117	-2.581	4.316	5.598	10.426	15.841	6.053	10.530	24	Faces
