FP1	F3	F7	FC3	C3	C5	P3	P7	PO7	PO3	O1	Oz	Pz	CPz	FP2	Fz	F4	F8	FC4	FCz	Cz	C4	C6	P4	P8	PO8	PO4	O2	ID	Condition
0.956	-20.271	-18.962	-9.569	2.858	-6.736	13.567	-0.154	2.392	10.444	12.180	12.497	12.556	4.336	-30.550	-10.725	-3.473	16.505	-7.060	-4.518	-2.410	-2.552	-5.521	17.948	7.195	18.402	13.718	13.358	25	Faces
-10.687	-7.719	-18.513	-6.011	-6.850	-7.274	-0.583	5.414	3.827	-1.967	7.895	2.193	5.965	1.416	-18.128	-0.095	-7.627	-16.276	-0.281	1.725	6.984	3.438	4.843	7.909	13.661	18.080	7.234	4.043	25	Faces
-27.641	-5.700	0.189	-11.088	-1.571	3.815	4.612	12.367	16.806	8.417	14.679	7.712	-1.156	-2.568	-14.758	-7.844	-7.144	0.412	-6.328	-7.483	-3.811	-2.461	1.907	-0.814	9.479	7.944	1.176	5.962	25	ScrambledFaces
22.149	7.255	-3.071	-4.126	-2.880	-9.377	2.554	-3.267	8.328	5.434	11.643	5.973	2.869	3.739	-10.586	-5.187	-4.882	-7.015	-2.911	-3.199	-0.548	-2.222	-6.545	-2.330	-1.957	3.057	-0.308	3.482	25	Cars
-9.187	-6.877	4.107	-7.085	-10.300	-7.055	-5.342	-0.196	5.228	-4.715	-5.125	-5.594	-6.308	-0.909	6.900	5.740	6.779	4.282	6.396	-0.420	-2.946	3.307	-1.975	-2.557	5.614	6.613	0.128	4.706	25	ScrambledFaces
15.039	-2.770	-13.185	-1.694	3.265	6.032	9.502	6.575	10.194	11.544	8.238	12.079	3.988	0.689	-14.263	-10.830	-16.537	-15.054	-10.695	-9.820	-0.365	-7.501	-3.450	-0.217	6.282	14.375	12.349	14.713	25	Faces
-23.920	-17.285	-11.875	-4.643	4.850	9.810	16.492	28.362	25.434	12.305	23.148	9.997	-9.035	-16.530	-21.022	-19.024	-19.118	-20.342	-6.696	-17.456	-18.827	-4.953	5.049	-2.658	22.372	20.906	5.326	10.763	25	ScrambledCars
-27.261	-9.939	-13.722	3.016	6.035	-6.219	5.427	-0.457	2.056	2.855	10.762	-0.303	10.819	8.397	-15.403	-1.815	-6.558	-4.193	-1.922	2.503	5.214	9.553	8.003	17.686	2.377	6.480	2.386	5.516	25	ScrambledCars
-23.484	-8.800	-0.446	-8.462	-2.300	-1.326	-8.910	1.201	6.528	-4.698	4.512	2.801	-1.001	-1.517	0.162	-9.111	-9.504	-7.584	-6.634	1.675	-1.369	-3.465	-1.756	13.573	5.498	21.692	4.684	7.499	25	Cars
17.196	0.901	1.789	-7.310	-0.235	-11.823	-10.573	-1.136	0.728	-4.150	4.436	-1.255	-8.693	-0.444	6.622	5.863	3.019	-9.380	-1.060	4.625	-1.742	-11.659	-8.816	-8.203	-4.590	-0.146	-4.561	-3.763	25	ScrambledCars
5.001	2.544	-1.684	-2.259	1.941	-3.763	9.037	-6.499	4.351	6.575	0.933	3.315	12.257	7.932	-6.077	-0.072	-4.704	-15.579	-5.094	-2.820	3.401	-2.749	-3.558	2.565	1.481	6.574	7.502	3.634	25	Faces
10.823	7.029	3.084	2.710	-8.148	-5.824	-3.601	2.456	0.309	-4.539	-3.047	-0.596	-15.795	-14.214	10.887	0.468	-4.419	-0.615	-7.642	-1.371	-4.329	-10.561	-8.784	-7.710	10.502	6.595	2.152	6.663	25	ScrambledCars
14.439	5.452	0.723	4.420	-1.003	12.332	0.456	-3.208	-5.923	-1.805	-3.552	-1.676	-2.855	2.145	1.995	6.354	5.034	4.568	2.065	9.538	5.593	-2.862	-5.594	-14.957	-10.546	-18.353	-8.658	-8.889	25	Faces
-29.161	-16.941	-24.124	-12.230	2.761	-10.935	10.340	5.687	5.923	7.407	14.997	14.090	12.764	1.722	-24.047	-19.275	-0.611	-3.397	1.540	-4.352	-5.506	4.912	9.348	14.132	21.303	19.149	14.367	20.571	25	ScrambledFaces
-15.921	-5.454	-10.985	-0.510	-2.487	-9.709	1.217	-3.850	3.154	6.656	3.329	6.067	14.554	10.825	-5.660	-10.073	0.757	-0.314	4.039	-2.460	-6.631	8.553	3.929	14.573	6.018	12.175	10.674	10.946	25	Faces
6.240	-9.240	-1.906	-9.287	-10.500	-5.536	-9.263	6.250	6.823	-2.513	10.308	4.021	-16.325	-16.222	-21.725	-5.268	-3.157	-3.649	-1.606	-11.746	-8.128	-5.822	-7.366	-5.675	0.924	5.413	-4.396	11.308	25	ScrambledCars
-28.326	-1.414	-6.945	-11.125	-1.860	-3.757	7.599	10.294	18.924	11.823	15.558	11.529	6.232	0.787	-13.031	-7.542	-15.395	-8.410	-13.082	-6.506	-2.774	-0.956	0.867	1.921	13.623	18.854	8.162	8.587	25	ScrambledFaces
-9.896	-11.252	-10.259	-6.676	-13.057	-9.529	-3.205	0.141	16.791	-1.049	11.658	10.567	0.402	3.461	-19.660	-0.816	1.098	-9.111	2.172	2.361	3.752	6.151	6.374	2.689	13.776	11.558	5.963	14.162	25	Faces
2.962	-10.653	-14.527	-1.001	-4.573	-8.917	-0.728	1.446	9.379	4.685	16.141	14.588	0.920	-0.839	-4.107	-2.429	-5.966	-33.426	-0.771	0.464	-7.507	1.480	0.182	-0.489	8.277	11.231	12.152	17.046	25	Faces
-10.781	-8.447	-19.373	-1.940	5.472	8.184	18.445	17.868	27.268	27.516	32.408	23.986	7.394	-0.218	-41.643	-12.303	-26.124	-3.792	-19.268	-7.017	-5.339	-11.026	-9.439	-0.532	9.959	31.703	11.904	29.723	25	Cars
-7.388	-11.280	-18.374	-13.815	-0.368	-10.343	9.280	11.470	19.596	13.285	14.747	9.283	10.634	3.603	-27.283	-13.897	-12.747	-5.976	-4.729	-8.180	-6.113	1.966	1.811	13.599	7.601	23.422	15.626	14.519	25	ScrambledCars
13.164	0.955	7.459	1.615	-11.113	-10.374	-16.594	-9.706	-1.186	-11.791	-3.128	-7.055	-7.849	-0.436	-0.590	5.642	7.322	12.627	7.739	5.544	6.360	4.046	3.104	0.122	-1.731	3.237	-4.719	-6.420	25	ScrambledFaces
-24.237	-22.473	-27.000	-12.224	2.389	-3.865	23.420	21.001	34.349	28.605	34.604	28.930	15.548	7.805	-37.931	-20.925	-26.309	-39.571	-19.970	-15.651	-1.478	-2.164	-1.366	18.865	17.994	37.024	27.501	27.015	25	ScrambledFaces
3.403	8.635	1.901	3.377	-7.660	-2.976	-9.310	-10.449	-2.199	-8.187	-2.953	-2.705	-5.850	-2.921	4.386	6.139	8.318	9.255	0.215	2.672	0.598	3.108	-0.488	-4.696	-6.886	4.406	-3.431	1.031	25	Faces
-10.574	-21.083	-15.456	-12.529	0.754	-8.166	11.634	20.909	22.802	16.940	24.421	15.547	10.516	0.910	-21.345	-21.439	-16.309	-33.936	-12.637	-9.304	-7.184	-1.076	1.425	8.226	17.506	13.081	17.506	13.533	25	Cars
20.778	9.753	1.852	10.947	9.736	15.242	2.581	-5.804	-11.474	-5.513	-5.106	-5.132	-4.929	3.961	6.170	10.635	-0.898	9.585	2.768	5.878	9.360	10.584	6.339	-6.798	-11.669	-5.859	-7.735	-0.173	25	ScrambledCars
9.449	12.835	-3.486	7.054	-2.187	-1.865	4.643	-13.956	-15.517	-1.507	-4.556	0.041	6.971	10.430	-4.616	5.725	3.682	12.309	7.990	7.136	7.270	7.708	1.823	4.181	-5.708	0.171	-1.630	1.850	25	ScrambledFaces
4.883	2.019	1.594	5.407	1.344	-6.990	-1.453	-4.743	4.538	-0.914	10.080	5.106	-8.684	-7.950	-6.609	4.873	-0.833	-7.451	1.647	0.446	0.280	2.038	-1.493	5.325	-1.215	8.996	0.712	2.612	25	ScrambledFaces
7.449	-13.092	5.107	-8.699	1.361	2.685	-5.249	6.384	10.441	-1.476	6.752	2.644	-5.559	-1.771	-5.910	-6.212	-10.728	-12.524	-5.503	-2.587	1.728	-2.589	3.619	3.462	1.624	7.775	-1.442	3.372	25	ScrambledCars
-1.857	-13.933	-8.739	-7.282	-5.490	-2.212	3.146	-9.832	-4.182	8.478	5.571	5.384	18.347	16.645	-3.640	-0.757	-2.360	4.847	-3.675	0.195	-0.417	8.190	5.449	13.438	1.020	3.262	12.369	8.416	25	Cars
6.906	3.102	11.500	7.790	2.423	5.854	-6.139	7.587	7.362	-2.484	0.243	-6.114	-11.578	-3.950	-1.815	4.038	8.917	1.248	2.738	4.338	5.464	-6.604	-9.310	-21.853	-10.613	-8.261	-15.782	-7.119	25	ScrambledFaces
-5.255	2.511	-0.733	-2.988	-0.639	-7.625	0.188	5.559	2.171	0.213	4.232	-3.505	4.464	2.776	-5.333	-5.245	-11.046	-1.460	3.151	-5.363	-9.170	0.873	0.178	4.643	8.405	10.842	2.556	4.614	25	Faces
-25.552	-10.260	-1.618	-12.813	-21.559	-19.738	-8.272	2.412	6.965	3.946	16.254	20.914	-2.311	-7.325	5.071	-13.754	-13.314	-5.361	-10.814	-15.422	-11.800	-2.166	-0.584	8.220	12.463	27.371	15.055	23.135	25	Cars
-1.033	3.526	9.306	4.332	-8.867	-5.875	-5.406	-7.812	-0.775	0.500	-1.702	0.457	-11.519	-7.288	13.619	5.216	12.435	-20.546	8.711	3.581	-2.988	2.206	9.407	-7.304	-1.168	1.026	-10.291	-5.178	25	ScrambledCars
-8.484	-12.986	-11.980	-8.456	-3.441	-1.736	8.508	18.051	23.693	15.034	28.422	19.256	5.802	-2.983	-25.049	-12.782	-13.455	-19.525	-12.085	-9.963	-1.466	-7.899	1.320	4.901	15.235	11.991	12.596	15.950	25	ScrambledFaces
-8.055	-9.215	-13.135	-8.075	-2.029	5.265	15.378	14.310	25.070	15.547	22.936	15.767	21.154	17.244	-17.091	-9.968	-54.448	-12.742	-18.229	-7.062	9.199	-10.547	-12.876	9.258	0.836	12.073	11.115	15.302	25	ScrambledCars
-15.039	-2.079	-3.809	-4.099	-5.965	-3.659	-2.316	8.185	13.891	1.673	6.930	6.494	-14.328	-12.826	7.611	-3.990	-0.535	-8.338	-3.218	-3.952	-13.347	-3.125	-2.464	-7.780	4.210	14.502	-3.463	6.740	25	ScrambledCars
55.361	25.663	28.766	18.060	5.161	5.043	-16.982	7.036	-13.872	-14.906	-11.854	-21.542	-19.457	-7.510	30.622	21.361	23.502	20.433	13.078	14.292	5.630	-10.700	-13.607	-40.738	-39.183	-45.282	-38.278	-31.938	25	Cars
-2.858	-4.855	9.256	2.020	-2.780	9.858	-3.818	15.860	17.784	-1.988	7.309	-8.947	-28.850	-21.226	-6.013	-11.280	-4.928	5.869	-9.582	-12.614	-16.984	-16.283	-3.543	-16.526	5.204	2.139	-20.352	-12.367	25	ScrambledFaces
-6.399	3.290	2.649	3.355	-2.170	1.236	-0.579	-0.376	-0.868	-2.354	-0.123	-3.277	-4.030	-5.179	2.322	4.782	10.968	5.989	-1.664	-1.522	-7.362	-1.035	6.093	-1.403	1.425	-0.888	-0.032	-1.669	25	ScrambledFaces
-16.934	6.662	-10.722	7.129	2.903	-1.490	13.197	-0.808	6.692	10.916	10.439	7.497	16.124	12.504	-10.312	2.826	-3.306	-5.872	4.629	10.422	17.310	2.501	-8.876	4.744	-6.423	-3.634	7.689	0.681	25	ScrambledCars
2.219	-1.070	-3.825	0.428	2.144	2.453	3.542	-0.584	6.148	6.686	9.153	7.701	2.290	2.124	-12.202	-2.041	0.949	0.128	-3.070	3.061	2.140	-5.654	-9.144	-3.890	-4.181	1.357	-3.342	1.809	25	ScrambledCars
-25.973	-10.763	-18.495	-10.094	-2.244	-8.553	8.559	7.382	16.194	6.743	12.206	5.192	9.303	11.084	-16.480	-8.785	-7.783	-3.440	-3.027	2.871	10.131	2.158	0.601	14.098	8.493	11.765	6.900	5.773	25	ScrambledFaces
-6.276	-12.617	0.536	-7.769	-5.327	6.595	6.181	-0.289	4.940	8.864	7.589	8.163	15.761	7.020	-6.570	-7.336	-3.334	-0.575	-0.026	-5.660	-6.561	-2.895	-6.908	-1.835	-1.009	9.022	13.813	10.878	25	ScrambledFaces
-32.665	-21.462	-15.165	-13.993	-13.633	-14.350	8.652	1.606	8.732	17.742	20.554	22.223	22.012	10.515	-13.447	-12.147	-4.012	-11.098	3.168	-5.952	2.784	9.283	6.639	19.351	11.729	29.828	27.423	25.386	25	ScrambledFaces
7.951	-8.340	-9.048	-5.463	7.782	-2.808	8.208	-5.385	-0.073	7.661	4.850	7.694	15.494	11.583	-26.917	-5.945	-3.796	-11.587	1.397	-2.401	2.082	4.080	4.914	9.910	6.743	16.133	13.982	14.640	25	ScrambledFaces
-10.720	6.040	-1.706	6.179	-6.381	2.948	-2.440	9.987	12.450	0.874	7.560	3.530	-12.647	-10.587	-3.436	-5.084	0.740	1.303	-4.465	-4.693	-3.840	-4.021	-5.391	-6.676	0.570	4.654	-1.495	-1.795	25	Cars
-4.346	6.138	0.810	8.090	-2.971	1.005	-4.156	4.865	13.914	0.080	15.839	19.331	-17.097	-15.887	-0.826	0.259	-10.082	-12.460	-6.773	-4.041	-9.607	-16.261	-20.466	-20.413	4.623	17.603	-0.290	18.535	25	ScrambledFaces
-12.499	-11.664	-1.759	-10.716	3.779	-7.106	6.356	11.983	19.729	11.687	15.379	10.037	9.751	5.160	-4.480	-10.108	-13.202	-20.774	-6.094	-9.794	-11.169	4.217	-2.760	12.088	7.791	13.559	6.552	18.606	25	ScrambledCars
-8.887	-11.304	-14.973	-7.790	3.847	8.841	9.258	3.229	12.076	12.121	15.943	9.560	17.492	11.293	-15.317	-1.429	-7.691	2.029	-1.507	3.258	9.981	2.528	0.557	8.901	-6.321	2.083	1.995	7.111	25	Cars
1.446	2.018	7.075	-0.616	3.241	11.641	4.538	12.871	17.304	9.998	16.338	9.830	-8.368	-7.165	-3.320	-10.615	-11.454	-13.902	-8.251	-7.849	-12.799	-11.831	-7.837	-6.999	-0.645	2.934	-0.252	5.378	25	ScrambledFaces
-7.726	-2.605	-1.666	-6.069	-3.632	-1.224	6.206	12.792	16.183	8.308	14.254	10.410	-5.361	-6.713	-4.548	-1.743	1.162	-1.995	-7.597	-2.772	-3.495	-19.286	-16.629	-18.553	-0.735	7.347	-0.480	9.054	25	ScrambledFaces
5.619	13.214	16.781	10.402	0.496	1.045	-2.612	-2.313	-1.891	-1.894	1.413	1.256	-3.095	3.163	22.398	2.033	-2.481	-0.145	-2.191	3.448	2.718	-1.197	-9.831	-8.713	-10.896	-16.758	-6.239	-5.984	25	Faces
-1.893	-10.602	-9.026	-7.337	-2.384	-6.499	10.536	14.310	18.259	14.173	18.265	17.299	-3.637	-14.924	-17.954	-11.181	-10.635	-4.551	-6.673	-13.085	-13.683	-0.606	-8.538	-7.951	7.799	6.745	2.548	11.956	25	ScrambledCars
-1.538	-7.865	-8.853	-10.092	12.516	-6.475	14.387	4.881	15.411	20.481	20.865	17.477	20.223	14.120	-18.378	-8.709	-19.350	-14.899	-8.553	-5.739	4.327	-1.810	-7.139	10.433	4.595	12.400	16.335	18.259	25	Cars
-5.640	-18.803	-18.134	-18.864	-12.263	-11.308	8.318	13.134	20.756	12.244	15.918	14.887	7.671	-3.509	-22.364	-17.531	-10.544	-10.868	-13.431	-13.097	-15.018	1.054	-0.764	18.316	20.906	27.745	18.718	18.653	25	ScrambledCars
-9.301	-7.009	-1.848	1.791	-1.604	-2.242	9.214	4.308	7.624	9.865	11.230	4.796	11.506	5.006	-3.298	-7.005	-15.491	0.996	-8.443	-5.298	-4.059	-6.722	-4.178	10.118	1.835	8.251	4.058	4.385	25	Cars
9.526	8.361	-16.272	3.484	-7.167	-5.480	5.801	5.189	13.983	7.965	13.282	5.747	1.187	3.689	-24.442	-0.688	-1.764	0.280	-1.478	2.272	4.183	0.946	-1.186	5.340	7.320	1.383	3.312	-2.092	25	ScrambledCars
-17.158	-8.670	-10.361	-7.500	0.987	-5.966	6.521	15.772	26.287	9.330	21.394	16.049	4.071	-0.855	-19.309	-21.871	-21.801	-15.371	-11.811	-13.991	-9.794	-7.043	-7.635	6.788	16.138	17.562	14.047	19.619	25	ScrambledFaces
-1.981	-20.095	-10.758	-18.730	-12.395	-11.934	3.842	18.568	19.012	12.021	22.393	18.316	0.982	0.347	-15.343	-17.558	-12.418	-15.420	-9.509	-9.794	3.473	-3.577	-6.179	1.436	5.147	11.210	3.297	15.461	25	ScrambledFaces
-0.250	12.332	3.632	12.632	8.581	6.384	-2.295	-4.876	-7.258	-1.467	-1.579	-12.999	-4.188	4.769	12.435	12.967	6.532	6.634	8.630	13.174	11.770	9.053	-5.262	1.337	-25.717	-27.506	-18.820	-19.091	25	Cars
-16.563	0.157	0.557	-0.692	-2.391	0.091	1.506	13.264	19.904	7.155	13.952	8.504	-6.720	-9.737	-0.428	0.013	-6.370	-15.966	-12.462	-5.613	-6.822	-11.838	-13.177	-11.880	-1.124	6.572	-5.987	-0.587	25	ScrambledFaces
-26.194	-5.092	1.677	-8.645	-9.570	-8.258	5.097	6.968	13.309	10.759	12.038	10.555	5.583	1.686	-12.980	-13.503	-9.968	-0.541	-9.969	-3.366	-2.266	-0.244	0.885	6.168	12.693	12.393	11.779	10.125	25	ScrambledCars
13.512	19.061	16.765	9.759	0.694	4.318	-2.924	5.190	5.858	-8.307	-3.507	-7.377	-17.650	-12.894	9.342	7.557	4.572	5.501	-6.522	1.322	-7.498	-12.120	-15.836	-29.025	-6.295	-16.979	-23.207	-9.650	25	ScrambledFaces
-7.394	-4.656	-7.681	3.143	10.049	9.948	11.625	14.208	17.566	11.043	6.482	-1.810	5.582	8.750	-4.991	-4.233	-6.718	-3.645	-4.598	-4.577	1.744	0.118	0.587	-6.881	-4.446	-8.583	-5.623	-4.250	25	ScrambledCars
12.820	-9.383	3.787	-4.567	-4.862	0.503	-0.296	7.081	3.997	-0.393	1.275	-1.420	-7.174	3.945	-5.237	1.223	-0.951	-11.832	0.836	2.966	4.832	1.962	4.943	-3.871	2.636	4.838	-4.788	0.412	25	Cars
-2.174	1.131	-1.478	2.056	0.021	-3.990	-0.192	-0.994	-3.505	1.655	1.578	2.275	6.404	9.636	17.418	0.113	-13.111	-5.743	-2.857	5.789	9.947	0.032	-5.272	1.563	-13.533	-4.148	-2.824	-4.373	25	ScrambledFaces
7.999	-0.078	-8.327	-4.178	4.506	-4.071	1.318	-2.971	-0.516	5.998	6.591	4.493	14.076	11.683	-8.664	10.777	5.774	1.981	5.224	9.322	8.256	8.266	5.777	14.165	-3.247	-1.296	9.913	3.433	25	Cars
28.886	4.618	10.520	-3.041	1.307	-17.945	5.981	-8.824	1.441	4.870	4.721	3.362	3.517	0.639	2.472	-3.356	3.527	-17.460	-4.052	-3.229	-1.073	-11.847	-8.802	-6.858	-8.347	-4.103	-1.287	-0.351	25	Faces
16.105	-15.051	7.118	-4.589	-10.146	-0.594	0.443	10.819	9.457	0.644	10.229	4.568	-7.238	-6.720	-6.406	-5.563	-18.544	7.287	-5.651	-12.063	-6.266	-0.102	2.372	-0.497	7.619	9.991	-1.129	2.311	25	Cars
1.732	-12.362	-6.405	-11.668	-7.718	-2.644	-0.332	7.730	16.975	9.087	21.039	15.727	-1.199	-13.262	-13.129	-21.307	-14.613	-14.265	-13.970	-15.096	-18.724	-5.048	1.704	6.263	12.074	14.139	17.248	16.304	25	Cars
-7.726	-4.731	20.051	-6.935	-7.514	-6.102	4.266	-0.814	9.153	13.220	10.126	6.600	-1.661	-10.710	10.546	-10.761	-1.512	16.506	-3.076	-7.849	-6.867	-0.402	12.895	7.710	1.548	1.613	10.657	4.366	25	Cars
-18.219	-12.698	-11.219	-11.149	-6.952	-3.417	5.014	1.789	9.156	5.395	10.777	10.629	9.107	4.837	-9.414	-7.961	-10.778	-7.746	-2.428	-7.036	0.705	7.050	5.151	12.556	16.941	24.257	20.245	14.795	25	Cars
-30.350	-15.457	-11.263	-10.086	-2.258	-1.714	13.558	16.958	27.529	17.805	25.729	21.255	16.721	2.265	-19.068	-18.491	-20.631	-12.414	-11.890	-13.563	-6.645	1.679	-2.374	15.591	14.115	24.444	17.191	21.189	25	Faces
14.684	7.478	12.510	6.085	7.630	3.432	-11.438	-13.263	-17.315	-13.670	-20.187	-16.553	2.281	15.267	11.418	15.645	12.171	12.873	16.633	10.520	20.618	11.592	-0.431	-0.570	-14.746	-20.170	-10.605	-18.674	25	Cars
4.950	-1.464	1.555	-7.456	-2.235	1.035	-4.766	7.686	8.700	-3.533	3.902	-1.185	-6.462	-11.845	3.224	-6.412	-9.146	-1.922	-10.347	-3.625	-11.493	-12.237	-2.409	-6.588	-0.820	2.589	-3.262	-0.575	25	ScrambledCars
-11.385	8.415	3.945	11.443	14.248	5.620	11.799	2.181	-0.058	3.180	-2.616	-4.393	10.493	15.857	20.706	15.892	5.003	0.652	5.832	14.794	22.756	4.966	-8.108	-12.283	-32.335	-23.597	-8.291	-16.741	25	ScrambledFaces
-9.380	5.548	11.849	11.797	6.758	8.559	-6.223	-3.959	-5.330	-10.608	-8.129	-13.790	-16.195	2.595	15.011	6.394	7.163	10.569	11.086	9.389	9.971	7.252	11.035	-10.503	-10.528	-16.768	-18.159	-14.670	25	Faces
-13.214	-5.342	1.590	2.119	4.136	2.616	0.652	2.194	5.385	6.214	-0.168	1.248	5.228	2.170	7.103	-2.903	-6.941	-1.268	-3.221	-2.063	1.880	-2.208	1.335	3.901	-4.724	-8.385	6.315	1.755	25	Cars
-6.856	-11.300	-5.499	-2.815	-1.413	-1.693	5.185	6.929	6.097	10.224	6.858	8.705	15.571	6.380	-14.851	-14.870	-5.181	3.202	-9.808	-7.229	-2.803	0.027	0.866	18.685	12.318	16.888	16.524	16.354	25	ScrambledCars
3.500	8.231	-5.925	8.233	5.061	-9.638	0.037	-3.301	-4.045	3.072	1.909	3.983	-5.583	-3.431	-3.744	6.672	16.654	-12.265	4.127	7.053	4.616	3.129	0.484	-1.862	6.318	12.845	1.844	6.217	25	ScrambledFaces
-17.643	-10.021	9.188	-3.698	2.849	19.023	1.673	10.191	17.025	9.616	17.511	8.470	-2.694	-6.923	-7.091	-13.518	-6.914	-9.510	-6.503	-11.138	-8.400	0.583	-0.930	1.200	-4.844	-1.290	-7.126	2.820	25	Faces
4.059	-10.128	-12.615	-12.512	-6.689	-8.238	21.855	26.077	36.790	23.808	35.591	23.401	3.818	-4.195	-10.220	-13.065	-20.825	-10.027	-15.960	-7.926	-7.068	-17.964	-17.032	-10.039	-13.451	1.338	-1.380	9.018	25	Faces
2.917	1.777	-4.209	-5.279	-2.243	-2.139	8.239	-9.802	-7.417	2.937	5.793	0.024	10.746	13.332	6.291	8.102	6.712	-6.160	8.249	11.882	10.918	7.184	2.222	4.098	-20.860	-14.359	1.105	-4.565	25	Cars
-16.532	-5.517	-13.464	-3.168	-4.471	-10.436	9.063	5.404	10.011	10.562	13.225	12.347	14.900	5.487	-11.617	-2.387	-10.583	-5.966	-5.121	-1.956	0.242	-1.871	-0.698	18.326	15.261	26.644	25.580	16.955	25	ScrambledCars
-2.362	3.675	-0.460	5.895	1.014	-2.366	3.390	6.827	8.095	0.866	4.848	0.204	0.647	1.924	4.667	4.588	-0.103	-13.637	2.230	6.882	4.618	0.050	-0.940	0.129	2.487	2.568	-3.808	-2.641	25	ScrambledCars
9.557	8.078	6.322	0.068	3.502	4.158	3.766	9.521	6.671	3.499	5.473	-5.100	-0.381	1.523	1.644	6.941	2.164	-0.785	0.017	4.021	2.163	3.261	-6.910	-14.233	-16.215	-24.653	-11.307	-12.768	25	Faces
11.797	17.472	17.634	9.891	-7.112	5.076	-15.101	-0.323	0.212	-16.086	-0.462	-4.894	-32.566	-19.318	13.515	13.081	55.750	4.259	4.404	4.598	-3.389	-6.109	-4.729	-33.435	-13.233	-16.663	-25.989	-14.352	25	ScrambledFaces
2.422	-10.678	-15.822	-5.498	-6.972	-14.299	2.949	10.340	18.209	8.025	19.693	12.580	-2.283	-6.238	-20.850	-1.540	-4.789	-12.154	-5.663	-0.874	2.618	-1.389	-4.708	2.156	9.418	22.432	10.810	17.173	25	ScrambledCars
9.584	0.411	-7.468	2.640	9.503	0.946	6.405	0.364	3.887	7.236	6.916	-0.635	4.758	4.861	-14.792	-0.564	-1.597	-13.551	3.009	4.009	2.728	2.918	2.873	1.355	7.845	8.161	3.509	3.901	25	Cars
-31.361	-11.081	-5.980	0.374	1.901	6.605	6.761	8.924	5.813	2.327	6.433	3.811	-1.026	0.118	-1.965	-5.328	-11.071	-9.096	0.795	-3.370	-0.225	4.405	2.499	8.095	3.822	11.841	3.163	4.922	25	ScrambledCars
-1.628	4.823	3.598	3.988	2.178	-2.090	1.148	-2.414	-3.147	-0.971	-3.899	-3.878	3.319	3.966	8.230	6.646	4.768	6.049	5.998	8.344	8.696	-1.868	-3.868	-2.180	-11.329	-6.510	-2.293	-6.421	25	Cars
48.826	16.931	35.501	3.598	-4.471	9.581	-14.497	0.540	-3.731	-17.537	-9.859	-13.294	-21.919	-10.771	24.765	9.215	8.785	16.205	2.937	3.890	3.836	-14.704	-8.521	-30.758	-25.994	-23.184	-27.958	-16.710	25	Faces
-2.886	6.203	4.457	-0.618	7.596	6.636	-1.121	0.413	0.270	-7.465	2.249	1.285	-8.549	-4.195	9.033	3.792	4.984	6.659	6.577	5.541	5.951	-5.005	0.247	-6.654	-12.715	-16.201	-5.651	-3.273	25	Faces
-15.855	-3.787	-6.204	2.003	0.386	5.424	9.996	12.546	15.590	14.596	14.956	9.917	8.216	4.681	-12.470	-3.976	-3.940	-13.866	-3.632	-3.686	-4.779	4.415	-5.299	5.508	7.055	11.460	10.876	6.850	25	Cars
-25.330	0.490	-14.347	-2.848	2.867	-2.635	4.641	7.201	14.609	12.012	9.015	10.436	-0.852	-4.854	-4.119	-2.425	-13.581	-24.591	0.624	-2.845	-0.776	-6.986	-1.135	6.348	19.477	22.015	8.141	16.265	25	ScrambledFaces
-0.856	-10.759	-7.833	-11.175	-2.168	-1.951	2.903	9.679	12.404	7.677	11.192	15.203	-7.044	-13.510	-10.573	-16.901	-12.522	-7.800	-10.497	-11.590	-14.229	-7.056	3.279	1.530	11.365	12.759	11.271	13.320	25	ScrambledFaces
-38.400	-23.732	-11.893	-13.487	-19.438	-14.656	3.624	8.718	27.064	22.040	38.982	38.260	-0.655	-14.803	-18.887	-21.815	-19.389	-12.688	-19.915	-24.148	-20.314	-13.396	-7.490	7.690	20.872	40.788	26.332	40.611	25	ScrambledCars
-29.302	-12.234	-6.855	2.780	-2.097	-8.024	7.323	7.578	11.151	6.115	16.834	12.322	-1.063	-6.556	-6.768	-9.281	1.789	1.142	-2.431	-5.490	-13.349	-6.527	2.056	-6.309	10.786	9.237	3.198	12.561	25	ScrambledFaces
-8.863	-4.099	-5.263	-6.893	-3.755	-13.491	9.567	-1.050	8.499	10.700	7.749	9.321	18.639	14.891	-6.755	-0.999	-7.890	-18.782	-3.331	4.588	8.108	6.563	-0.048	8.893	8.356	11.235	11.033	7.834	25	Faces
-20.985	-6.951	-8.167	6.400	-1.599	4.889	7.838	10.494	20.479	13.736	14.865	12.702	7.910	0.425	-18.157	-4.485	-10.016	-7.142	-6.537	-1.597	3.435	-5.565	-14.154	0.234	15.474	20.012	14.164	20.545	25	ScrambledFaces
18.614	-2.632	-4.786	0.150	3.694	-8.673	-1.774	2.284	-1.169	1.048	-4.246	-6.781	-0.536	4.465	-3.920	-0.306	-2.810	-1.858	-5.165	-3.436	6.071	2.040	3.751	-3.852	-1.513	-1.303	-2.820	-7.705	25	Cars
-20.408	-21.895	-22.652	-15.175	-6.180	-7.522	8.075	22.007	28.530	17.106	30.433	24.966	-0.690	-10.279	-28.708	-19.383	-11.098	-31.315	-20.406	-14.591	-13.015	-8.366	-3.162	5.488	19.021	28.981	16.667	24.593	25	ScrambledCars
5.142	4.709	5.119	4.776	3.094	4.702	0.989	-5.393	-7.357	-6.446	-12.024	-8.490	3.394	8.137	14.095	12.847	18.548	0.503	14.741	11.687	3.855	9.264	6.084	-2.193	-10.990	-9.759	-14.612	-15.920	25	Cars
24.092	15.310	19.284	9.918	6.314	6.993	-5.315	-21.458	-21.842	-9.613	-12.075	-17.842	1.077	13.372	24.961	19.793	12.896	10.136	12.561	14.753	18.046	9.037	-0.330	-8.408	-27.680	-30.120	-13.927	-23.988	25	Cars
1.699	-4.645	-8.807	-4.410	10.995	7.284	12.054	-0.821	-2.094	2.349	-4.891	-6.632	-1.468	3.500	-12.611	5.772	-0.969	4.652	11.313	7.673	1.946	9.617	10.105	4.317	-8.440	-1.972	-9.260	-3.819	25	Cars
11.124	7.641	9.129	9.732	-11.046	0.255	-16.798	-4.230	0.388	-17.845	-12.643	-15.040	-21.798	-16.196	13.374	10.236	-1.655	15.431	-2.091	6.375	0.944	-10.319	-7.161	-5.693	1.929	-8.255	-10.678	-7.924	25	Faces
19.077	20.629	15.910	14.260	14.003	0.486	-12.459	-17.757	-17.000	-15.729	-20.959	-20.537	-5.696	12.660	16.811	17.703	16.053	13.370	12.833	19.359	20.969	14.376	13.226	-10.503	-16.201	-26.237	-13.149	-20.384	25	Cars
-6.602	1.874	-2.654	-0.459	-2.355	0.755	-1.878	-2.086	3.660	4.012	6.280	4.357	0.359	-1.676	3.697	1.298	11.243	-7.060	0.907	1.707	9.548	-6.449	-0.376	-12.508	-14.957	-4.559	1.240	1.842	25	Faces
14.218	14.554	11.230	20.564	3.692	2.300	-10.818	-4.848	-1.018	-8.738	7.633	-1.885	-11.755	1.754	7.027	9.408	9.815	-3.235	6.855	12.354	13.912	-4.396	-12.522	-19.997	-17.199	-12.732	-17.986	-12.197	25	Cars
-13.690	-4.900	-9.125	-14.130	-15.691	-8.629	12.173	2.990	8.569	15.885	14.927	15.593	13.244	0.773	-23.635	-10.426	-8.072	-14.715	-9.653	-7.278	-5.529	-0.016	3.652	15.727	13.668	24.703	22.588	19.813	25	Cars
-6.051	-1.111	-4.312	-0.436	-1.948	-8.870	-10.126	-8.679	-8.595	-12.138	-6.099	-7.873	-1.477	7.491	3.068	5.133	10.512	5.471	7.846	14.960	16.401	16.685	12.610	1.021	-1.503	-0.568	-7.772	-11.019	25	ScrambledFaces
-8.640	6.202	10.247	9.575	2.864	7.753	0.221	9.706	9.366	-1.290	1.318	0.172	-9.513	-13.489	11.060	-0.168	-1.653	-2.772	-5.207	-7.680	-10.901	-16.128	-7.893	-18.627	-2.149	-1.078	-7.510	-0.692	25	ScrambledFaces
-11.334	-12.787	6.630	-4.176	0.165	0.950	-3.715	15.117	16.844	-3.073	6.608	-4.320	-13.736	-14.780	1.204	-7.557	-8.307	-8.886	-12.716	-5.826	-9.833	-10.954	-7.512	-21.603	9.339	3.203	-8.231	-1.506	25	ScrambledCars
1.835	0.613	4.008	1.692	3.476	4.367	-1.992	6.219	9.880	-1.096	9.152	4.754	-2.657	-3.207	1.471	3.071	2.018	-8.518	-5.099	3.732	-3.756	-12.823	-9.626	-12.913	-6.627	-4.987	-4.055	-0.393	25	ScrambledFaces
-1.609	-3.748	-3.339	-2.642	4.701	1.887	-2.042	20.794	22.273	2.225	9.585	6.998	-13.300	-9.477	-6.898	-5.394	-8.443	-12.283	-15.324	-8.911	-11.013	-8.202	-4.124	-6.974	10.521	14.115	0.774	3.831	25	ScrambledCars
0.990	-12.596	-7.620	-10.631	-2.525	-12.840	5.120	1.404	5.446	8.619	9.175	8.197	9.498	5.865	-18.022	-18.206	-18.434	-16.770	-12.088	-13.503	-5.558	-0.426	7.909	22.036	22.970	29.111	19.786	17.412	25	ScrambledCars
-24.440	-12.403	-25.213	-13.069	8.502	2.282	29.860	14.629	16.972	33.918	27.741	31.959	30.924	9.636	-27.480	-20.849	-21.198	-22.657	-10.808	-19.006	-13.178	-0.184	1.156	29.633	11.496	19.892	27.106	28.582	25	Cars
-16.930	-14.068	1.616	4.988	8.240	15.030	10.807	11.789	15.117	12.933	12.397	3.544	3.195	-2.114	-4.799	-9.223	-20.948	-0.209	-4.865	-5.391	-2.165	-2.172	-6.536	-1.197	-8.254	-4.379	-5.464	-0.723	25	Cars
0.731	-11.341	-23.389	-8.167	-9.461	-11.549	-3.498	14.511	21.681	5.439	17.863	18.587	-7.559	-4.217	-20.992	-6.340	-6.084	-9.800	-10.135	0.548	-4.616	-6.536	-4.450	-7.435	15.552	20.843	7.649	15.929	25	ScrambledFaces
10.174	-2.579	-6.616	-5.639	-0.931	-7.362	6.975	-7.496	5.057	8.969	12.129	10.496	13.498	13.636	-10.200	4.934	-1.232	-18.215	4.822	6.491	12.517	6.199	-1.851	4.728	-7.472	4.575	10.797	12.798	25	Faces
-15.547	-4.306	3.167	-12.058	-9.037	-5.502	2.013	-0.295	14.541	2.049	10.295	9.685	-6.276	-7.068	-1.725	-12.554	-1.412	-9.649	-6.994	-11.184	-14.526	-6.570	-1.434	-4.150	13.992	24.653	8.265	12.222	25	Cars
17.239	-1.506	1.894	-12.682	-11.355	-6.042	-11.818	-5.101	-1.831	-4.599	-4.290	2.267	-10.085	-12.058	1.177	-4.338	0.617	8.375	-4.379	-6.898	-11.868	-3.165	10.435	3.368	7.323	11.749	5.743	10.040	25	Cars
-0.160	-11.366	3.512	-2.442	-2.787	5.790	17.423	13.183	11.645	18.778	19.032	11.554	7.385	3.920	-4.960	-12.788	-7.273	-12.591	-8.706	-4.769	-0.184	-4.288	-3.101	-3.413	-12.839	-4.779	2.891	7.367	25	Cars
4.467	2.662	-11.284	4.525	-0.255	-8.529	4.262	-2.305	1.219	8.174	17.935	12.968	6.824	4.962	-7.650	1.091	-6.428	-2.198	3.466	2.493	-0.661	8.626	-7.900	5.999	-3.222	1.822	1.629	6.354	25	Cars
-9.487	-13.643	-5.961	-1.842	3.852	-3.890	9.403	15.847	17.677	8.137	10.674	5.726	1.005	-0.641	-10.090	-11.017	-7.878	-7.508	-9.915	-8.397	-8.737	0.600	-4.520	-0.583	2.575	13.481	2.102	4.745	25	Cars
-28.485	-9.553	-8.220	-3.228	-1.692	0.126	5.587	-3.028	10.531	11.077	12.457	11.641	15.039	8.680	-7.680	-7.326	-7.781	-19.393	-4.208	-1.141	7.865	-1.336	-3.520	11.976	13.259	20.162	21.052	19.169	25	Cars
15.125	20.698	16.225	11.721	10.474	12.973	-12.105	2.049	-1.499	-14.787	-7.344	-11.744	-19.378	-6.719	20.045	10.468	5.271	21.078	-1.822	5.361	5.750	-9.792	-16.522	-26.599	-27.118	-22.830	-18.020	-17.691	25	Faces
1.129	-0.668	6.716	-11.126	-18.082	-1.923	-10.852	-4.708	-5.566	-12.138	-7.103	-3.014	-14.968	-10.433	9.914	-4.955	-2.325	8.357	-2.790	-6.632	-12.040	-0.763	7.406	-6.089	8.653	6.864	-6.259	-3.417	25	ScrambledCars
1.614	3.043	0.450	8.499	7.004	4.060	-2.322	4.272	-0.719	-4.911	1.236	-1.599	-6.111	1.325	7.588	4.377	4.802	5.715	3.410	6.459	7.136	4.472	-0.022	3.961	-14.998	-22.678	-12.439	-13.302	25	Faces
-7.220	-5.321	-11.372	3.227	0.837	3.370	5.828	19.150	29.060	10.138	24.517	14.709	-8.569	-16.980	-19.207	-11.785	-14.836	-8.740	-12.104	-15.592	-18.044	-18.546	-19.880	-10.136	8.183	13.969	-0.797	8.078	25	ScrambledFaces
-18.772	9.690	-3.002	10.544	11.297	12.948	14.136	2.680	-1.015	5.694	0.357	-0.160	11.367	8.981	5.282	2.630	-4.264	-4.137	10.571	8.864	12.126	3.858	0.102	2.251	-14.295	-7.018	-0.037	-3.614	25	ScrambledCars
-13.245	1.881	2.878	3.710	2.065	-1.509	-5.612	3.337	4.323	-9.212	-8.327	-10.757	-8.804	2.948	4.054	2.881	1.464	1.826	5.168	2.909	5.242	4.731	-2.423	-11.649	0.417	1.278	-10.234	-8.237	25	ScrambledCars
26.822	1.326	13.433	4.617	-3.986	0.355	-8.042	0.531	7.313	-7.812	-0.754	-4.154	-22.600	-14.963	10.609	-0.457	-7.188	-2.363	-4.944	-2.519	-5.198	-12.610	-7.022	-23.116	-9.091	-3.263	-18.200	-2.586	25	Faces
-1.986	-18.039	-11.362	-16.880	-16.357	-8.740	5.802	6.879	8.568	9.294	11.181	14.373	7.660	-3.767	-16.134	-15.807	-18.424	2.336	-11.954	-13.299	-16.658	-6.854	-0.006	9.858	20.344	26.282	13.744	21.969	25	ScrambledFaces
-23.158	-4.115	-12.538	-4.548	3.720	5.213	2.580	5.071	4.589	6.906	6.542	5.501	8.909	7.243	-3.874	-4.523	-5.409	-4.723	-0.848	2.564	1.029	3.114	5.572	14.635	11.289	7.887	10.236	7.962	25	ScrambledCars
-8.397	-20.060	-15.673	-13.821	-12.347	-1.638	9.101	1.612	12.449	19.702	23.457	24.321	18.201	2.932	-19.711	-7.446	-9.149	-7.152	-6.073	-8.227	-4.685	3.512	-2.933	12.543	2.574	7.762	19.912	22.363	25	Faces
-11.170	6.524	-1.523	6.145	6.616	0.929	3.674	-5.700	1.662	6.731	9.733	6.387	13.488	15.622	-3.671	13.322	-1.479	-6.218	-0.964	14.530	16.309	1.307	-12.198	0.191	-0.738	4.442	5.452	3.953	25	Cars
27.340	3.468	10.536	-1.348	-11.680	-4.924	-20.157	-9.024	-2.423	-14.972	-2.817	-4.527	-23.857	-14.728	4.795	-0.132	17.813	15.778	-2.555	-6.662	-10.113	-6.926	2.254	-9.619	0.422	-4.706	-13.135	-5.155	25	Faces
-8.948	-3.732	-11.114	-4.893	-3.905	15.188	7.070	-3.642	1.118	6.817	5.003	8.013	10.007	9.195	-19.190	-5.409	-3.338	10.143	-3.519	-5.199	1.101	1.558	2.511	4.294	-1.908	8.813	2.701	5.115	25	Cars
-8.503	14.029	-10.161	-7.170	5.244	-10.854	6.598	6.209	18.186	15.406	15.702	11.923	6.542	2.127	-9.686	-1.263	-10.069	-32.010	-7.201	2.263	2.912	-7.877	-11.229	-1.652	5.416	12.767	12.104	12.577	25	Cars
-12.306	5.620	-15.660	-10.131	-11.654	-9.419	8.010	-3.023	-0.457	9.317	-1.138	4.587	15.892	12.339	-0.352	4.964	3.987	-5.685	3.755	4.774	6.733	6.524	8.145	15.485	4.086	10.515	12.475	7.929	25	Cars
-5.168	4.519	-5.350	5.748	-3.697	-6.047	3.920	-4.268	6.287	9.084	8.678	4.025	9.407	13.806	6.925	7.193	4.563	-14.694	4.103	6.372	14.453	5.004	-3.509	8.115	-8.683	-0.971	6.045	3.354	25	Cars
-3.404	15.108	4.151	7.303	5.108	15.632	6.118	-5.789	-6.711	2.127	-5.163	-3.317	4.353	4.905	6.849	5.425	-5.204	1.042	-3.708	6.494	8.098	-2.345	-6.755	-6.163	-13.898	-1.519	-4.917	-8.367	25	ScrambledFaces
-3.046	13.319	-0.582	-2.155	0.202	-9.069	1.517	-7.484	5.841	7.100	7.603	5.489	15.093	10.580	-1.690	-1.801	-5.427	-5.212	-4.905	-2.224	4.046	1.066	-1.507	11.193	-4.858	7.606	5.678	10.714	25	ScrambledCars
42.102	-2.635	6.136	0.203	1.913	7.767	-0.648	1.855	0.559	1.300	9.546	8.689	-9.888	-11.368	-12.623	-6.252	-9.709	-3.589	-8.113	-11.026	-8.959	-11.133	-3.946	-4.220	-1.955	0.969	-2.484	4.466	25	Faces
-10.958	-6.142	-3.687	-0.082	-5.778	-2.098	-3.205	6.524	9.317	1.026	3.736	-1.478	-1.051	-0.935	-8.366	-6.878	-5.463	-3.111	4.540	-3.815	1.807	1.035	-0.044	-3.117	5.006	4.867	-0.693	-5.406	25	ScrambledFaces
-14.812	3.235	-7.654	2.042	-6.277	2.565	12.983	15.121	21.469	14.896	20.952	5.804	5.582	0.453	-11.032	-4.957	-4.636	-11.367	-5.322	-5.752	-8.701	-6.226	-5.596	0.553	1.357	11.218	3.015	6.141	25	ScrambledCars
-16.198	-2.303	-4.241	-7.646	-8.044	6.340	6.452	22.872	26.431	14.373	26.225	16.530	0.252	-10.647	-18.842	-3.399	-3.360	-12.545	-12.040	-5.873	-8.618	-17.582	-19.825	-3.266	2.273	18.881	1.035	14.637	25	ScrambledFaces
-13.121	-12.310	-16.625	-8.152	9.097	-18.640	12.798	2.511	13.698	10.541	17.781	7.101	13.567	13.259	-17.695	-11.628	-15.163	-15.081	-7.097	-0.236	11.330	2.036	2.361	14.242	11.948	20.261	16.290	15.872	25	Cars
-14.599	-7.938	-8.858	-0.039	1.198	-5.235	-0.012	11.544	5.355	-1.506	1.813	5.429	1.354	3.543	3.900	-6.880	-7.777	-9.735	-2.107	-5.254	5.585	1.063	5.893	7.539	21.111	18.277	13.347	10.314	25	Cars
1.994	-8.435	-6.725	-2.367	5.038	14.714	12.758	11.957	13.725	7.411	9.438	3.894	2.505	-7.338	-14.891	-6.348	-5.219	5.457	-3.534	-7.206	-5.599	-5.644	-7.012	-5.925	0.012	10.629	5.538	1.953	25	ScrambledFaces
4.481	17.626	-2.583	14.283	8.503	1.435	-2.652	8.279	11.623	7.416	7.582	5.383	-5.229	-8.063	-3.954	0.797	-14.351	-11.674	-2.193	-0.704	-7.893	-3.108	-3.069	-3.531	8.533	15.346	4.028	4.388	25	ScrambledCars
-21.154	-3.181	-15.115	-8.182	2.386	-7.257	9.755	10.727	19.533	16.486	17.705	18.662	1.783	-10.988	-21.052	-16.662	-16.904	-11.935	-9.976	-13.771	-7.623	-1.783	6.189	11.141	20.072	23.488	13.592	17.579	25	Faces
-7.478	1.505	5.822	0.518	6.734	4.781	11.673	17.156	21.671	14.447	23.233	9.928	-6.964	-10.713	-1.702	-0.068	-3.234	-13.628	-10.570	-1.239	-9.777	-11.533	-14.581	-13.418	-4.798	-0.904	-10.376	4.012	25	Faces
11.477	5.328	10.747	3.931	6.563	6.154	-1.200	0.156	-1.118	-12.664	-7.671	-12.618	-12.198	-0.527	-0.450	6.162	8.616	4.366	7.213	4.672	5.531	5.361	-1.671	-5.618	-9.691	-15.290	-16.878	-14.216	25	Faces
-3.400	-9.479	-13.871	-17.530	-2.457	-6.245	14.053	12.863	19.340	17.930	17.934	15.224	11.731	-1.047	-25.169	-23.565	-18.364	-16.596	-17.690	-19.128	-12.618	0.138	3.118	15.897	19.299	29.107	19.460	22.055	25	ScrambledCars
-7.762	-2.654	-8.476	3.727	4.970	1.000	10.654	9.166	5.395	15.624	10.417	10.587	0.175	-8.045	0.079	-5.990	-7.703	2.292	-4.935	-8.746	-7.808	2.731	8.310	0.026	-3.674	-0.543	1.454	1.979	25	Faces
-2.076	4.752	-1.850	4.385	10.861	4.387	9.069	2.960	7.838	10.947	8.603	-1.920	11.525	9.994	6.081	0.862	-10.122	-8.860	-2.131	-1.152	2.916	1.307	0.553	7.591	-5.923	-4.399	-1.449	0.318	25	Cars
4.140	-1.234	9.577	3.856	10.674	10.798	-5.711	6.360	6.247	-6.491	5.875	0.908	-20.484	-10.882	0.492	10.987	4.044	18.085	-2.537	6.646	1.477	-6.212	-11.172	-20.911	-15.405	-3.829	-12.452	1.291	25	ScrambledCars
1.279	6.059	-4.182	10.981	7.362	-2.842	0.842	-7.822	1.156	-1.713	-0.291	-8.480	9.884	10.332	12.679	15.431	12.861	-4.766	7.134	11.569	14.814	1.624	5.014	2.861	-12.798	-20.211	-4.323	-14.911	25	Faces
18.363	4.092	-8.189	-2.351	-5.559	-5.646	4.490	-12.707	-6.800	5.462	0.209	0.997	18.945	12.926	-0.381	4.818	6.659	12.344	-1.100	6.993	7.528	0.080	-3.818	6.487	-5.735	-7.262	8.054	-1.240	25	Faces
5.058	-0.436	-6.876	-0.990	-5.728	-17.626	8.098	9.342	3.622	11.362	9.047	4.415	13.199	9.784	-1.589	-0.509	1.734	2.370	5.504	3.710	6.980	8.147	6.995	2.658	-14.123	-2.970	2.305	-0.888	25	Faces
-6.380	-0.671	-1.874	3.488	-0.339	5.800	7.543	4.853	7.399	4.424	5.257	5.595	7.266	3.460	-2.553	-11.231	-5.381	-9.851	-3.695	-4.392	-6.188	-5.797	-3.878	4.165	2.254	7.526	9.715	3.121	25	Faces
5.262	1.159	0.046	-2.649	-3.324	-1.319	1.184	-1.181	9.034	5.075	7.924	9.089	0.068	-2.107	-10.556	-0.361	-1.483	0.232	3.153	-2.398	-7.788	-4.891	-5.069	-3.508	1.346	4.298	1.865	6.923	25	Faces
10.364	0.742	14.395	-0.753	-1.826	5.200	-2.319	15.191	10.484	-4.943	-1.811	-5.229	-20.254	-16.089	11.909	1.995	4.573	3.187	-7.321	-2.586	-8.976	-19.243	-15.019	-25.643	-13.224	-4.992	-28.241	-10.727	25	ScrambledCars
-4.014	-16.869	-10.622	-10.852	-8.538	-15.537	-8.619	7.193	14.663	-2.681	11.036	10.537	-5.306	4.911	-12.871	-4.285	-0.370	-17.196	-3.604	5.254	5.122	-2.494	1.847	1.063	16.038	16.958	6.953	20.907	25	ScrambledCars
-2.329	-0.886	-9.457	-3.620	-1.052	0.855	5.709	20.191	27.864	11.298	15.684	9.255	-4.718	-5.717	-20.817	-14.784	-9.367	-7.856	-10.867	-7.828	-9.520	-0.229	2.128	5.607	9.818	18.351	8.680	11.151	25	ScrambledFaces
21.109	2.099	3.503	0.473	4.073	2.018	-9.316	-2.201	2.788	-9.528	-4.088	-5.105	-18.057	-12.571	-3.616	4.445	13.168	9.826	5.581	-0.547	-9.374	6.230	5.893	-9.439	-1.260	-3.556	-9.460	-9.213	25	Faces
-21.328	-17.085	-6.499	-4.810	1.367	3.502	4.616	11.376	6.036	5.964	7.300	3.521	2.030	2.083	-5.082	-8.943	-8.185	-3.746	-2.567	-6.326	-0.701	-2.473	-3.122	-6.946	0.699	10.820	0.069	2.728	25	ScrambledCars
30.035	-6.813	7.766	-3.198	-7.785	-9.100	-14.047	-6.269	-2.667	-4.320	4.779	4.803	-6.489	0.511	-13.504	0.896	-2.593	7.712	1.803	4.511	5.159	-3.085	-4.057	-11.533	-1.672	3.878	-4.915	3.751	25	Cars
-3.271	1.945	3.950	-5.963	1.139	-2.443	5.155	-3.048	5.126	11.040	12.400	12.237	4.966	2.367	3.573	0.985	-4.746	-15.278	-7.835	0.908	5.365	-7.058	-15.104	-3.088	-8.552	2.731	2.679	6.304	25	ScrambledCars
7.311	5.543	-6.752	-0.780	-8.750	-1.626	1.208	2.624	7.972	0.652	5.505	-3.148	6.796	7.495	-10.579	5.268	17.099	-5.189	5.528	1.129	3.585	0.036	0.411	-2.739	-9.228	-3.040	-3.675	-11.132	25	ScrambledFaces
3.726	-12.088	-5.451	-10.120	-5.738	-15.448	2.875	15.668	22.652	8.727	21.280	14.710	-4.883	-10.383	-10.056	-13.560	-15.142	-5.072	-9.216	-14.612	-10.001	-7.701	-7.014	0.512	4.182	17.715	5.936	15.665	25	Faces
-0.277	-2.757	-13.844	4.915	4.757	11.149	12.222	1.138	0.026	5.641	-4.096	0.879	14.191	6.779	-4.247	4.706	-11.695	-15.101	-0.114	4.972	-0.022	0.362	-2.063	9.018	1.429	11.501	6.884	4.152	25	ScrambledCars
-9.906	-7.580	-7.585	-11.880	-1.112	-1.950	6.371	10.723	18.252	10.828	18.005	15.449	6.183	1.451	-18.370	-13.083	-17.879	-10.747	-10.633	-8.837	-3.810	-6.474	-15.062	1.917	-0.960	12.942	5.885	14.352	25	ScrambledCars
-10.665	14.989	3.560	3.479	4.837	-5.893	-0.404	-16.285	-14.583	-4.526	-10.818	-5.710	10.210	17.404	9.857	13.960	16.158	-5.318	2.837	14.992	23.507	6.407	3.605	13.950	4.115	0.434	6.679	-0.433	25	ScrambledCars
8.170	-4.916	3.696	-1.938	-0.803	5.742	9.189	4.366	9.655	0.645	6.901	1.845	3.592	2.060	2.938	-13.996	-18.990	-3.961	-11.271	-6.204	-6.741	-1.501	-0.431	9.266	4.334	0.451	5.151	-2.175	25	Cars
-9.911	-0.432	-1.796	2.088	1.124	2.778	-0.344	3.343	0.801	0.055	-4.979	0.469	1.599	1.048	2.404	-5.474	-3.053	6.490	-2.661	2.271	-5.109	0.861	-2.753	6.131	5.134	4.010	4.537	4.095	25	Faces
-0.172	-2.397	2.958	-8.045	-2.683	-0.753	0.349	9.276	10.512	-0.575	3.774	2.233	-8.505	-14.126	-10.917	-7.673	-13.012	4.581	-10.551	-11.577	-14.957	-5.498	1.393	-2.043	9.487	16.716	0.951	5.633	25	ScrambledCars
-9.064	-2.786	-22.668	-1.297	8.516	-1.140	10.059	7.541	18.352	15.848	17.610	15.512	12.400	3.048	-25.937	-11.522	-13.476	-12.142	-3.579	-4.001	-2.837	1.071	-2.501	5.701	5.185	15.374	16.560	17.746	25	ScrambledCars
-10.224	-25.092	-9.250	-16.670	-9.457	-5.875	12.442	9.706	16.481	15.197	17.728	23.197	-10.595	-8.110	-10.259	-18.166	-15.416	-6.585	-8.045	-18.883	-13.141	-1.008	4.477	13.974	19.476	32.008	24.336	31.323	25	Cars
-24.581	27.108	14.998	9.963	5.663	0.721	-4.507	-8.126	-11.738	-5.270	-6.969	-11.213	-5.820	1.107	-0.107	16.529	17.688	51.639	6.854	14.887	5.821	2.089	-5.113	-6.524	-10.742	-10.944	-3.301	-8.792	25	ScrambledCars
18.531	11.414	6.027	9.910	4.397	-4.505	4.471	3.560	4.727	1.163	4.686	-2.962	-10.193	-14.237	9.536	9.206	10.753	13.661	5.236	9.936	-7.374	-8.033	-11.836	-19.368	-20.091	-15.818	-16.886	-11.433	25	Faces
2.266	6.796	6.505	4.867	9.422	10.341	13.523	-0.422	6.712	12.536	4.925	-1.664	16.538	13.014	10.438	0.239	-7.181	-4.156	-4.356	2.543	10.076	-6.508	-13.851	-4.503	-25.581	-14.531	-10.496	-14.672	25	Faces
-9.198	-7.517	-17.171	-9.202	3.433	-4.078	9.283	-1.690	6.673	9.539	3.093	9.475	-17.432	4.672	-8.355	2.593	-10.384	-14.148	-2.460	-1.771	-1.343	8.908	7.577	19.023	15.608	14.870	15.208	12.873	25	Cars
3.447	0.559	3.270	5.627	11.929	11.397	11.489	-5.309	-2.892	-1.217	-9.264	-9.363	12.825	8.202	11.725	11.718	6.828	-0.817	7.893	12.257	16.219	9.618	-3.591	0.105	-12.318	-11.252	-3.700	-14.178	25	ScrambledCars
11.131	1.543	7.566	-0.310	-7.622	-9.331	-7.453	5.435	0.900	-5.309	4.071	-5.549	-9.941	-5.917	8.662	2.148	1.138	3.515	-7.252	0.791	-2.833	-5.094	-9.444	-6.184	1.905	3.914	-5.097	-4.265	25	Faces
9.399	5.641	0.373	12.636	6.252	7.292	-3.555	0.082	-3.414	-6.639	-2.688	-10.184	7.720	6.064	0.376	9.815	10.811	8.881	5.150	16.385	6.395	-0.926	-5.351	-8.233	-20.935	-10.616	-14.745	-13.560	25	Faces
-12.031	-2.187	-14.887	-2.436	-3.126	-5.069	3.227	1.169	3.216	7.304	9.877	10.131	13.431	7.136	-8.338	0.864	-7.235	-2.879	-8.818	1.041	-0.310	-2.498	-6.671	3.883	-1.632	18.711	13.519	15.786	25	Cars
-21.360	-16.946	-14.005	-18.666	-4.415	-6.316	10.299	11.985	21.371	11.788	16.728	17.870	15.087	-0.924	-25.011	-26.021	-15.914	-18.713	-16.243	-21.649	-15.219	-4.801	1.255	19.558	28.565	39.470	26.127	23.466	25	ScrambledFaces
-1.336	-8.220	7.606	-2.160	5.401	4.961	6.221	13.714	17.873	7.642	12.339	4.410	-4.471	-11.502	4.034	-3.041	-10.436	-4.303	-9.407	-8.288	-10.544	-7.471	-3.965	-8.395	-0.934	-2.074	-4.583	2.361	25	ScrambledFaces
-7.623	-19.994	-6.611	-3.996	7.612	4.776	11.731	8.086	11.147	8.087	-2.147	1.298	-1.553	-1.968	-17.986	-9.663	-6.969	-13.514	-4.368	-7.482	-6.730	4.418	9.612	11.592	18.539	18.464	10.778	9.602	25	ScrambledFaces
-20.710	-15.016	-8.478	-11.883	1.033	-3.070	16.985	3.304	12.566	17.166	26.174	18.521	14.647	11.307	-19.688	-11.316	-15.301	-16.331	-12.731	-5.804	4.880	0.802	-3.812	7.885	4.474	21.107	17.609	23.444	25	ScrambledCars
-9.922	1.787	-4.414	2.659	4.383	-10.185	7.798	-1.524	-2.033	6.961	6.679	4.184	9.417	7.389	-7.409	4.080	-3.432	-6.359	5.890	6.588	7.211	7.020	1.553	13.341	4.843	4.158	5.812	6.405	25	Faces
-25.715	-19.966	-12.564	-12.432	-2.696	-4.135	10.234	18.410	21.656	12.669	22.447	10.535	9.862	0.548	-16.229	-13.962	-13.315	-17.220	-13.574	-12.940	-6.396	-5.386	-0.020	15.383	9.244	17.691	11.134	10.417	25	ScrambledCars
16.914	5.857	12.244	7.887	-0.265	3.280	-4.992	-0.417	2.160	-7.801	-4.726	-5.790	-12.001	-6.090	7.844	0.086	-1.637	8.757	2.673	-3.711	-3.732	-4.233	-5.559	-19.898	-10.509	2.409	-16.781	-8.092	25	Faces
-10.213	-6.772	-0.046	-7.062	-1.530	-10.815	9.271	5.399	13.175	13.311	9.847	9.333	12.780	9.023	-11.782	-3.968	-3.477	-13.768	-3.662	2.769	4.164	4.886	-3.951	9.597	5.551	15.846	13.127	14.942	25	ScrambledCars
-2.982	-16.018	-11.305	-10.857	-5.651	-1.451	6.880	16.769	24.024	11.880	17.707	11.521	0.565	-13.642	-29.033	-20.881	-7.448	2.416	-15.617	-24.318	-16.010	-7.110	8.062	7.997	32.168	27.368	17.738	20.651	25	ScrambledCars
3.878	-1.102	-12.336	7.924	6.065	5.428	5.154	-0.198	8.013	8.407	4.892	3.534	1.124	-1.694	-2.197	0.402	-7.175	-9.254	-4.150	-0.306	-10.027	1.449	4.808	5.918	9.792	17.847	11.014	5.253	25	Faces
-2.842	-11.683	-4.136	-9.498	-8.469	-12.024	8.023	-0.489	6.339	10.352	17.478	17.094	9.148	5.943	4.274	1.370	-14.710	-10.326	-4.494	2.279	1.286	-2.423	-12.091	7.482	-8.601	4.647	4.199	8.219	25	Faces
-3.527	-4.793	-7.006	-5.634	-4.301	-10.275	-1.853	4.975	9.582	2.090	15.732	6.804	1.610	-0.597	-8.865	8.750	-3.680	-11.347	-4.492	8.877	5.767	-0.404	-6.977	0.963	0.275	2.767	-2.388	3.589	25	ScrambledFaces
9.164	0.586	1.006	-0.216	5.183	-0.206	0.809	-0.731	3.671	2.722	11.038	2.732	6.319	13.619	-5.712	-1.264	-8.394	-17.819	2.462	5.880	12.609	0.811	-5.313	0.955	-0.154	3.300	4.437	3.085	25	Cars
-12.585	-16.604	-6.671	-4.888	-6.941	-5.818	1.933	6.024	18.285	11.502	21.346	13.958	7.898	2.563	-29.225	-14.677	5.780	-10.522	-7.043	-10.785	-5.341	-5.543	-5.314	7.648	21.615	31.455	16.013	21.877	25	ScrambledFaces
-2.110	-1.802	-11.903	3.130	12.114	3.816	4.793	0.442	3.993	5.200	-1.537	-1.470	7.851	8.049	-7.994	-1.473	-5.798	8.962	1.534	-2.731	1.236	2.303	7.226	6.103	-1.100	-5.814	1.331	-5.262	25	Cars
-10.259	-5.586	-2.885	0.957	3.324	-3.163	3.213	9.013	7.154	1.646	5.477	4.342	-6.022	-8.328	-2.009	-10.118	-10.068	4.271	-6.816	-4.710	-10.290	-2.155	0.410	1.367	3.406	9.122	0.396	6.977	25	ScrambledFaces
3.152	-4.932	6.644	-2.271	0.003	0.616	6.671	8.101	9.658	4.469	10.379	-0.884	12.846	-5.235	-6.575	-8.837	-13.431	-14.045	-8.633	-7.114	-3.208	-9.708	-1.823	2.341	2.237	8.115	-1.231	1.482	25	ScrambledCars
-15.125	3.221	-11.463	-4.081	5.398	-6.610	9.008	2.002	9.128	10.343	18.259	12.371	15.121	6.412	-16.432	-9.446	-7.226	-7.360	-2.446	-5.162	-3.721	3.175	2.251	12.476	5.133	10.753	8.423	10.772	25	ScrambledCars
-10.099	0.810	-4.502	7.430	3.911	3.947	2.625	-4.789	-1.932	6.319	1.366	1.290	15.554	16.674	-2.842	4.889	-0.613	-7.568	1.275	4.944	13.142	2.312	-8.233	9.253	-5.050	2.722	1.504	4.269	25	ScrambledFaces
-17.188	-10.799	-9.939	-6.652	5.033	1.121	13.171	18.895	25.611	20.737	19.914	18.494	13.144	-3.469	-7.055	-2.013	-6.946	1.130	-10.157	-5.626	-14.725	-9.205	-13.127	0.971	-9.136	-1.793	6.847	8.906	25	ScrambledFaces
-2.535	-6.762	-17.607	0.827	7.776	-0.220	13.766	9.457	16.127	16.280	15.346	7.138	9.981	7.786	-20.675	-1.227	-14.997	-19.000	-1.216	2.990	7.282	0.985	5.820	7.593	8.493	11.013	9.764	7.042	25	ScrambledCars
-21.140	-7.951	-14.828	0.726	10.537	2.812	10.087	4.404	5.719	10.996	7.326	6.648	8.648	8.078	-6.362	-2.846	-12.233	-23.203	-2.917	5.413	5.223	2.853	-4.281	-1.569	9.348	7.586	2.034	3.027	25	Faces
27.899	8.014	-1.069	1.106	7.627	-2.978	-1.318	-2.792	-2.437	-0.819	0.097	-0.409	1.962	4.586	-9.139	6.416	2.744	-6.075	8.166	5.740	5.963	5.967	4.731	0.424	-2.281	-3.788	-4.121	5.072	25	Faces
6.142	18.997	12.711	6.813	-0.917	3.596	-21.319	-0.512	1.732	-18.185	-4.348	-13.794	-16.126	-2.205	18.027	12.278	8.982	-13.835	1.921	12.543	0.855	-1.917	-8.310	-21.643	-11.585	-7.654	-19.478	-15.502	25	ScrambledCars
-30.901	-25.920	-30.528	-24.825	-7.428	-8.590	21.872	15.081	25.985	30.628	31.874	29.402	24.907	9.621	-39.080	-24.659	-21.642	-27.443	-13.578	-16.866	-1.838	2.099	-1.744	23.577	22.151	39.742	32.796	33.251	25	ScrambledFaces
-3.785	8.328	6.267	9.499	4.671	9.159	-8.465	4.643	3.214	-3.738	1.821	-4.645	-10.166	-2.922	4.427	2.146	-3.544	3.238	-4.471	0.119	-1.628	-2.342	-6.214	-6.619	-11.796	-0.306	-10.939	-1.419	25	ScrambledFaces
7.754	-3.266	1.188	-1.087	-4.672	-12.278	-5.561	-6.425	3.256	0.753	2.540	6.668	3.525	1.350	9.527	7.512	-0.405	-7.469	-1.607	5.383	-0.878	1.590	-3.714	3.628	-6.120	2.079	5.606	6.489	25	Faces
9.439	1.878	-9.480	3.969	8.508	0.873	6.718	-0.554	11.523	5.036	13.482	4.010	1.863	7.240	-7.000	2.589	-11.578	-7.706	-3.664	-0.594	3.598	-3.463	-1.474	-0.423	-3.974	5.892	2.309	6.702	25	Cars
-5.259	5.631	-2.639	5.759	-2.596	0.612	0.134	5.094	2.192	2.442	0.856	2.819	8.216	-0.265	21.055	9.036	9.761	0.125	6.996	7.922	-1.569	-2.719	-4.420	-6.516	-19.931	-19.263	-7.703	-6.119	25	Cars
-6.368	-9.876	-0.976	-0.514	2.262	3.632	12.676	4.118	-2.923	11.825	2.744	3.215	25.510	7.342	4.803	-9.906	-1.271	1.274	-5.772	-8.653	-9.948	1.411	1.421	5.993	-1.420	-4.232	4.467	2.026	25	Cars
-11.147	-17.760	-5.543	-10.783	-3.453	-8.881	3.957	17.231	6.972	5.456	5.876	7.083	8.843	-8.273	-12.754	-16.714	-4.832	-18.630	-11.122	-15.902	-13.595	-3.079	5.827	8.640	27.665	27.927	12.952	18.016	25	ScrambledCars
-10.520	-3.108	2.937	-3.104	2.391	3.678	6.624	0.518	2.201	0.802	1.324	-0.646	8.451	-3.264	4.419	-14.068	-14.210	-11.669	-2.728	-3.593	-5.140	-7.611	-2.200	-1.468	6.824	3.444	0.874	4.183	25	ScrambledCars
0.508	1.890	1.908	8.740	12.300	3.523	-1.968	-14.943	-10.714	-7.757	-6.606	-5.472	4.259	7.024	9.863	3.776	8.666	-8.256	7.326	5.913	6.858	10.786	4.259	7.709	-10.900	-2.375	1.217	-4.615	25	ScrambledFaces
-5.979	13.544	-8.953	4.732	10.606	-3.077	4.963	-1.406	2.405	11.671	17.080	10.323	12.171	9.953	-5.463	8.535	-7.342	-6.703	4.334	12.351	14.897	-1.245	-10.411	3.716	-11.222	-8.987	4.955	9.125	25	Faces
4.715	11.918	9.381	11.699	0.712	8.210	-7.247	-0.384	5.412	-1.097	2.192	-3.234	-3.495	-2.484	12.028	8.325	5.525	-0.308	4.851	6.288	0.261	-6.688	-19.209	-16.262	-19.715	-13.041	-14.495	-8.496	25	ScrambledFaces
-9.101	-13.103	-4.074	-3.911	-4.892	2.289	-3.057	-4.474	10.277	7.115	11.435	5.973	6.531	0.117	-12.787	-2.827	-3.662	-7.951	-12.420	-0.532	-0.407	0.033	-0.933	14.764	11.362	3.362	9.393	6.135	25	ScrambledFaces
-8.929	3.277	-3.633	-1.596	9.273	4.070	20.342	3.167	10.528	17.770	1.304	6.830	17.731	18.745	2.768	-2.367	-2.164	-14.813	-8.024	0.911	13.476	-4.192	-16.823	-2.643	-8.180	-6.106	-1.428	-1.235	25	Faces
17.873	14.778	12.559	9.280	10.308	-6.240	0.797	-4.375	-7.021	-3.791	-0.288	-6.282	-2.875	10.223	6.076	8.341	13.738	-4.581	12.072	13.173	12.723	10.241	-0.003	-8.995	-18.060	-12.822	-13.833	-10.470	25	Cars
-0.167	-7.829	7.294	0.506	4.766	0.279	0.474	9.116	11.149	-1.144	2.246	-1.456	-13.184	-15.411	9.001	-3.261	-2.428	6.696	3.095	-7.877	-10.729	-0.061	0.971	-13.843	-8.711	-11.147	-14.503	-9.091	25	Faces
12.463	7.622	10.527	6.158	7.572	2.475	-15.862	-5.741	-5.758	-14.050	-2.733	-3.346	-24.444	-17.859	0.318	10.189	1.980	19.241	3.748	4.562	-6.269	-5.149	-0.884	-19.096	0.897	0.954	-6.471	1.531	25	ScrambledCars
8.713	5.865	-4.955	7.305	6.085	2.424	-1.538	-11.700	-9.863	-5.857	-9.505	-5.160	12.367	13.810	-0.809	8.076	10.972	8.535	8.790	14.069	15.270	7.384	2.539	1.570	-6.266	-8.379	-1.938	-5.762	25	Faces
17.797	-11.548	-12.010	-4.884	-2.306	3.733	6.987	3.516	8.486	12.039	6.831	4.862	10.441	4.293	-16.046	-4.570	-5.058	-7.899	-10.218	-10.166	-2.743	3.292	5.661	5.616	5.237	4.090	13.801	7.651	25	ScrambledCars
-10.451	-6.538	-14.559	-6.826	2.762	-3.356	18.017	11.659	23.333	24.507	18.775	15.321	24.519	13.600	-20.080	-12.301	-6.288	-23.843	-11.027	-6.627	5.929	-6.667	-3.678	17.087	9.921	17.201	20.237	13.048	25	ScrambledFaces
1.602	4.164	0.235	2.306	1.175	-1.827	-0.058	-4.984	-4.346	-0.551	0.912	-8.036	11.382	16.693	-6.801	1.673	3.473	-2.096	0.038	1.658	15.895	5.898	1.785	7.611	-2.782	-0.751	-6.900	-7.492	25	ScrambledFaces
5.212	4.196	8.633	11.196	1.013	11.483	5.453	-3.468	-6.884	-2.256	-7.051	-9.595	-0.189	2.998	14.937	3.702	-1.961	-11.651	12.311	7.124	11.742	9.968	4.925	-8.550	-10.308	-9.988	-7.928	-10.066	25	ScrambledFaces
4.082	-13.208	-27.451	-9.508	4.258	-15.679	20.129	3.125	11.670	21.174	23.566	20.898	24.955	14.056	-33.572	-13.478	-12.885	-12.595	-5.952	-7.206	0.038	-3.190	-4.167	13.142	4.254	25.023	19.403	20.101	25	Cars
20.596	6.043	11.147	2.245	8.772	10.322	5.507	9.579	13.584	5.728	10.747	0.689	-5.187	1.046	-9.899	-5.921	-2.132	-1.180	-1.195	-0.129	-2.712	-4.125	-6.504	-20.532	-7.282	-8.624	-11.929	-4.206	25	ScrambledCars
-1.517	1.027	-5.189	5.367	2.246	-4.643	5.729	-2.522	-1.523	8.322	6.883	3.044	10.218	13.183	-1.178	5.192	0.274	-2.961	5.551	5.742	-1.525	8.757	3.547	13.448	-4.820	1.937	2.217	5.217	25	Cars
-9.738	4.742	-2.122	2.089	6.647	4.616	6.362	-1.296	-3.966	4.983	3.213	2.837	8.409	2.684	6.427	5.988	-3.356	-1.605	5.452	4.439	2.000	7.700	2.191	-2.563	-10.068	-10.792	0.243	-0.486	25	Faces
3.918	3.238	1.615	-0.409	-4.962	-5.731	6.118	-8.207	1.713	5.081	4.672	3.669	-4.887	-5.553	7.146	4.791	6.896	1.448	6.161	-0.559	-1.116	-3.749	-4.475	-8.276	-6.546	-0.165	-3.446	2.618	25	ScrambledCars
2.743	8.527	16.631	10.391	4.402	9.597	-8.271	-9.481	-14.814	-13.651	-19.869	-13.842	-16.978	-12.113	18.355	3.862	12.171	25.064	9.072	-0.700	-1.871	8.493	12.822	-6.103	-6.321	-7.535	-10.326	-3.558	25	Cars
-3.784	-2.298	-3.229	0.885	2.585	9.085	4.903	8.014	11.638	6.438	6.757	3.514	3.604	-3.724	-0.727	-0.875	-10.314	-10.937	-8.818	-1.415	0.875	-3.255	-9.843	0.116	1.830	-2.458	1.307	-1.143	25	Faces
-10.659	0.359	-0.126	0.029	-3.725	4.012	4.799	12.666	17.669	8.663	17.237	11.558	-7.534	0.461	-3.185	-9.177	-15.287	-10.678	-9.769	-6.921	-7.741	-5.863	-13.088	-6.842	8.502	10.344	1.756	8.832	25	ScrambledCars
-2.866	8.135	10.091	4.194	11.412	21.280	6.844	26.805	25.266	7.946	14.281	0.289	-9.938	-6.591	-0.989	-6.537	-5.308	-15.867	-4.967	-1.758	3.150	-10.697	-10.295	-10.877	-17.509	-10.217	-15.652	-11.492	25	ScrambledFaces
-29.935	-20.592	-13.072	-17.865	-14.566	-5.506	14.164	17.704	22.818	19.442	30.333	29.922	4.338	-9.536	-12.193	-21.645	-24.323	-13.183	-10.192	-18.868	-16.312	-18.110	-13.638	11.560	15.991	37.162	20.889	31.004	25	Cars
-11.989	-5.045	-8.923	-7.896	-13.384	-7.776	3.919	3.129	5.331	7.477	13.985	14.657	-0.437	-0.629	-8.067	-7.307	3.321	8.061	0.934	-6.432	-7.877	6.428	12.560	7.861	7.748	15.177	14.754	16.555	25	ScrambledFaces
-2.611	-24.858	-6.683	-10.632	-5.245	-3.632	23.931	1.854	12.945	26.602	18.690	18.317	22.173	10.131	-8.637	-16.513	-14.604	-12.441	-10.733	-11.278	2.332	-7.924	-9.125	9.130	4.614	9.741	21.874	19.414	25	Cars
9.877	-11.842	-2.074	-11.831	-12.557	-13.620	-4.034	-5.447	-3.990	-5.729	-1.428	-2.304	6.145	4.672	-10.278	-3.596	2.054	1.247	10.181	-5.872	4.217	13.868	16.466	4.554	8.853	8.096	4.608	3.216	25	ScrambledCars
-6.071	1.149	0.958	-3.505	0.830	-2.190	9.524	1.221	17.132	15.698	22.828	19.207	7.656	5.372	-8.304	-0.882	-7.859	-14.442	-5.015	3.598	-0.577	-11.755	-17.377	-7.037	-1.712	10.920	8.108	10.937	25	Cars
1.335	9.266	1.338	2.764	-0.841	5.451	0.254	3.272	6.003	2.022	7.977	6.053	-8.250	-4.745	7.016	-0.692	8.847	8.928	-3.123	3.120	-4.313	-4.935	-7.826	-10.007	-18.373	-6.223	-11.671	-2.207	25	Faces
10.074	5.112	-2.274	9.111	9.270	1.413	1.121	-13.747	-15.038	-6.942	-13.336	-6.034	6.390	10.641	-5.112	3.505	3.704	-0.226	10.094	6.396	11.860	11.614	9.618	13.124	0.921	3.002	-2.346	-6.241	25	ScrambledFaces
-3.050	-5.181	1.483	6.086	1.530	-4.702	0.235	-0.240	1.327	-2.003	-1.676	-3.918	-9.846	-7.874	12.960	6.715	7.416	12.231	3.809	-1.304	-5.116	-3.136	3.628	-2.194	-6.160	-5.237	-5.709	-4.911	25	ScrambledCars
7.721	3.000	-5.416	-0.359	-3.795	2.103	-0.848	-17.330	-18.242	-7.510	-12.319	-12.024	10.353	14.321	3.717	15.823	4.448	4.052	6.144	8.817	7.842	2.159	4.811	-2.833	-3.584	-2.649	-3.097	-5.972	25	Faces
-20.694	11.979	-12.785	3.187	-2.296	-13.454	6.180	-8.942	2.607	9.289	8.895	8.995	14.835	2.895	-3.023	12.026	8.250	-6.285	6.045	14.587	6.418	-3.602	-4.878	8.411	6.076	6.812	11.789	10.211	25	ScrambledFaces
-14.716	-16.111	-21.433	-22.253	-8.712	-21.202	1.784	-4.271	13.998	12.698	23.593	35.630	12.977	-1.196	-16.272	-15.364	-24.653	-24.807	-16.507	-15.625	-9.515	-10.606	-11.321	14.430	31.418	43.444	36.543	44.609	25	Faces
-15.408	-0.780	5.060	3.958	2.596	4.377	-1.228	0.904	10.651	3.747	10.623	6.147	-1.447	-6.114	-9.509	-5.365	-11.544	1.112	-7.662	-0.552	-5.658	-3.765	-6.866	-1.015	10.138	15.542	5.756	13.963	25	ScrambledCars
16.550	-2.332	-2.185	1.157	-5.483	-6.443	-11.024	-17.039	-14.148	-8.630	-9.922	-1.345	-3.601	-0.840	-1.459	1.142	20.078	-3.426	10.487	1.056	0.296	6.179	8.401	2.880	2.615	10.955	3.841	-3.072	25	Faces
-7.939	-4.460	-4.608	0.257	-0.733	-5.838	0.239	-6.211	-1.100	-0.718	-1.503	0.457	7.232	9.669	-1.521	4.854	14.793	0.087	6.015	6.854	11.299	1.423	1.304	6.015	2.641	14.225	1.066	4.356	25	Cars
5.822	5.386	-3.234	11.244	8.148	5.275	-9.760	6.658	-0.174	-13.811	-5.892	-10.517	-26.582	-10.567	0.413	7.842	3.758	1.309	5.469	8.136	-0.096	5.527	4.246	-16.253	2.310	1.086	-11.219	-7.297	25	Cars
-24.616	-12.287	-5.796	-8.737	6.211	1.597	12.271	0.640	6.813	10.738	10.236	6.788	15.560	11.538	-8.512	-7.641	-1.632	-8.066	0.354	-3.714	2.067	7.720	4.894	16.316	9.298	10.367	12.015	4.608	25	Faces
-15.596	5.724	-2.923	8.728	7.540	11.113	9.047	2.919	4.056	6.567	0.176	-4.445	16.315	13.235	10.845	8.742	-1.247	-9.600	-2.706	8.434	11.736	1.920	-13.063	4.204	-8.085	-7.594	2.271	-9.468	25	Faces
-15.067	-13.337	-21.167	-9.095	-4.710	-17.241	17.209	1.114	3.669	23.474	17.718	16.698	32.207	13.637	-25.577	-10.154	-8.845	-20.445	-5.334	-9.948	-5.595	0.711	-3.129	23.809	10.646	18.160	30.019	23.400	25	ScrambledFaces
31.234	27.469	20.322	18.558	-4.761	10.713	-22.211	-4.001	-9.446	-23.557	-20.779	-22.541	-34.148	-12.263	27.042	21.007	16.812	1.512	11.406	16.687	6.656	-0.829	1.138	-32.566	-21.143	-27.458	-34.609	-29.913	25	ScrambledCars
8.342	4.325	2.697	5.904	1.164	-0.603	-5.668	-2.018	-0.229	-5.440	1.271	-1.282	-5.976	3.961	-3.184	9.418	16.895	2.215	6.234	11.959	10.808	4.839	-3.277	-7.753	-16.624	-7.418	-9.921	-6.146	25	Cars
-9.064	-23.418	-22.526	-16.560	-11.309	-12.891	11.951	11.323	15.483	18.516	23.366	20.880	24.894	13.189	-17.255	-21.177	-19.386	-17.691	-12.090	-11.844	-9.405	-2.441	5.226	15.475	17.858	24.233	21.337	16.207	25	ScrambledFaces
-4.889	-11.292	-5.384	-3.612	12.345	0.910	6.290	5.502	3.697	6.392	5.421	11.381	1.807	-3.671	-9.353	-10.516	-13.218	-4.001	-6.248	-7.565	-10.886	2.579	7.799	4.462	8.336	5.664	7.370	12.295	25	Faces
25.969	-1.227	-10.094	7.379	2.228	8.611	-0.245	-1.933	-4.342	-8.723	-10.275	-12.160	-2.314	-6.933	-9.351	7.234	-9.076	8.998	2.314	-0.277	5.448	8.814	8.666	5.952	2.843	-14.489	-8.173	-11.266	25	ScrambledFaces
-21.045	5.346	6.403	1.615	-11.897	-0.800	-2.753	0.940	3.517	0.699	0.067	-2.542	-6.200	3.431	11.181	-6.726	-13.586	10.179	-4.312	-1.327	0.243	0.287	-5.492	5.844	0.024	2.738	-0.209	-0.455	25	ScrambledCars
6.187	2.274	-0.962	2.301	0.546	-1.283	-8.308	-9.798	-7.112	-10.687	-8.519	-6.194	-2.425	5.904	5.075	-0.138	2.719	5.240	1.606	3.305	6.917	5.516	9.407	8.595	6.063	6.237	4.560	0.761	25	ScrambledFaces
-26.055	-9.399	-8.878	-8.243	-4.121	1.401	13.614	13.016	11.129	12.021	6.135	5.298	14.555	1.018	-10.639	-11.710	-0.541	-7.418	2.346	-12.249	-11.007	6.207	15.008	24.694	22.414	24.534	21.638	13.310	25	ScrambledFaces
4.696	-9.940	-5.972	-3.285	-3.232	-4.580	4.622	19.732	23.984	10.964	25.472	18.866	-4.043	-9.032	-3.603	-9.861	-11.804	-8.024	-15.564	-14.426	-12.974	-16.034	-17.204	-10.658	1.268	8.654	3.150	15.997	25	ScrambledCars
5.411	-3.182	-6.457	-5.003	-8.375	-5.742	0.478	4.360	1.769	5.247	9.871	3.992	3.912	6.225	-10.722	-5.810	-8.600	4.140	-5.278	-0.536	-2.644	0.961	-0.528	3.199	2.186	2.058	4.319	4.905	25	Faces
10.736	8.726	12.332	3.146	-1.505	-4.032	-4.045	-5.082	-5.232	-3.523	1.027	-4.658	-4.183	-6.051	6.541	3.623	-1.780	0.432	0.489	0.743	3.646	2.502	-4.364	-6.893	-7.470	-12.860	-4.620	-3.290	25	ScrambledFaces
15.044	-10.176	18.082	5.631	-3.332	-9.707	4.981	12.570	21.666	9.676	26.777	19.357	-5.765	-9.084	-4.901	-3.709	-11.767	-11.343	-2.867	-4.106	-3.570	-5.224	-13.854	-20.583	-19.629	-0.920	-10.586	6.811	25	Faces
7.647	-7.161	2.413	-4.837	8.809	12.964	19.355	27.462	21.293	19.721	22.534	10.843	0.134	-2.725	-18.981	-14.309	-9.586	4.798	-9.766	-7.057	-6.273	-20.172	-22.231	-23.479	-12.364	-8.790	-6.601	5.541	25	Faces
-1.344	-7.149	-1.106	-3.552	-10.384	-0.197	-1.047	12.576	22.145	3.825	16.747	6.929	-3.417	-4.184	-20.757	-10.853	-5.512	-15.541	-12.752	-3.596	0.568	-13.572	-9.200	-11.890	13.856	10.828	-0.946	12.938	25	ScrambledCars
-12.316	-10.233	-18.568	-7.722	2.183	2.470	20.318	23.705	32.570	27.852	32.010	24.202	23.558	13.448	-29.205	-16.685	-17.711	-28.177	-12.246	-13.475	-0.055	-8.784	-17.132	8.153	0.234	14.578	18.964	19.732	25	ScrambledFaces
-7.535	-3.935	-1.953	0.096	4.818	2.395	11.591	15.989	14.361	14.158	16.741	11.274	6.790	-5.196	7.358	-3.032	1.073	-3.419	-14.172	-8.811	-0.584	-14.963	-13.462	-1.282	-9.756	-6.284	-1.022	3.437	25	Faces
-13.412	10.264	5.086	2.230	-2.171	-1.344	0.262	4.737	17.397	8.234	17.201	15.484	0.442	-0.361	4.418	-3.498	-7.863	-7.989	-6.883	0.609	-1.397	-12.324	-22.666	-4.686	-0.788	6.196	4.157	13.105	25	Cars
-0.263	-9.376	-0.698	-5.266	-3.600	-9.393	-4.615	-4.881	-0.524	-3.170	-4.651	-1.529	0.365	-0.415	1.105	-1.225	2.855	0.036	9.584	2.074	0.703	1.724	1.316	2.221	-3.286	-0.769	-0.499	-2.266	25	Faces
-7.433	5.294	6.422	10.443	6.637	7.059	11.133	-1.774	-1.148	6.100	-11.601	-10.693	2.088	4.919	3.721	5.436	7.567	3.194	10.810	-1.730	10.769	6.239	4.705	0.037	-8.072	-6.977	-3.704	-10.510	25	Cars
-1.145	5.023	5.805	7.482	7.939	7.085	7.821	9.176	7.081	4.034	2.071	-1.048	0.511	-5.231	-11.005	-1.403	-19.379	33.103	-4.691	-1.714	-3.885	-2.952	-4.264	0.222	0.678	1.894	-1.590	-4.243	25	Cars
-5.565	8.134	-5.092	7.295	4.533	-5.807	3.004	-1.229	4.343	3.730	11.936	1.384	-1.055	3.855	18.983	13.362	11.296	-10.671	9.459	15.177	3.952	1.436	-5.025	-3.191	-17.805	-15.580	-0.933	-2.559	25	Cars
11.066	0.866	-3.032	1.676	13.772	-4.627	10.591	1.351	3.039	13.609	12.105	10.343	5.143	-1.136	-4.635	-5.152	-5.308	-42.337	-5.135	-6.417	-9.170	-3.073	-7.826	3.055	6.214	12.698	20.372	13.089	25	Cars
19.060	8.434	9.445	6.490	-1.047	8.722	-22.057	-4.434	-5.742	-17.482	-7.149	-7.191	-29.458	-16.320	10.146	5.511	5.051	-10.968	4.877	0.763	-4.965	-1.212	-1.381	-9.563	-2.766	1.409	-10.801	-3.514	25	ScrambledCars
-4.070	1.857	1.035	1.943	5.721	1.783	7.982	11.689	18.044	10.208	8.107	6.307	6.433	2.229	-0.251	6.870	5.717	-4.605	0.561	6.445	1.330	5.744	-4.307	4.886	-12.213	-10.133	-0.259	-6.063	25	ScrambledFaces
-21.038	-14.080	-5.800	-4.602	8.251	6.542	31.319	19.146	25.390	28.569	24.294	16.227	11.665	9.438	-15.525	-15.647	-16.924	-14.877	-7.885	-11.289	0.349	-4.914	-14.281	11.387	-4.693	5.348	6.576	6.868	25	ScrambledFaces
-20.044	-8.118	-14.221	-4.276	1.030	-3.058	22.873	19.704	27.348	25.996	29.265	20.995	19.384	6.486	-20.175	-7.421	-19.823	-5.722	-17.362	-4.633	1.137	-20.026	-23.561	0.764	-1.488	15.009	14.132	20.844	25	ScrambledFaces
-11.179	14.586	5.167	11.327	2.345	-3.035	-7.097	10.102	6.124	-2.210	7.792	-6.103	-0.583	1.916	11.629	8.928	11.294	-20.575	5.431	16.644	15.389	-2.891	-7.783	-18.772	-11.628	-18.223	-15.487	-12.231	25	ScrambledFaces
-14.130	-19.312	-15.494	-16.336	-11.941	0.652	5.712	14.190	21.088	16.172	18.321	17.527	7.338	-3.505	-32.870	-19.952	-8.599	8.836	-12.611	-17.188	-11.502	-2.169	1.408	11.642	23.854	29.335	25.570	24.309	25	Cars
14.975	-8.934	-0.442	-4.216	-5.624	-4.617	-1.865	1.415	10.502	7.271	12.586	14.905	-1.663	-3.995	-11.668	-4.262	-8.963	-17.734	-8.848	-5.350	1.475	-6.975	-8.140	-11.030	-3.309	-3.225	0.384	4.553	25	Faces
-18.224	-7.631	-5.171	-4.205	1.138	4.885	13.441	6.491	7.682	9.934	5.558	8.506	3.898	-2.899	-6.557	-9.819	-19.389	4.647	-4.652	-11.000	-7.173	4.588	-2.944	15.296	3.868	14.140	15.762	10.416	25	Cars
-16.556	-10.520	-10.504	-11.042	-14.407	-21.893	13.681	4.090	19.531	21.279	28.250	30.530	6.944	-6.956	-14.884	-12.142	-21.758	-11.664	-13.193	-16.030	-19.499	-14.131	-15.409	14.249	19.194	37.660	25.791	40.676	25	ScrambledFaces
-9.814	2.068	-14.785	-0.186	10.986	-0.093	11.476	-10.541	-8.457	4.456	-4.526	-4.429	23.049	19.274	3.658	-0.622	7.464	-29.635	0.266	10.316	13.509	12.849	9.529	21.234	0.025	-1.872	10.140	-2.034	25	Cars
