FP1	F3	F7	FC3	C3	C5	P3	P7	PO7	PO3	O1	Oz	Pz	CPz	FP2	Fz	F4	F8	FC4	FCz	Cz	C4	C6	P4	P8	PO8	PO4	O2	ID	Condition
-5.378	-3.653	3.705	-1.290	-5.966	2.879	4.007	7.718	11.187	9.178	13.149	7.827	-5.291	-10.079	-4.783	-7.678	-14.051	-13.643	-9.558	-9.246	-9.302	-10.164	-6.559	-0.067	3.591	11.123	8.197	11.476	26	ScrambledCars
-7.800	-5.341	-9.159	-3.536	-6.003	-1.389	0.295	5.856	9.176	4.470	13.833	10.653	-4.286	0.196	-5.657	-3.589	-8.888	-4.379	-9.282	-0.578	-1.458	-4.963	-5.287	-7.357	3.922	9.483	7.887	15.313	26	ScrambledFaces
-4.875	1.772	-8.362	1.769	3.785	-3.884	-1.010	-4.275	4.653	3.320	1.461	14.607	-1.031	-2.838	-4.267	-1.271	-3.515	-5.950	-11.838	-1.990	1.486	-10.558	-8.883	-5.393	0.118	11.705	7.428	15.117	26	Cars
-8.414	-13.419	-18.556	-13.626	-4.796	-12.671	7.113	3.335	13.845	16.188	19.840	13.849	9.131	6.590	-16.045	-16.926	-4.195	-8.965	-7.435	-8.911	0.998	-2.335	-3.807	6.861	10.756	18.068	9.246	15.991	26	Faces
-6.111	-10.425	-8.655	1.029	-6.861	-7.885	-2.250	-2.005	3.450	-4.549	8.650	-0.323	-4.170	-3.001	-2.643	0.571	-1.778	0.486	6.730	4.834	0.741	7.436	5.135	7.417	5.739	14.711	7.488	5.414	26	Faces
-13.109	-11.408	-10.534	-17.603	-14.620	-8.971	5.395	1.813	6.348	8.855	17.871	21.905	0.770	-9.547	-4.366	-6.277	-6.758	-5.588	-10.766	-14.000	-14.130	-5.412	-5.664	7.416	16.598	25.238	16.327	26.977	26	ScrambledFaces
-6.862	-4.824	1.409	-7.300	-5.249	2.010	8.699	2.384	13.285	11.455	21.256	27.863	1.810	-9.941	-6.041	-18.207	-13.576	-10.039	-17.608	-20.409	-14.155	-9.913	-7.704	-0.228	8.289	15.891	14.976	25.097	26	ScrambledCars
-8.642	1.658	-2.733	-3.158	0.424	-7.474	-1.029	-4.638	2.933	5.230	-11.074	3.832	2.228	3.301	-6.738	-2.809	3.088	3.469	2.077	-3.580	-1.157	4.961	6.333	1.766	7.337	7.328	9.414	8.598	26	Cars
5.092	0.058	6.352	0.153	-4.167	-1.006	-13.831	0.280	1.455	0.033	2.797	-0.458	-10.979	-9.734	-0.787	-5.250	-3.814	-1.734	-6.138	-7.417	-6.597	-9.715	-8.139	-8.047	9.256	9.262	-3.198	9.594	26	Faces
-8.946	-4.743	-0.510	-6.934	-8.448	-6.625	-6.675	-5.526	3.765	-3.662	9.444	5.484	-7.292	-5.342	-1.851	1.534	-2.221	6.840	-2.579	1.758	-4.072	-2.085	1.576	-0.695	2.455	9.949	0.805	7.349	26	Cars
-15.626	-14.183	-18.681	-14.005	-12.904	-10.255	-7.258	-1.433	6.820	-0.542	24.199	17.741	-5.677	-9.841	-2.614	-12.412	-1.012	2.178	-1.050	-11.309	-12.669	-5.146	-0.640	2.571	14.177	18.025	12.834	23.944	26	ScrambledCars
-19.337	-12.400	-11.927	-8.390	-1.911	-6.241	-0.689	-1.355	2.910	3.862	5.208	15.137	8.787	3.645	-15.517	-9.522	-4.554	-6.455	-6.306	-2.924	2.269	2.749	-0.402	12.889	17.551	18.969	17.754	22.533	26	ScrambledCars
-1.043	-2.442	3.503	-4.552	-10.647	-10.248	-1.260	-2.289	0.112	1.857	13.213	15.020	-6.244	-10.889	-2.934	-8.230	-6.875	0.613	-7.653	-13.153	-12.288	-7.591	-3.405	-2.569	8.712	14.714	6.622	20.122	26	ScrambledCars
-11.106	-12.359	-13.195	-7.713	-8.198	-13.007	-8.114	-6.350	2.146	-4.737	-8.795	10.832	-1.103	-4.427	-4.587	-9.185	-2.124	5.662	-0.584	-10.134	-5.432	-1.582	8.562	4.409	11.988	20.142	10.884	15.683	26	Faces
-6.549	-3.653	-8.316	-1.778	-3.324	-6.298	3.045	-9.315	1.642	0.010	8.209	4.454	7.969	11.304	-2.130	-0.696	-0.356	1.121	4.562	5.272	9.369	6.481	3.585	9.828	-3.618	5.654	3.617	2.048	26	Cars
-27.254	-29.931	-35.097	-26.028	-11.918	-11.962	4.147	-2.548	12.244	15.035	27.853	26.671	8.822	7.513	-13.401	-22.532	-19.284	-14.041	-9.106	-5.646	2.410	0.491	-0.814	12.889	22.335	29.590	27.257	32.386	26	ScrambledCars
-1.255	-5.739	7.360	-3.653	-7.194	-1.642	-8.121	2.778	4.269	5.867	9.041	16.238	-3.531	-11.302	0.627	-11.405	-9.667	-0.623	-13.853	-13.410	-18.197	-14.011	-12.402	-4.714	7.528	8.783	0.493	15.026	26	ScrambledCars
0.196	-5.295	-5.371	-3.120	-3.086	-6.185	-0.778	-0.658	7.156	3.561	7.539	6.431	-1.358	-5.524	-3.678	-8.755	-4.679	-2.114	-3.560	-8.128	-6.168	-4.560	-3.333	-0.563	9.995	15.325	8.726	14.202	26	Faces
-8.474	-11.520	-2.964	-10.450	-13.876	-13.819	-4.554	-1.267	13.360	7.431	3.868	13.780	0.460	-3.641	-10.526	-17.011	-16.364	-9.569	-10.767	-12.408	-5.314	-8.546	-4.105	6.393	11.989	22.268	21.341	22.110	26	Faces
-15.126	-14.336	-8.974	-10.956	-6.410	-6.944	11.760	15.955	24.511	14.891	34.063	23.099	4.019	-6.594	-17.604	-24.141	-20.895	-15.489	-19.563	-21.919	-13.934	-16.134	-11.250	2.556	11.071	22.096	15.915	25.670	26	ScrambledCars
-7.759	-12.429	-6.657	-12.475	-7.176	-1.493	-0.146	5.719	7.675	10.672	30.654	26.401	10.084	3.872	-19.480	-17.633	-19.154	-16.988	-15.957	-12.564	-4.005	-5.383	-11.529	7.950	11.398	25.248	19.444	28.607	26	ScrambledCars
-3.808	-3.253	-9.475	-4.344	-0.128	-5.282	1.661	-2.244	2.590	10.991	-1.502	13.695	-0.466	0.599	-0.764	-2.880	2.204	2.258	-3.595	-0.515	-4.051	-2.382	0.176	-3.019	4.716	4.470	8.628	10.921	26	Cars
-7.844	-6.273	0.337	2.226	0.047	0.027	14.341	5.844	12.610	12.658	23.306	14.064	2.846	-7.126	-12.432	-11.941	-11.992	-10.859	-9.297	-12.954	-5.934	-7.333	-1.751	2.790	7.519	15.681	12.929	15.035	26	ScrambledCars
-11.197	-9.187	-16.870	-11.513	-11.510	-15.674	-1.338	-3.381	1.853	4.874	18.745	16.138	7.300	0.329	-10.136	-7.650	-3.335	-8.738	0.798	-7.210	-1.669	1.604	2.484	11.055	12.961	23.396	16.482	22.527	26	Cars
-6.921	-9.011	-6.783	-11.203	-11.562	-8.514	-7.226	-1.790	9.140	2.399	14.842	11.763	-1.719	-2.039	-9.092	-9.122	-10.586	-6.927	-8.274	-8.747	-7.066	-3.500	0.299	4.066	20.158	24.284	16.416	17.080	26	Faces
-12.708	-5.166	-5.088	0.277	2.837	2.344	5.796	0.111	4.160	8.654	14.537	17.773	10.238	5.635	-16.738	-4.865	-11.142	-16.725	-9.144	-5.000	-0.470	-3.788	-10.738	9.805	5.990	20.841	16.651	22.941	26	Cars
-11.904	-12.015	0.097	-5.651	-8.626	-6.138	-14.374	-3.656	2.059	2.006	4.490	12.098	-6.583	-4.229	-5.516	-10.645	-4.783	4.063	-2.100	-7.929	-8.158	-4.226	1.178	1.427	13.429	24.025	10.510	20.465	26	ScrambledFaces
-19.108	-19.345	-9.890	-16.339	-15.455	-14.608	0.437	4.597	9.164	3.924	17.370	18.270	-3.134	-8.160	-7.141	-18.519	-7.892	-3.150	-4.924	-15.949	-15.440	-3.492	0.329	10.075	19.987	27.956	16.830	23.920	26	Faces
-15.670	-9.442	-9.227	-7.197	-5.441	-4.567	2.429	-0.435	11.593	7.437	18.750	13.234	-1.110	-5.273	-13.331	-11.528	-8.993	-2.848	-6.687	-9.683	-6.179	-3.839	3.022	4.653	9.816	17.227	13.008	17.167	26	ScrambledCars
-12.824	-12.807	-14.284	-13.475	-12.091	-11.337	-4.919	0.503	10.654	3.974	14.457	21.364	-0.552	-7.594	-14.636	-18.664	-16.434	-6.499	-11.348	-13.803	-8.522	-2.574	1.644	11.031	21.062	26.777	22.082	25.891	26	ScrambledFaces
-12.588	-2.986	0.122	0.652	-1.744	-0.768	2.917	-2.263	4.018	15.348	8.055	14.181	4.437	-2.271	-8.156	-8.271	-11.734	-8.260	-5.391	-12.207	-10.423	-5.891	-4.011	8.671	9.181	17.627	19.509	21.417	26	ScrambledCars
-1.505	0.303	0.623	0.447	-2.483	-6.656	3.787	-5.391	-2.503	-0.482	3.907	1.972	5.524	3.898	2.368	4.058	-1.066	-5.296	-0.368	-0.449	1.657	-1.811	-2.575	2.873	2.314	6.891	2.033	6.597	26	Cars
-2.631	-4.732	2.121	-4.331	-3.280	0.630	4.286	8.832	9.880	9.223	14.482	13.616	2.717	1.802	-7.713	-5.033	-11.773	-11.827	-7.244	-5.456	-1.415	-11.543	-13.587	-1.871	-3.412	3.927	3.171	9.113	26	Cars
-3.965	-9.478	-1.970	-14.565	-17.168	-10.241	-8.495	-2.109	1.993	-5.905	23.430	5.183	-12.374	-13.519	-7.349	-13.119	-9.813	7.341	-2.287	-8.250	-6.506	-3.106	7.969	0.951	13.320	15.150	6.106	16.910	26	ScrambledFaces
-18.528	-10.272	-8.667	-10.737	-5.886	-1.810	7.798	8.726	14.439	15.691	22.665	16.814	3.112	-10.691	-12.295	-19.874	-6.870	-4.631	-10.121	-16.216	-13.002	-6.059	-5.494	2.876	11.796	20.542	16.838	19.424	26	Faces
6.900	4.763	10.156	5.770	-3.143	6.709	3.331	-0.818	-3.803	-3.620	-0.346	6.544	-20.824	-23.920	-1.504	5.243	6.581	4.842	1.013	-5.543	-18.501	-6.545	-4.690	-13.783	4.827	5.576	-7.652	5.396	26	ScrambledFaces
-15.967	-17.753	-13.427	-17.887	-12.996	-7.778	5.347	8.212	17.540	11.708	18.504	16.148	5.617	-9.380	-12.273	-16.360	-8.875	-14.368	-10.618	-20.772	-18.938	-6.000	-1.268	12.605	23.011	30.957	20.198	25.638	26	ScrambledCars
-19.562	-18.486	-17.501	-18.871	-10.282	-15.281	5.993	-2.243	14.503	11.606	27.912	21.832	4.176	0.519	-19.946	-18.700	-16.344	-15.391	-10.753	-14.045	-4.836	-6.814	-2.219	14.708	24.203	32.695	24.197	27.438	26	Faces
-11.020	-2.166	-5.114	3.317	4.675	-2.233	13.917	7.775	19.647	25.758	22.705	15.988	10.605	6.212	-18.514	-8.606	-12.984	-19.006	-13.430	-6.726	-0.992	-11.167	-10.653	0.589	3.476	7.991	12.098	17.202	26	Faces
-5.062	-3.706	-15.860	-0.407	1.929	-0.705	5.270	1.959	6.577	8.906	11.220	3.792	-2.274	-1.745	-7.185	-1.265	-6.827	-8.472	-8.914	-2.608	-3.417	-4.541	-5.748	1.119	7.236	14.015	7.568	12.560	26	Faces
-4.915	-0.906	-5.798	-4.938	-2.419	-1.236	-6.081	2.175	5.340	5.522	9.529	15.688	-1.866	-4.238	-3.900	-2.548	1.325	0.185	-7.297	-6.888	-5.947	-9.149	-7.619	-1.536	4.357	9.882	5.291	12.787	26	ScrambledFaces
-13.938	-15.135	-7.820	-8.764	-8.849	-8.656	-8.123	1.141	10.803	1.030	23.361	18.637	-4.074	-8.776	-8.938	-11.699	-11.454	-3.031	-1.590	-6.697	-3.931	-0.892	-0.162	5.931	12.418	21.458	6.403	19.765	26	Cars
-0.399	-2.824	9.417	0.541	-1.790	2.794	5.263	0.766	3.315	6.719	5.901	-1.473	-0.994	-6.052	-8.360	-6.989	-6.656	-8.664	-7.914	-5.155	-6.950	-6.485	-6.068	4.514	8.687	10.521	6.824	8.567	26	Faces
-11.298	-13.624	-13.063	-9.713	-6.785	-10.651	3.393	-4.335	-2.821	6.293	8.387	9.433	5.686	3.883	-11.828	-13.741	-11.603	-9.694	-11.181	-9.018	-4.665	1.645	6.668	14.964	19.639	22.006	22.845	19.136	26	ScrambledCars
-11.280	-7.365	-10.694	-5.577	2.324	-1.724	5.540	2.793	10.785	17.593	17.765	20.650	5.619	-3.033	-13.803	-13.533	-11.547	-13.031	-15.123	-9.684	-3.529	-3.346	-6.057	4.233	10.621	21.629	14.724	24.467	26	ScrambledCars
-13.400	-11.833	-5.738	-11.770	-2.982	-4.985	10.598	12.130	23.308	18.213	23.519	21.607	11.637	2.716	-23.852	-15.593	-20.115	-17.597	-16.326	-9.493	-3.513	-8.275	-9.626	9.003	12.347	18.417	17.529	23.203	26	ScrambledFaces
-11.775	-9.386	-10.635	-6.784	-2.698	-3.476	9.146	-1.698	1.754	0.918	8.380	9.850	-2.275	-4.180	-3.089	-4.699	-2.387	-1.360	-1.156	-5.485	-2.728	-1.197	1.640	4.826	8.242	16.265	12.789	16.068	26	Faces
-29.562	-29.690	-33.889	-23.284	-18.828	-23.501	7.987	-1.281	16.190	18.017	28.573	29.179	14.357	7.418	-9.648	-18.111	-9.743	-3.704	-2.437	-9.491	0.423	-1.087	-3.428	16.290	18.141	25.924	20.853	29.782	26	Cars
-4.920	-0.657	5.150	-0.102	-2.846	0.420	2.770	0.852	7.221	9.436	9.813	8.328	1.067	-6.633	-2.634	-12.194	-9.291	-11.332	-4.633	-9.069	-7.857	-5.475	-2.787	3.993	9.806	17.858	10.995	17.540	26	Faces
-1.096	-2.311	4.660	4.673	1.970	4.913	2.303	6.979	4.358	1.702	0.161	3.776	-2.828	-2.531	-7.387	-8.331	-13.833	0.442	-6.811	-5.609	-4.266	-3.427	-1.725	0.518	0.245	2.353	3.428	2.939	26	Cars
-7.629	-6.077	-5.076	-3.262	-3.214	-2.314	-0.922	6.419	12.840	5.963	7.229	5.895	-5.257	-5.161	-8.285	-8.624	-8.502	-4.701	-10.665	-6.454	-6.677	-7.667	-8.081	-5.421	10.424	9.765	4.595	12.692	26	Faces
-1.639	-11.500	-5.005	-15.758	-18.290	-14.600	-14.479	2.884	10.037	-1.114	10.865	9.739	-12.927	-24.285	10.522	-8.959	-3.239	3.413	-7.971	-16.282	-21.454	-8.932	-3.814	2.757	10.242	17.243	7.762	16.595	26	Faces
-2.142	-3.610	-4.150	-7.614	-9.442	-6.709	5.281	4.906	7.375	9.679	20.895	12.398	-3.238	-7.328	1.275	-6.357	-6.365	-9.086	-4.163	-11.427	-12.107	-4.847	-1.945	-0.484	6.854	9.368	8.345	9.645	26	ScrambledCars
-19.439	-9.234	-11.341	-4.572	-3.495	0.201	21.231	7.318	10.984	8.442	15.445	12.216	0.717	-5.735	-11.048	-23.001	-15.508	-6.262	-9.105	-25.957	-15.790	-7.381	1.524	-0.466	15.897	21.857	19.011	18.404	26	Faces
-13.247	-12.918	-13.776	-9.154	-8.103	-12.340	-1.347	1.757	13.039	8.032	13.130	19.024	4.487	-5.110	-10.078	-5.524	-5.383	-7.258	-5.638	-9.877	-9.716	-1.826	3.870	8.223	14.841	18.691	9.323	18.772	26	ScrambledFaces
7.261	1.955	3.231	-5.887	-3.584	-3.134	-4.308	-2.921	3.751	-0.014	-2.182	2.118	-4.446	-2.946	-3.000	-3.424	-0.247	4.475	-3.183	-8.886	-6.615	-2.119	-7.111	0.527	2.817	5.510	2.797	8.506	26	Cars
-14.111	-7.914	-12.842	-5.542	-5.964	-5.499	0.842	3.129	12.042	6.657	6.516	9.341	6.015	9.011	-13.367	-1.269	-8.962	-13.888	-9.556	7.563	13.807	-2.346	-6.016	3.541	11.213	15.190	7.776	14.352	26	Faces
-11.784	-12.328	-11.833	-11.072	-9.796	-5.150	3.131	5.475	11.542	10.408	15.697	17.123	1.919	-5.698	-11.086	-14.262	-9.229	-9.833	-7.799	-8.021	-8.129	-6.771	-6.673	4.795	8.382	19.264	12.431	21.881	26	Cars
-12.582	-14.885	-9.960	-11.119	-7.760	-10.768	9.300	-2.118	7.073	7.069	15.614	18.111	2.676	-4.220	-10.538	-16.454	-10.579	-3.677	-5.918	-13.227	-10.885	-6.882	-2.951	5.627	8.652	21.992	23.056	25.802	26	Cars
0.440	1.251	3.247	-2.138	-5.862	-0.398	-3.497	5.998	12.338	5.537	-6.583	7.715	1.442	-4.752	-4.565	-2.659	-8.160	-9.085	-6.726	-9.726	-9.550	-9.789	-6.071	-3.754	7.714	13.218	4.227	13.471	26	Faces
-0.739	-7.701	-2.107	-10.464	-8.264	-3.763	-6.815	9.096	13.449	4.062	12.604	8.692	-10.827	-9.517	-2.389	-9.511	-13.270	2.252	-10.971	-19.334	-14.964	-11.119	-6.407	-5.118	12.455	13.764	3.223	15.234	26	Faces
-9.231	-12.340	0.702	-10.726	-9.610	2.863	-4.355	12.344	15.850	8.481	9.584	15.675	-12.647	-17.145	-12.188	-17.617	-12.802	-4.358	-15.253	-18.319	-15.282	-12.262	-7.559	-7.012	14.483	20.951	4.097	20.243	26	Faces
-18.818	-19.642	-12.984	-21.706	-16.150	-14.254	-0.137	1.794	12.474	10.792	20.741	21.094	-7.723	-14.366	-12.180	-19.529	-12.161	-6.624	-10.412	-20.579	-19.437	-6.652	-3.457	13.174	25.489	34.117	22.659	28.494	26	ScrambledFaces
7.354	8.603	3.748	4.713	2.153	-0.237	3.923	-4.122	0.531	-2.694	4.684	2.219	-5.554	-5.556	4.146	-0.600	2.048	4.832	1.664	-4.316	-8.155	-1.862	0.820	-6.229	-4.095	0.994	-0.622	-1.751	26	Cars
-20.562	-16.925	-11.022	-9.610	-7.380	-7.730	5.498	8.381	18.772	15.253	19.122	27.948	3.837	-5.427	-21.305	-19.226	-16.586	-17.359	-12.272	-13.403	-10.449	-6.365	-2.714	8.748	18.148	28.626	23.461	34.602	26	ScrambledCars
-5.807	0.287	4.564	2.885	4.687	1.222	20.453	-2.309	2.742	1.695	5.950	5.282	5.972	4.569	-9.869	-2.987	-10.682	-8.356	-8.849	0.470	5.347	-5.464	-7.932	2.296	1.047	0.159	-1.065	4.579	26	Cars
3.051	2.330	-1.378	-2.367	-5.318	-5.727	-3.327	-2.262	-1.221	1.483	5.792	2.471	-1.101	-1.605	-1.640	1.188	-3.145	-5.137	-4.724	-1.116	-0.590	-5.358	-4.111	3.992	7.403	8.942	4.448	7.425	26	Faces
-5.867	-7.195	-5.807	-9.614	-6.823	-7.532	-0.787	-2.647	6.389	6.232	5.753	11.866	-1.459	-3.051	-6.177	-11.647	-11.384	-4.488	-10.472	-8.393	-6.433	-0.623	1.697	4.951	14.635	13.115	11.747	14.643	26	ScrambledCars
-24.145	-23.031	-13.708	-13.446	-6.687	-2.307	13.474	18.070	30.709	32.368	42.501	35.553	10.476	0.486	-28.154	-38.198	-33.522	-17.779	-19.828	-22.892	-14.518	-9.355	-3.234	8.639	10.299	29.028	27.624	35.135	26	ScrambledFaces
-7.908	-9.702	-17.988	-10.525	-8.069	-15.295	-2.092	-10.637	-7.462	0.863	0.635	5.098	6.627	2.441	-5.649	-2.138	5.616	-1.487	9.819	3.486	3.814	9.325	8.894	14.890	9.083	17.804	12.683	17.370	26	ScrambledCars
-13.863	-8.670	-17.654	-8.407	-6.028	-9.483	6.141	1.578	14.254	16.354	15.321	24.628	6.953	-6.815	-8.019	-8.077	-2.944	-9.161	-2.085	-10.604	-10.611	-9.515	-8.626	0.098	7.954	19.536	10.854	23.926	26	ScrambledFaces
-9.352	-10.042	-11.321	-8.577	-8.739	-9.656	5.114	2.324	7.112	10.471	15.400	15.462	1.078	5.922	-4.156	1.871	-7.519	-15.638	-10.383	1.023	3.376	-1.567	-6.753	11.444	10.120	14.295	13.124	16.093	26	ScrambledFaces
-6.686	-3.041	-4.312	-22.703	-1.153	-4.595	1.180	-0.448	4.264	4.503	8.520	7.755	-0.675	-0.698	-5.445	-0.258	-1.892	-0.852	-3.304	-2.222	-4.682	-1.920	-3.836	5.318	6.724	11.696	6.419	11.722	26	Cars
-14.510	-9.420	-8.346	-9.642	-2.653	-9.266	-5.138	-4.252	5.719	1.126	16.535	17.626	1.002	-2.816	-9.934	-5.215	-4.251	-2.899	-0.905	-1.350	-3.046	2.472	4.991	-0.189	4.491	11.821	4.637	14.593	26	ScrambledCars
-2.925	-4.782	16.350	-12.229	-8.143	0.162	-2.921	-1.533	1.951	-1.081	10.704	5.625	-0.529	-8.518	-2.627	-8.931	-2.237	-0.838	-2.194	-11.207	-12.078	-2.533	-2.627	0.588	4.660	9.310	2.064	11.506	26	Cars
-1.945	-2.446	-2.105	-9.276	-11.788	-5.628	-13.347	7.146	7.122	-3.433	6.825	10.941	-8.329	-13.072	-5.846	-5.251	-6.893	-4.423	-8.020	-9.825	-14.120	-11.734	-5.794	-0.335	13.118	16.969	14.275	13.086	26	ScrambledCars
-0.940	1.001	0.898	1.275	-2.281	-1.561	-0.445	-0.647	-1.147	2.928	3.062	5.533	-7.051	-5.511	3.797	0.511	0.100	-0.541	-2.150	-2.080	-4.269	-1.683	-4.802	-3.998	0.037	3.960	-4.563	5.147	26	ScrambledFaces
-16.212	-13.375	-13.232	-10.950	-0.158	-6.763	1.280	2.541	10.118	8.681	4.913	14.598	1.180	-1.541	-10.373	-16.249	-15.729	-1.203	-7.658	-12.849	-7.338	-2.005	-2.532	4.782	8.692	13.189	13.249	20.677	26	ScrambledFaces
-7.152	-6.046	-2.360	-1.954	0.120	1.284	9.892	3.591	5.522	13.096	5.575	5.892	7.881	-0.649	-10.686	-11.803	-5.924	-12.532	-9.278	-12.258	-8.157	-5.592	-3.507	5.427	4.368	4.131	60.964	7.285	26	Cars
-19.986	-24.798	-14.145	-24.018	-11.420	-14.230	12.542	8.900	20.267	27.694	20.879	34.724	15.377	0.215	-20.648	-23.836	-21.027	-20.300	-19.879	-12.013	-9.055	-11.207	-9.752	15.523	15.280	30.752	28.919	40.995	26	ScrambledFaces
-8.915	-8.122	-3.484	-10.173	0.610	-0.270	7.031	7.577	10.843	17.051	17.197	16.374	6.714	-2.967	-7.678	-11.949	-16.888	-16.725	-13.496	-12.296	-8.716	-11.815	-12.399	3.800	8.340	16.994	16.837	18.844	26	Cars
-4.676	-0.530	6.584	-7.916	-13.168	-7.023	-4.229	-1.667	5.138	-1.222	9.801	10.782	-10.891	-12.967	-4.035	-7.355	-0.312	2.655	-3.711	-16.322	-15.942	-7.553	-6.174	-3.323	8.303	11.334	2.206	15.532	26	Faces
-19.729	-18.507	-21.525	-17.691	-11.162	-11.756	6.442	4.384	19.388	12.987	32.967	25.714	1.191	-6.148	-15.626	-18.513	-17.025	-9.106	-9.392	-18.852	-15.756	-4.947	1.703	6.715	24.208	28.434	18.489	30.658	26	ScrambledFaces
-12.062	-12.471	-18.705	-7.287	-6.816	-9.313	3.641	1.873	6.651	11.164	21.168	15.704	10.431	8.665	-11.848	-12.591	-10.393	-10.574	-6.390	-7.918	-4.542	-8.421	-5.884	6.475	14.270	18.530	12.536	21.925	26	ScrambledFaces
-17.518	-11.730	-21.470	-12.843	-9.032	-9.873	0.108	0.103	9.994	9.016	11.543	14.519	11.722	2.642	-15.304	-9.509	-5.892	-11.176	2.137	-10.675	-3.503	5.711	1.353	21.883	21.048	26.712	26.152	27.029	26	Cars
-7.092	-5.874	-7.727	-4.125	1.063	-5.175	6.553	-4.056	6.804	7.286	2.041	8.259	16.685	9.199	-17.151	1.621	-17.115	-15.105	-8.125	10.157	13.755	-2.554	-9.205	16.707	7.380	19.156	14.112	15.715	26	Cars
-1.726	-2.678	5.686	-4.683	-6.780	-3.937	-4.381	1.222	12.414	8.845	4.863	10.371	-1.672	-7.228	-6.065	-9.209	-9.599	-6.449	-9.733	-11.567	-11.146	-10.717	-8.108	0.258	7.516	19.467	16.741	16.741	26	Cars
-1.549	-5.160	-8.366	-5.952	-2.423	-5.836	-1.653	-7.081	-3.170	1.206	4.234	2.235	4.222	7.075	0.190	4.687	6.503	-5.279	4.154	1.220	0.600	2.003	2.153	5.356	3.184	5.145	16.662	4.328	26	Cars
-9.546	-13.632	-8.298	-13.369	-9.400	-6.763	-5.358	8.607	10.253	1.454	13.222	12.244	-9.594	-13.047	-12.332	-16.825	-15.041	-3.218	-6.379	-16.903	-14.287	-4.872	0.192	3.084	18.611	24.409	16.678	21.301	26	Faces
-1.535	-0.349	-3.250	-3.237	-7.280	-6.343	0.089	-3.659	7.943	1.459	6.586	10.091	-1.603	-5.883	-6.821	-5.846	-6.396	-7.038	-3.976	-4.774	-5.809	-2.599	-6.366	5.548	8.189	19.486	8.493	15.772	26	Faces
-13.005	-14.567	-7.262	-14.821	-12.900	-6.001	2.633	6.459	12.894	13.179	9.873	10.947	-1.114	-7.149	-3.707	-16.170	-8.619	1.235	-8.413	-13.628	-11.128	-6.832	-0.171	0.946	13.977	15.016	11.217	18.073	26	Faces
-2.424	0.034	2.093	-1.976	-8.233	-6.174	-4.218	4.521	16.765	6.684	22.240	13.627	-7.457	-15.347	-10.001	-10.212	-13.080	-5.044	-12.333	-11.623	-16.353	-13.956	-6.842	-4.484	10.002	14.176	7.266	15.354	26	Faces
-12.014	-10.829	-9.793	-5.207	-0.384	-1.137	3.317	5.772	4.803	6.017	10.111	12.616	7.001	-2.326	-8.238	-10.017	-7.507	-8.068	-2.279	-7.413	-1.711	-2.033	-4.900	6.493	5.447	10.715	3.739	14.389	26	Cars
0.319	-1.913	3.941	-2.914	-8.975	-2.574	0.361	6.481	9.965	6.939	14.752	15.804	-9.199	-17.180	-10.722	-9.306	-12.743	-8.239	-12.704	-15.792	-18.798	-14.671	-11.602	-5.342	9.470	14.484	6.591	15.516	26	ScrambledCars
-15.976	-23.621	-14.692	-22.042	-13.735	-16.258	-9.289	2.967	8.479	10.169	8.783	19.551	0.435	-1.377	-7.419	-20.140	-7.559	3.676	-5.923	-16.005	-8.817	-3.184	-1.773	2.796	16.510	23.636	13.305	22.367	26	ScrambledCars
-11.120	-8.833	-12.175	-15.114	-16.559	-8.497	0.258	6.263	15.484	7.177	27.538	24.043	-4.797	-17.590	-12.402	-11.905	-13.485	-6.155	-14.093	-19.767	-20.167	-16.262	-8.265	-3.189	19.100	24.629	10.350	25.333	26	ScrambledFaces
3.022	-0.027	-5.437	5.212	1.053	-1.878	0.144	-6.646	-4.009	-3.216	1.629	4.532	2.890	3.297	-3.642	4.983	2.150	-0.813	6.703	4.605	2.761	0.800	-1.237	7.355	-3.635	1.020	0.444	10.302	26	Cars
-17.072	-20.769	-12.230	-18.328	-10.325	-10.114	8.443	12.392	18.107	18.643	15.118	24.924	6.695	-2.769	-12.852	-20.795	-16.294	-14.378	-13.467	-15.534	-12.687	-11.210	-13.638	12.124	13.979	28.275	19.320	30.138	26	ScrambledFaces
3.048	-2.945	-1.762	-3.305	-4.822	1.933	-5.097	1.795	12.212	4.394	14.051	5.244	-0.477	-0.374	-1.278	-2.481	-4.580	-6.128	-3.899	-6.026	-1.360	-2.912	-3.737	0.294	-1.262	3.808	-0.342	5.315	26	Faces
3.197	6.832	2.801	7.831	0.818	2.860	0.037	-5.083	0.415	-4.208	6.551	3.384	1.262	-4.293	2.301	0.672	-6.008	-1.521	-4.352	-1.904	-4.239	-5.759	-5.513	0.163	-1.645	0.642	-5.890	3.436	26	ScrambledCars
-10.458	-6.374	-7.444	0.033	0.212	-1.875	3.185	4.272	8.600	9.826	21.943	18.087	0.477	-1.679	-13.500	-8.257	-8.266	-14.218	-6.822	-6.243	-4.775	-6.933	-7.486	4.101	9.796	13.616	7.146	20.236	26	Faces
-1.194	-5.953	-1.253	-6.826	-0.838	-3.928	10.773	-0.182	0.485	5.920	2.298	8.559	0.277	1.446	-5.491	-8.056	-4.571	2.363	-4.749	-5.703	-4.866	1.901	-1.643	-1.764	1.243	12.424	8.855	10.690	26	Cars
-1.910	-10.466	1.043	-16.595	-12.253	-6.659	0.231	6.374	8.199	14.080	15.098	5.830	-5.586	-15.793	-6.554	-8.323	-14.129	-3.372	-14.356	-11.383	-16.058	-9.794	-4.608	-4.638	11.387	16.842	6.387	14.875	26	Faces
0.171	-5.623	2.353	-11.453	-14.824	-3.337	-11.641	3.005	5.933	-5.381	9.865	3.321	-15.989	-22.154	0.796	-10.699	-4.028	2.998	-5.893	-17.507	-20.516	-10.749	-1.449	-8.825	9.851	10.182	3.320	8.158	26	ScrambledCars
-13.105	-12.440	-5.340	-10.069	-7.164	-3.973	1.208	4.687	15.447	3.354	18.646	21.204	-4.566	-10.520	-17.761	-20.862	-11.324	-9.479	-5.761	-17.208	-13.696	-3.837	1.321	10.524	18.741	22.225	11.941	28.332	26	ScrambledFaces
-4.638	-5.688	-10.122	-7.734	-1.439	-4.325	2.080	-2.499	-0.114	3.072	5.775	10.658	4.255	2.541	0.263	-4.508	0.347	-2.065	-0.076	0.835	2.180	4.696	3.825	2.962	2.354	3.986	7.204	7.094	26	Faces
-5.779	-4.642	0.677	-5.570	-7.167	-0.759	6.331	11.374	16.094	11.823	17.493	21.196	-3.938	-6.622	-10.372	-13.936	-9.646	-11.251	-10.974	-15.922	-13.706	-9.864	-12.117	1.005	5.268	12.314	10.039	17.706	26	ScrambledCars
-0.085	0.616	1.072	-0.011	-5.423	0.561	2.741	4.066	7.070	8.774	4.873	6.823	-0.004	-8.285	-0.493	-5.266	-5.922	-3.218	-10.404	-10.597	-9.753	-13.202	-12.931	-6.935	-2.463	9.021	7.191	8.514	26	Cars
-13.970	-5.602	-8.054	-3.701	-7.215	-4.450	7.017	8.987	20.379	13.644	27.284	12.059	3.275	-10.304	-10.567	-9.695	-7.050	-10.491	-9.357	-10.292	-12.169	-9.187	-4.642	6.634	9.940	16.901	11.281	19.942	26	ScrambledCars
-9.265	-8.217	-15.066	-2.217	-5.426	-10.595	-3.393	-4.749	3.112	2.393	19.952	15.198	2.387	-2.162	-10.471	-8.400	-10.915	-7.068	-4.957	-5.397	-1.005	-3.418	1.052	6.663	12.252	17.190	12.572	17.921	26	ScrambledFaces
-14.208	-9.846	-3.682	-7.848	-7.641	-9.886	-3.839	-1.824	2.933	-2.408	6.695	13.248	-6.842	-11.464	-9.668	-4.768	-1.762	4.368	0.147	-7.590	-12.514	2.739	4.010	-1.620	17.007	18.113	6.513	15.398	26	Faces
-2.413	-0.360	-1.915	-2.601	0.316	-2.190	1.851	1.452	6.440	4.334	15.810	6.813	5.946	5.671	-9.472	-6.044	-3.108	-6.027	-3.877	-2.790	-1.101	-1.910	-7.619	1.695	2.463	8.609	9.067	7.633	26	Cars
8.835	10.457	12.275	2.560	-4.322	1.707	-6.304	-2.464	3.036	-3.676	-7.230	-5.789	-15.122	-14.385	7.350	9.924	2.207	1.574	-0.876	-1.035	-11.330	-4.179	-4.758	-4.509	-1.906	2.789	0.413	-0.543	26	Faces
-13.048	-12.356	-9.528	-2.591	-6.116	-4.629	3.373	7.036	15.324	15.423	35.162	19.416	2.427	-6.729	-12.578	-12.299	-12.235	-7.424	-6.805	-12.643	-7.643	-2.866	3.613	5.491	7.950	7.717	6.226	14.916	26	ScrambledCars
-7.495	-8.155	-10.059	-5.533	-3.466	-9.790	-5.444	-7.168	-1.984	6.219	-3.872	7.091	8.430	3.116	2.396	-1.003	-4.044	-1.875	0.052	-0.168	3.775	3.874	7.037	7.552	5.899	7.572	18.952	8.539	26	ScrambledFaces
-1.210	-2.769	-4.014	-7.803	-12.972	-9.195	-7.151	-3.870	2.355	-0.585	3.307	0.101	-7.129	-4.564	0.350	-1.904	-2.057	4.764	-5.417	-3.128	-3.430	-3.288	-1.678	-0.693	2.581	7.592	-2.118	3.778	26	Cars
-11.012	-9.483	-13.224	-10.693	-12.019	-13.055	-5.246	-3.564	3.678	-8.318	11.876	10.415	-4.924	-6.370	-7.045	-12.887	-5.542	-2.249	-6.327	-12.102	-12.145	-0.980	5.872	5.989	24.507	29.006	-21.879	21.634	26	Faces
7.323	-3.393	-2.407	-6.950	-13.226	-10.028	-9.958	-8.557	-5.839	-5.047	6.725	8.303	-12.696	-16.054	3.612	-9.102	0.283	8.645	1.188	-9.638	-10.338	-1.699	2.583	-1.512	11.090	9.036	-3.291	11.681	26	ScrambledCars
-7.755	-7.944	-6.231	-8.621	-5.365	-5.023	4.163	0.960	13.173	10.747	13.319	15.885	0.653	-5.129	-9.984	-9.785	-9.720	-1.917	-4.685	-8.304	-8.530	-5.292	-5.747	-0.039	5.601	12.961	13.202	18.567	26	ScrambledCars
-1.904	-12.107	-4.292	-11.857	-7.543	-6.558	2.885	3.187	11.020	15.814	24.883	16.817	8.164	-1.079	-8.582	-14.633	-12.303	-8.721	-12.025	-17.465	-8.259	-5.133	-6.435	5.976	1.895	16.312	18.772	23.399	26	ScrambledCars
-5.266	-8.220	-14.493	-10.040	-8.030	-10.197	0.914	1.597	10.299	8.248	14.035	12.928	-1.223	-6.544	-0.272	-8.941	-7.700	-7.731	-6.476	-9.471	-6.589	-5.295	-2.584	6.882	6.162	14.107	11.813	19.602	26	Faces
-17.472	-10.866	-11.820	-10.956	-12.279	-8.652	5.726	7.489	18.847	14.144	18.708	21.870	5.919	-1.797	-14.493	-9.505	-6.758	-5.699	-7.458	-11.878	-11.739	-4.480	-6.365	3.439	8.145	16.857	12.414	23.866	26	ScrambledFaces
-15.752	-5.022	-4.969	-3.461	-3.753	-4.526	8.954	7.886	18.288	7.479	20.705	18.780	-0.013	-6.000	-11.468	-9.379	-1.167	-8.908	-6.792	-7.937	-8.187	-5.149	-8.639	0.084	13.263	25.847	-21.466	22.757	26	ScrambledFaces
2.454	2.252	5.078	6.825	3.009	4.135	5.999	0.484	2.151	5.089	11.108	7.394	0.318	-7.822	4.305	-6.076	-2.545	-4.601	0.764	-7.588	-8.563	-5.401	-4.896	-1.395	-6.342	2.638	-15.641	5.156	26	Cars
-17.405	-17.522	-16.823	-11.368	-7.090	-10.767	-1.438	2.628	12.613	17.600	23.201	24.214	6.748	2.335	-4.803	-6.713	-13.014	-19.330	-4.312	-6.781	-2.919	-3.782	-7.470	9.760	9.224	18.262	20.291	22.573	26	ScrambledFaces
-0.033	-0.463	-9.774	-3.217	-3.566	-7.164	1.080	-4.340	6.949	7.512	4.713	9.902	4.876	2.588	-2.907	2.605	-8.485	-8.935	-10.577	4.985	4.001	-8.442	-14.844	-3.562	-6.327	2.272	42.266	14.484	26	ScrambledFaces
-10.232	-5.837	-15.765	-10.030	-7.083	-8.396	-1.057	4.811	9.271	5.472	10.470	9.532	2.291	-1.601	-8.130	-8.192	-2.397	-6.932	-7.416	-9.598	-5.573	-2.236	-4.608	4.763	16.164	18.473	13.211	13.771	26	ScrambledFaces
-6.961	-2.069	-7.770	4.257	3.323	-1.601	13.555	9.935	12.338	7.270	9.864	9.463	0.142	-7.802	-6.940	-5.266	-8.639	-5.123	-4.046	-6.660	-6.826	-4.693	-3.542	2.192	2.095	9.918	-1.684	8.365	26	ScrambledCars
4.046	-5.123	0.714	-2.544	-10.276	-6.959	-9.095	-2.476	7.462	-1.989	8.756	12.145	-10.767	-15.218	5.406	-3.818	-5.550	-2.948	0.975	-14.452	-16.623	-12.786	-4.138	-4.184	1.206	9.188	3.156	10.181	26	Cars
-2.097	-4.839	1.036	-9.504	-8.179	-5.405	-6.591	-3.652	5.515	5.570	-3.081	14.488	-3.357	-5.405	-3.786	-6.013	-8.260	-2.345	-9.795	-9.188	-8.641	-5.130	-6.020	-3.969	5.648	17.010	15.196	20.048	26	ScrambledFaces
-2.921	3.172	-0.422	-1.194	-2.146	-0.818	-0.626	4.986	5.115	-0.864	-6.863	1.145	2.918	-4.282	-5.261	-5.465	1.058	-1.547	-8.945	-5.505	-4.593	-6.120	-8.406	-3.565	8.507	11.767	5.929	10.021	26	Cars
-3.384	-0.154	-7.543	3.218	1.164	-3.463	4.720	-4.423	-2.148	-0.125	-2.698	4.026	6.855	5.187	-7.817	-1.274	-4.170	-7.467	0.035	-0.704	-0.544	-2.689	-5.577	8.215	9.434	12.101	14.699	10.624	26	Cars
-7.014	-6.814	0.068	-1.351	-0.559	6.291	-2.701	7.249	11.288	-4.766	24.804	11.552	-10.636	-8.436	-14.099	-10.463	-16.216	-8.076	-6.174	-13.650	-10.652	-9.342	2.557	-0.702	3.436	6.898	5.133	11.556	26	ScrambledCars
-27.147	-25.156	-22.186	-24.744	-9.008	-9.487	16.615	21.246	30.917	37.951	36.137	33.660	12.708	2.422	-14.396	-27.647	-23.312	-10.569	-12.355	-19.525	-11.539	-11.869	-7.559	7.926	10.925	27.206	17.402	32.025	26	ScrambledFaces
-4.167	5.850	-2.182	-3.217	-9.678	-6.776	-8.423	-3.598	4.552	0.812	6.191	4.302	-0.852	-9.785	-0.478	7.876	5.980	2.420	-4.177	-2.350	-8.501	-6.858	-14.129	-2.016	6.473	11.321	7.465	15.662	26	Faces
-4.523	-4.849	-1.286	-7.903	-7.015	-5.011	2.933	6.462	12.246	4.835	7.364	13.142	-6.102	-10.555	-10.424	-7.850	-8.665	-7.686	-5.351	-8.910	-8.271	-4.466	-2.120	-0.219	8.793	12.283	4.510	15.273	26	ScrambledFaces
-9.064	-5.998	-10.484	-6.180	-4.486	-10.222	-2.227	3.342	13.029	13.002	22.014	19.418	3.908	-2.179	-13.749	-1.219	-7.728	-7.018	-9.699	-5.841	-6.946	-11.147	-12.277	3.253	8.285	13.561	9.583	18.837	26	Cars
-9.230	-12.041	-4.417	-14.208	-13.767	-13.361	-5.511	2.746	17.812	5.284	24.521	18.429	-7.808	-16.018	-5.260	-10.901	-9.901	-8.909	-9.430	-11.898	-17.009	-13.605	-7.230	-1.270	16.995	21.817	12.783	20.816	26	ScrambledFaces
-17.160	-14.133	-16.428	-9.275	-5.789	-11.156	1.963	-2.221	8.023	10.480	21.575	17.783	5.113	3.420	-11.700	-9.605	-12.166	-11.011	-4.117	-1.749	2.977	-2.667	-1.513	11.081	12.272	23.161	18.689	26.282	26	ScrambledCars
1.211	5.161	9.438	0.840	-5.067	-0.001	-6.608	-0.000	1.295	-1.228	9.042	11.696	-7.776	-8.625	-0.907	-0.635	-3.127	-1.942	-8.312	-5.194	-7.005	-7.496	-8.065	-5.579	-0.340	5.849	4.312	12.653	26	Cars
-22.710	-18.921	-15.565	-19.429	-5.276	-6.774	8.654	12.261	18.517	17.900	28.397	29.269	12.388	-4.429	-28.780	-24.085	-23.258	-22.795	-17.100	-19.558	-10.955	-7.583	-6.082	14.545	24.819	34.232	27.441	38.913	26	ScrambledFaces
-2.830	-6.792	5.580	-7.398	-11.581	-0.546	-2.583	10.810	10.870	2.071	15.008	9.048	-10.418	-20.436	-3.134	-11.285	-7.599	-2.946	-8.527	-17.826	-21.536	-10.946	-3.771	-6.408	10.370	21.577	4.645	19.966	26	ScrambledFaces
-5.639	-7.426	-6.765	-4.760	-8.248	-7.775	12.966	1.011	13.835	15.682	18.158	21.480	2.804	-3.104	-7.515	-11.612	-16.553	-9.725	-7.593	-12.519	-8.926	-13.466	-9.576	4.318	0.337	14.211	8.806	14.833	26	Faces
0.637	0.232	-0.987	-7.038	-5.522	-3.489	4.517	3.054	11.913	14.658	10.610	7.421	-5.500	-4.926	-8.399	3.223	-5.839	-10.728	-7.621	-2.959	-7.588	-8.987	-1.097	-3.512	7.194	9.058	6.221	13.544	26	Faces
-7.258	-5.100	2.483	-6.861	-4.238	-0.977	-3.186	5.133	4.408	2.745	14.018	7.121	-3.161	-14.112	-3.184	-12.855	-6.910	1.189	-6.576	-16.911	-13.498	-4.694	-3.109	-4.006	5.720	7.761	0.468	11.918	26	ScrambledCars
-19.957	-18.316	-18.495	-14.784	-11.598	-10.845	8.412	5.989	16.179	11.463	24.585	22.185	0.557	-10.905	-17.737	-19.324	-16.463	-10.102	-6.372	-18.074	-13.440	-6.968	-5.462	8.061	20.389	27.853	14.072	25.138	26	Faces
2.101	5.185	8.224	4.582	4.159	11.883	9.850	12.688	11.112	8.213	17.089	7.509	-4.524	-4.844	-15.273	0.928	-14.143	-18.765	-5.425	0.015	-0.311	-7.551	-6.697	-0.270	-1.112	5.687	5.805	6.014	26	ScrambledFaces
5.779	1.889	1.116	1.018	0.548	1.821	-3.562	-1.989	1.255	2.518	-2.255	4.993	-5.399	0.573	5.861	3.603	0.395	-2.259	-5.751	1.911	0.090	-5.512	-7.791	-9.539	-4.526	0.552	-6.507	3.934	26	Cars
-6.494	3.296	-0.389	1.099	1.437	-3.102	-0.236	-6.923	-1.648	2.590	11.609	1.881	-2.038	2.594	-4.545	-1.446	-9.118	-0.639	-6.423	-3.723	-1.819	-3.488	-6.346	2.154	7.628	8.296	11.781	10.502	26	ScrambledCars
-17.073	-10.082	-0.872	-7.435	-7.695	-2.378	6.707	9.432	16.467	19.143	14.443	16.455	7.710	-5.145	-18.788	-14.999	-15.166	-8.219	-9.543	-12.780	-13.993	-8.501	-3.751	7.548	10.653	20.384	12.179	18.951	26	Faces
-12.088	-15.078	-15.048	-12.955	-9.102	-7.852	2.735	3.967	10.107	6.212	20.937	9.614	-2.167	-4.193	-5.651	-8.051	-2.279	-1.758	-4.687	-8.475	-7.722	-0.733	2.287	9.965	8.346	15.169	9.514	12.845	26	ScrambledCars
-2.809	5.204	-3.408	3.775	1.283	2.508	8.982	1.848	8.254	8.456	14.368	9.950	0.157	-3.186	-11.128	4.307	-2.170	-5.405	0.155	0.011	-0.608	-2.353	0.369	1.234	-2.505	3.308	3.599	10.481	26	ScrambledFaces
-5.753	-6.276	-4.364	-6.586	-12.693	-11.296	-5.380	-3.157	5.810	6.243	14.891	16.713	-7.763	-11.971	-6.360	-8.300	-13.927	-7.440	-9.761	-8.926	-11.503	-7.582	-3.471	-2.617	16.680	19.008	10.038	16.711	26	ScrambledCars
-11.014	-4.746	-3.647	-4.483	-4.775	-8.129	6.593	1.263	3.851	7.525	7.752	8.074	3.000	2.738	-9.226	-10.879	-3.201	-5.546	-4.787	-6.216	-4.410	-1.213	-0.872	8.477	6.346	10.699	16.517	6.701	26	Cars
-4.894	-4.573	-3.806	-6.511	-2.096	-7.475	-4.337	-1.267	1.333	-3.289	0.406	5.456	2.474	-1.414	-9.457	-8.778	-6.288	0.865	-2.511	-5.549	2.198	0.981	5.511	2.587	10.263	8.616	8.968	11.204	26	ScrambledFaces
1.830	-2.586	4.738	-2.622	-1.898	0.267	1.191	-2.535	-0.271	1.869	-3.998	4.194	2.070	-1.986	-2.519	0.429	-4.740	-2.670	-0.233	-3.100	0.624	-6.981	-6.361	2.779	0.497	6.035	-0.558	8.947	26	Cars
-7.415	-6.280	-6.271	-9.115	-4.798	-6.620	4.505	-2.720	5.822	12.758	5.836	17.320	2.546	-2.421	-1.295	-0.013	-10.389	-5.111	-8.107	-2.160	0.440	-8.130	-5.810	6.748	0.138	15.844	14.173	19.536	26	ScrambledCars
-6.749	-3.794	-7.557	-3.888	-8.671	-8.881	-3.424	-5.415	-2.578	1.928	3.580	10.317	6.582	3.677	-3.998	-2.542	4.368	4.798	2.708	2.890	-2.309	3.029	1.053	4.267	6.273	11.562	7.017	11.348	26	Cars
-19.127	-3.435	-8.407	-3.790	3.497	-2.578	12.328	8.268	16.642	18.474	21.421	19.272	9.713	3.497	-24.895	-10.364	-10.498	-18.016	-1.753	-7.152	-5.264	-1.697	-1.527	6.071	8.517	16.238	27.878	20.568	26	ScrambledFaces
6.302	12.193	-0.882	5.903	1.788	-6.177	-0.780	-9.275	-3.918	-4.988	-9.086	-2.861	-0.738	1.005	7.031	17.621	10.153	-5.217	5.893	9.964	6.232	3.047	-6.296	1.349	-2.773	1.495	-21.252	-0.712	26	Cars
-15.812	-9.907	-6.671	-8.875	-8.913	-9.752	-2.923	4.814	7.617	6.441	22.239	19.826	-2.647	-7.635	-8.804	-15.736	-10.141	-2.461	-10.302	-16.380	-6.145	-5.280	-0.946	3.978	15.976	18.751	-6.087	22.032	26	ScrambledCars
-3.149	-2.716	-10.885	-1.501	-5.305	-3.700	-3.421	1.554	2.492	-0.849	23.063	11.692	-7.719	-7.473	-2.746	-1.893	-6.825	-13.406	-7.354	0.645	-3.747	-6.105	-3.657	1.619	6.326	12.827	3.838	13.649	26	ScrambledFaces
-3.198	-9.493	-1.046	-4.954	-5.801	0.222	4.136	9.626	9.661	12.331	12.757	13.717	5.798	-2.964	-5.647	-9.336	-11.142	-6.708	-16.432	-10.765	-12.124	-9.147	-6.996	-3.319	2.973	11.134	8.240	13.417	26	ScrambledFaces
-12.825	-13.944	-14.429	-11.970	-7.038	-9.128	-4.255	5.914	12.871	2.492	8.009	16.801	-0.162	-2.907	-16.547	-13.372	-11.901	-10.079	-4.359	-5.828	-2.247	1.071	0.580	2.940	22.976	25.779	15.502	24.716	26	ScrambledFaces
-9.895	-7.984	-4.956	-9.421	-4.012	-2.847	10.568	9.964	19.047	14.097	17.303	22.313	3.401	-5.878	-13.963	-13.179	-15.269	-14.533	-14.588	-15.270	-10.125	-13.287	-15.462	0.287	5.053	19.140	7.409	22.795	26	ScrambledFaces
-18.200	-9.586	-7.659	-6.609	-8.500	-7.319	-10.553	-8.226	-2.609	-6.625	11.268	15.455	-4.320	-4.249	-7.605	-14.165	-5.075	3.729	-0.363	-8.846	-3.565	1.401	4.840	7.580	12.692	22.506	14.895	21.172	26	ScrambledCars
0.252	-9.335	-0.138	-5.160	-11.939	-9.861	1.620	-6.584	-1.460	2.629	10.063	11.938	0.844	-8.295	-1.929	-8.464	-9.054	-10.105	-5.462	-10.181	-6.752	-2.575	1.768	3.390	5.954	13.059	11.736	16.167	26	ScrambledCars
-6.476	-11.396	-5.619	-9.518	-6.130	-4.065	-4.830	2.633	8.509	3.907	10.437	9.966	-2.603	0.617	-7.265	0.343	-9.840	-8.524	-5.786	-2.238	0.645	-0.157	-0.087	2.538	11.686	12.964	9.915	12.481	26	ScrambledFaces
-6.054	-0.908	-7.373	-1.194	0.915	0.503	6.739	3.446	4.716	6.582	-10.545	1.304	7.150	7.574	-6.072	4.983	2.271	-8.691	2.240	6.683	8.020	1.027	-5.469	2.593	-0.556	4.722	4.639	3.735	26	Cars
0.408	1.035	2.646	-3.556	-8.758	-10.198	-10.961	-6.943	-2.046	-2.334	-9.910	1.673	-10.344	-15.232	6.559	-0.144	7.786	10.483	2.550	-2.068	-13.249	-4.306	2.438	-4.618	10.984	11.399	1.268	6.158	26	ScrambledFaces
-19.879	-14.421	-15.902	-15.862	-16.320	-15.966	0.007	2.538	10.715	8.666	26.960	18.977	-0.950	-10.909	-13.890	-11.540	-7.530	-6.560	-9.350	-10.763	-12.469	-4.827	-0.540	10.175	18.676	29.225	17.138	27.067	26	Faces
-6.154	-2.828	-7.905	-4.485	-9.122	-9.208	-12.014	0.720	5.803	-3.284	1.660	7.869	-8.634	-10.188	-6.742	-5.219	-3.680	-4.926	-6.114	-6.278	-7.123	-0.853	4.649	-2.847	14.071	17.152	13.838	17.996	26	Cars
-1.439	0.205	-3.478	-2.953	-2.128	-4.016	8.485	-2.786	5.237	6.175	2.207	3.149	0.338	-0.239	-1.079	0.306	1.911	-7.807	1.248	-0.642	-2.237	-1.594	-3.773	-0.049	6.101	7.454	4.992	6.248	26	Faces
-3.354	-7.812	-3.866	-8.842	-10.508	-2.079	-0.462	4.207	6.227	4.322	13.483	12.458	-8.213	-10.692	0.492	-8.239	-5.277	3.872	-5.815	-11.370	-14.287	-6.101	0.885	-1.282	7.983	12.438	4.617	10.234	26	Faces
-10.106	0.769	-9.976	0.124	-0.445	-5.226	8.401	1.728	4.729	15.383	15.070	8.582	13.436	2.809	-11.570	-2.815	-5.774	-10.780	-7.009	-5.144	-0.929	-1.762	-5.978	13.066	6.045	13.563	17.066	15.741	26	Cars
3.748	4.047	12.908	3.125	-2.738	6.271	-4.890	8.397	10.156	4.782	6.877	17.958	-7.866	-14.058	-15.625	-22.654	-23.385	-11.544	-25.615	-20.319	-17.933	-20.976	-12.357	-7.203	15.509	21.219	9.565	20.707	26	ScrambledFaces
-5.201	-10.670	-3.136	-5.136	-8.061	-8.249	-5.922	-2.633	3.431	-3.152	0.151	3.551	-1.430	-3.118	-1.516	-10.095	-2.849	-4.610	-1.605	-9.383	-4.622	2.265	3.107	7.084	11.135	14.975	13.565	12.137	26	Faces
-24.110	-16.556	-10.224	-11.372	-9.407	-9.042	9.924	4.860	16.029	18.644	21.095	25.700	7.185	-1.697	-15.045	-20.093	-13.934	-8.189	-7.948	-16.850	-6.000	-2.195	-1.847	10.922	11.370	25.110	21.173	27.092	26	ScrambledFaces
-8.058	-4.212	-3.888	-5.475	-0.284	-4.408	-0.739	1.869	8.244	4.275	7.852	9.575	-2.195	-2.223	-4.413	-6.562	-7.511	-3.655	-5.434	-6.932	-7.542	-5.700	-2.450	-0.425	5.195	6.982	7.918	9.395	26	ScrambledCars
-0.052	-2.113	-7.707	-5.515	-3.684	-3.696	-0.712	-5.598	0.067	-0.921	-5.674	5.307	-0.558	5.287	-0.346	0.169	-3.208	0.398	-0.839	3.467	3.579	-1.457	-3.059	-0.155	0.050	10.458	4.422	7.998	26	Cars
-0.987	6.108	1.535	2.848	-0.291	-1.674	-1.551	-2.046	0.009	1.907	3.720	9.608	1.679	-4.745	-6.996	-2.165	-6.622	-4.353	-3.288	-4.381	-3.761	-7.053	-6.159	-3.008	5.113	7.282	5.202	9.741	26	ScrambledCars
2.357	-9.147	-8.913	-7.015	-7.586	-10.268	-5.881	-7.250	-3.248	0.154	24.514	12.092	-7.514	-8.148	-0.891	-7.839	-8.624	-2.255	-9.228	-8.942	-7.175	-7.963	-1.860	0.014	6.187	18.134	7.949	17.623	26	ScrambledCars
-7.605	-3.660	0.609	-7.032	-8.264	-1.199	4.888	12.255	20.905	15.133	12.216	24.858	2.374	-4.907	-17.418	-13.198	-20.725	-21.779	-18.737	-12.309	-8.852	-17.071	-13.506	0.179	12.271	23.510	19.849	26.694	26	Faces
-2.585	-9.002	2.229	-6.444	-9.891	-5.388	2.693	5.061	10.101	2.028	19.105	17.668	-3.004	-9.002	-8.167	-19.756	-18.151	-12.252	-13.866	-14.813	-14.308	-13.944	-14.454	-4.462	11.637	19.072	3.393	22.495	26	ScrambledFaces
-8.336	-7.788	-10.273	-9.032	-6.040	-10.298	3.434	-4.288	10.615	13.166	14.761	19.517	5.823	0.763	-1.858	-13.791	-10.657	-7.927	-5.774	-6.890	-3.138	-4.175	-3.887	4.098	4.251	10.722	15.985	17.388	26	Cars
-18.736	-8.304	-20.899	-9.989	-4.004	-10.455	1.010	-0.012	13.332	10.966	9.233	21.563	4.706	0.139	-14.200	0.230	-5.105	-10.567	-1.076	0.106	-5.362	0.097	-1.942	11.648	15.757	29.075	20.823	26.245	26	ScrambledFaces
-11.429	-9.819	-26.832	-8.964	-3.536	-9.979	10.198	4.312	15.547	19.458	21.954	24.284	13.418	3.090	-14.487	-8.295	-6.809	-7.663	-6.050	-7.351	-3.065	-1.831	-3.457	8.390	11.334	18.721	18.494	19.834	26	Faces
-17.033	-5.921	-6.612	-1.970	3.189	0.982	9.375	11.037	18.193	16.139	21.354	18.606	10.095	1.581	-16.044	-8.053	-13.816	-18.612	-11.182	-5.022	2.020	-4.944	-2.304	5.548	7.838	11.350	9.390	21.086	26	ScrambledFaces
-9.197	-11.770	-13.224	-11.583	-8.031	-12.671	-0.193	-5.191	1.257	-0.527	-1.288	9.605	3.551	0.046	-9.120	-2.940	6.831	0.391	7.721	1.759	1.297	7.742	6.689	9.006	6.924	13.644	10.136	10.927	26	Cars
1.160	-1.989	1.595	-1.885	-6.115	-3.087	-5.253	2.120	4.121	0.958	-4.480	8.242	-2.326	0.184	-8.380	-3.524	-10.481	-1.659	-10.364	-5.060	-0.797	-7.736	-3.456	-2.791	8.420	16.642	4.045	13.178	26	Faces
5.529	4.182	8.447	-0.663	-4.683	-6.842	-14.136	-16.509	-13.183	-14.390	-4.797	1.918	-10.362	-5.611	9.671	5.710	5.241	9.087	5.014	2.103	-4.077	4.883	7.234	0.823	3.618	4.052	4.898	2.159	26	Cars
-6.974	-8.761	-4.068	-7.224	-11.362	-4.636	4.138	2.980	5.403	7.352	19.002	8.061	5.511	1.346	-1.100	-7.067	-0.003	-41.504	0.687	-12.700	-5.390	-2.213	1.150	13.243	8.855	12.178	19.038	8.882	26	ScrambledFaces
-16.587	-11.215	-16.423	-11.011	-6.786	-8.037	2.462	4.701	10.642	12.951	21.406	21.813	5.712	0.051	-16.624	-12.742	-12.949	-9.526	-3.958	-9.415	-2.672	-5.442	-1.718	8.200	13.842	23.465	10.207	26.469	26	ScrambledFaces
-2.045	-2.096	1.870	-7.902	-8.904	-7.732	-1.280	1.036	10.190	2.577	9.012	15.292	-1.796	-6.650	-9.086	-5.938	-10.168	-3.126	-8.506	-4.166	-9.659	-6.881	1.262	-2.494	7.064	13.984	2.310	18.002	26	Faces
-13.793	-14.602	-11.049	-12.034	-13.544	-7.554	-0.417	-6.494	6.250	6.005	12.929	14.519	7.151	-0.466	-11.401	-9.771	-7.196	3.357	-4.162	-5.945	-3.817	-0.804	2.241	12.071	12.001	26.285	27.438	24.392	26	Cars
-12.882	-8.507	-8.407	-7.543	-3.767	-6.654	2.218	5.246	14.085	12.714	10.231	14.050	-1.255	-3.813	-13.886	-9.568	-7.569	-7.814	-6.875	-10.560	-10.612	-10.204	-11.616	8.646	9.468	18.137	29.065	19.825	26	Cars
-0.568	-2.512	-2.310	-0.622	-4.196	-9.696	0.520	-9.513	-7.682	-0.408	1.494	2.674	1.706	-0.981	-2.066	-0.532	1.192	-4.467	1.226	0.763	5.331	2.044	5.578	4.068	1.535	0.866	29.483	3.533	26	Cars
-5.407	-3.332	7.405	-3.514	-9.176	2.820	-3.865	8.939	13.000	9.822	18.434	16.661	-12.814	-20.146	-6.198	-9.018	-4.556	-2.530	-10.599	-15.038	-19.407	-12.151	-8.813	-8.538	8.278	8.996	7.000	17.094	26	ScrambledCars
-1.172	-3.251	-0.069	-5.929	-6.188	-5.486	-5.233	2.391	5.244	6.193	16.280	14.944	-4.311	-6.161	-2.327	-4.294	-11.021	-5.372	-12.852	-7.392	-10.754	-6.150	-8.688	0.434	2.823	14.315	11.234	15.697	26	ScrambledCars
-6.500	5.464	1.821	5.223	0.380	0.860	5.365	3.949	6.925	8.376	15.477	8.856	4.047	-1.401	-8.898	-5.639	-9.027	-4.985	-7.426	-6.086	-6.759	-6.301	-5.934	6.217	1.699	6.969	6.485	9.092	26	Faces
-14.230	-6.474	-16.450	-10.337	-6.616	-6.602	-0.407	7.575	10.487	6.700	12.445	14.165	6.978	0.784	-10.819	-5.947	-4.681	-8.713	0.108	-3.948	-2.394	-0.535	-2.846	4.582	16.215	18.892	11.955	16.376	26	Faces
1.924	-0.165	3.610	-0.918	-2.987	0.513	-3.840	-0.276	-0.788	-3.195	-1.614	-5.335	-4.672	0.894	6.893	3.428	-3.003	-0.928	-7.662	8.714	3.847	-1.412	-2.310	-4.551	0.275	0.643	0.678	-2.176	26	ScrambledFaces
-8.553	-6.578	-8.926	-7.782	-9.839	-7.866	5.798	4.299	8.775	7.398	12.053	10.403	0.323	-6.725	-13.551	-2.335	-4.839	-10.085	-4.119	-4.110	-7.851	-4.828	-0.283	3.702	12.904	19.091	13.644	17.125	26	ScrambledFaces
-2.952	-4.836	-1.612	-9.878	-9.034	-8.276	0.840	-2.767	4.809	6.871	18.671	15.544	-1.307	-3.481	-0.183	-12.489	-12.784	-6.230	-12.986	-11.489	-12.703	-12.148	-11.088	2.967	11.567	17.435	11.408	16.947	26	Cars
-0.796	6.510	10.539	7.942	-0.057	4.046	-8.143	-0.782	5.346	-6.628	16.980	9.403	-17.637	-19.117	-2.805	0.187	-0.980	2.400	-4.710	-7.318	-16.119	-8.655	-1.298	-13.707	2.059	5.896	-1.502	10.928	26	Cars
-10.632	-11.615	-9.739	-13.758	-11.520	-7.820	-3.668	8.936	17.381	7.073	18.924	22.711	5.406	-6.119	-16.435	-20.024	-19.566	-15.006	-21.148	-21.376	-14.615	-12.018	0.685	8.240	20.891	26.902	18.763	27.628	26	ScrambledFaces
-10.069	-5.936	-4.554	-8.501	-4.713	-5.355	2.950	5.578	7.945	10.850	17.992	16.156	6.408	2.969	-14.007	-5.381	-10.403	-13.657	-8.487	-3.698	-4.665	-5.397	-8.188	9.660	7.382	14.650	11.491	17.520	26	ScrambledCars
-7.085	-6.923	-4.974	-13.545	-11.158	-4.308	-1.680	5.978	4.330	6.136	5.422	12.519	-6.062	-10.433	-5.585	-12.734	-8.922	-9.611	-11.696	-16.643	-19.414	-7.216	-8.107	6.835	23.100	26.643	13.678	19.793	26	ScrambledCars
-19.489	-15.547	-8.764	-9.529	-12.311	-11.210	3.060	5.273	14.476	11.942	21.814	22.377	2.234	-3.384	-27.096	-20.189	-18.696	-11.484	-6.163	-12.211	-6.766	-4.599	-0.307	7.952	19.305	29.762	17.356	27.301	26	ScrambledFaces
3.303	-12.366	-6.942	-12.096	-12.572	-6.533	-2.161	-0.549	5.044	3.733	14.483	17.299	1.010	-3.055	-1.528	-9.400	-14.566	-11.469	-11.587	-11.072	-10.190	-12.601	-7.119	1.242	6.709	15.655	15.842	24.558	26	ScrambledFaces
-4.122	-2.973	-6.854	-7.021	-14.026	-8.486	-9.743	-1.178	6.769	-3.435	8.906	13.816	-6.809	-8.551	-3.708	1.447	-7.907	-6.694	-10.052	-0.657	-4.050	-6.704	-8.332	0.723	8.218	16.139	7.818	19.960	26	ScrambledFaces
-4.972	-0.696	-1.461	-0.512	-1.928	-2.666	0.478	2.872	7.530	4.056	7.186	11.779	-4.955	-3.158	-6.468	-5.516	-0.878	-0.965	-5.908	-7.257	-4.459	-5.563	-8.985	-7.024	5.747	12.419	1.876	11.798	26	ScrambledCars
-10.180	-6.735	-4.758	-7.065	-4.952	-4.155	4.615	-1.199	14.042	9.733	17.073	13.225	1.861	-0.103	-20.485	-20.986	-20.607	-11.342	-12.162	-14.888	-8.979	-5.156	-4.724	14.389	13.869	23.980	17.245	19.619	26	Faces
-10.214	1.711	-1.310	0.858	-1.603	-1.630	2.113	3.805	11.768	6.387	14.582	11.632	-8.223	-11.064	-7.418	-2.920	-1.869	-4.245	2.913	-11.427	-13.274	-1.841	3.748	0.329	7.741	12.140	9.130	14.192	26	ScrambledCars
-0.066	6.094	4.888	4.322	-1.779	-0.832	-2.349	-6.085	-0.715	-1.300	8.128	1.255	-4.760	-2.993	0.647	8.195	-3.345	2.113	-6.179	9.796	1.677	-6.181	-8.148	-3.887	-2.396	1.254	-6.978	6.534	26	Cars
2.472	3.028	5.560	4.955	-4.755	-7.797	-1.432	-4.259	0.899	1.467	-7.310	-1.622	-4.774	-4.773	4.966	-2.049	-1.945	-1.851	-0.908	-10.910	-5.696	-5.366	-7.747	-1.580	1.758	4.172	1.664	0.446	26	Faces
-3.660	-6.106	-7.919	-4.808	-34.219	-7.209	-3.148	-0.903	-1.375	0.643	14.173	3.386	-3.632	-4.929	2.417	-0.533	4.126	2.485	5.293	-0.973	-4.440	5.104	3.289	7.750	8.917	9.771	7.869	8.820	26	Cars
8.677	7.862	0.073	4.070	-7.267	-5.080	-3.781	-1.008	7.936	3.279	9.811	11.459	-8.579	-7.318	-2.569	-0.649	-8.947	-8.495	-13.903	-7.410	-10.975	-10.444	-12.042	-5.823	5.679	14.611	5.436	13.010	26	Faces
4.020	-4.183	-0.839	-3.531	-9.173	-3.403	-4.484	-5.177	5.801	5.144	4.349	16.183	-2.463	-11.209	-6.101	-9.672	-12.560	-14.810	-13.713	-14.941	-11.834	-15.897	-11.615	0.941	11.170	11.134	18.708	24.232	26	ScrambledFaces
-3.794	-9.496	-2.802	-12.192	-10.981	-7.557	1.025	3.267	13.021	9.263	3.231	12.935	-3.398	-10.702	-4.839	-10.960	-8.153	0.550	-10.272	-17.202	-19.485	-11.193	-4.157	1.610	10.846	14.021	0.839	13.623	26	ScrambledFaces
-7.196	-5.875	-4.691	-9.602	-9.846	-6.965	-1.645	-2.386	8.431	6.201	4.958	11.219	-6.112	-2.371	-3.721	-5.300	-10.185	-6.912	-9.495	-5.073	-6.010	-5.350	-7.428	1.250	15.289	21.238	9.212	17.545	26	Faces
1.936	2.424	-0.918	0.342	-0.178	-3.827	-7.639	-1.245	-0.212	-6.478	3.280	-3.868	-6.919	-5.253	-2.574	2.576	-0.546	0.852	1.110	1.986	-0.377	-1.409	-0.259	-2.242	6.622	5.990	-2.255	0.357	26	Faces
1.405	7.323	-0.310	6.266	2.291	2.397	-2.401	5.520	2.146	-5.078	15.271	0.590	-8.369	-15.510	-1.611	-8.454	6.304	0.755	-0.677	-14.332	-14.161	-3.297	4.299	-4.254	1.083	3.220	3.410	0.417	26	Cars
-15.538	-19.232	-13.957	-14.484	-9.803	-7.980	3.301	7.105	18.578	15.793	26.266	27.980	7.736	-4.415	-10.096	-10.166	-14.780	-11.297	-7.212	-10.581	-12.145	-9.922	-7.478	8.043	6.840	17.452	10.781	28.114	26	ScrambledCars
-18.776	-11.661	-9.218	-11.380	-9.191	-3.575	4.308	5.039	11.897	14.225	5.540	20.552	4.959	1.514	-7.399	-7.950	-14.297	-13.354	-12.890	-10.186	-6.648	-4.355	-6.505	7.371	14.789	20.384	14.908	25.236	26	ScrambledCars
-5.906	-9.578	-12.653	-9.887	-4.826	-9.251	-3.196	-1.743	9.338	-2.125	19.936	4.648	-2.939	3.562	-8.983	-3.979	-5.938	-4.952	-7.879	2.284	7.173	-1.227	-0.837	1.358	12.640	10.994	-0.012	9.790	26	Faces
-6.309	-8.281	-0.722	-6.931	-6.567	2.330	1.903	9.325	12.407	7.456	22.379	19.595	-3.776	-13.758	-12.934	-14.416	-13.553	-8.775	-6.086	-15.262	-17.935	-10.293	-1.290	6.089	6.866	12.967	15.622	15.256	26	ScrambledFaces
-7.666	-7.095	-13.740	-5.216	-4.343	-0.973	-5.088	4.788	4.123	6.365	7.006	6.778	6.748	1.402	-5.116	-2.100	-6.868	-6.378	-3.453	-0.220	2.141	-1.747	-1.712	11.284	4.272	12.690	5.629	12.666	26	ScrambledCars
-6.347	-5.876	-4.439	-7.471	-10.906	-8.262	-0.440	1.807	15.139	4.378	13.793	15.583	-8.720	-5.115	-9.437	-7.851	-13.308	-10.910	-16.350	-9.272	-8.419	-12.713	-11.172	-9.732	12.905	23.378	14.188	26.340	26	ScrambledCars
-11.527	-6.313	-3.938	-4.173	-3.465	-4.910	0.508	-2.734	-1.438	10.552	11.437	10.560	-0.261	-3.064	-8.112	-7.380	-7.911	-6.992	-1.822	-5.857	-2.436	0.958	8.474	10.778	8.272	11.778	10.674	10.628	26	ScrambledCars
-7.334	-2.145	-3.144	0.743	-5.607	-1.239	-10.145	0.956	5.954	-5.329	10.147	13.101	-16.221	-15.054	-2.500	-2.413	-1.781	3.300	4.542	-6.745	-11.237	-5.183	-4.456	-11.653	8.237	13.252	0.915	18.345	26	ScrambledFaces
-5.553	-11.571	2.554	-10.472	-9.034	-6.792	-2.216	-0.024	6.138	5.041	15.721	12.280	-3.485	-4.781	-1.059	-8.799	-9.345	-4.690	-8.979	-9.362	-4.934	-5.013	-2.122	-5.485	5.930	10.060	4.303	14.902	26	Faces
-3.224	-6.520	-5.317	-7.960	-7.854	-9.800	-6.384	-5.332	3.739	1.458	15.843	12.050	-3.254	-4.971	-0.877	-7.811	-8.457	-3.008	-11.086	-6.113	-4.927	-4.462	-2.486	-1.021	5.928	18.649	7.858	18.361	26	ScrambledCars
-9.242	-6.088	-5.351	-3.099	-1.950	-1.666	5.981	7.459	17.135	4.642	3.864	11.864	-2.323	-4.144	-10.693	-13.860	-11.327	-7.079	-11.129	-5.357	-6.450	-2.285	-6.184	2.725	8.809	11.322	8.005	15.395	26	ScrambledCars
-7.106	-4.261	-8.022	-1.543	-4.661	-7.444	2.828	4.585	14.856	14.244	29.089	23.583	-0.001	-9.836	-12.934	-6.440	-11.224	-11.425	-13.636	-12.072	-12.590	-15.175	-12.789	-4.333	5.981	15.387	8.813	22.186	26	ScrambledFaces
-10.612	-7.385	-1.152	-2.888	-4.804	0.836	-2.932	6.963	12.391	5.268	14.881	11.005	-8.159	-11.327	-14.048	-11.685	-8.719	-0.274	-6.841	-11.110	-10.456	-1.358	3.392	2.987	12.105	10.310	9.235	12.909	26	ScrambledCars
-11.791	-9.162	-3.831	-5.350	-6.422	0.538	6.245	8.719	15.713	16.131	18.166	20.547	-0.342	-9.030	-17.826	-18.237	-18.146	-8.306	-14.233	-16.072	-14.252	-10.792	-5.904	5.602	8.575	21.207	20.834	21.135	26	ScrambledCars
9.820	10.805	9.901	5.787	-1.108	1.576	-4.011	-3.545	-1.685	-1.467	2.344	7.705	-5.342	-12.224	3.488	3.463	-9.673	-6.586	-9.158	-4.125	-6.659	-13.361	-10.863	-10.772	-1.310	4.816	5.544	13.029	26	Cars
-10.993	-8.553	-11.356	-7.192	-9.084	-12.607	4.925	2.629	9.216	11.488	10.875	16.847	3.110	-8.827	-8.122	-6.540	0.693	-5.271	2.304	-7.638	-10.307	-1.322	-0.674	7.011	11.205	12.815	14.057	18.398	26	ScrambledCars
-16.016	-12.524	-14.811	-13.686	-9.025	-9.380	-2.054	3.046	14.061	6.956	17.712	20.795	3.156	-0.361	-16.157	-17.374	-16.563	-4.996	-10.772	-16.491	-9.658	-4.723	-1.266	9.272	18.594	23.464	20.570	25.902	26	ScrambledFaces
1.436	2.525	0.279	1.464	-2.107	2.829	-0.823	-2.758	-1.725	-1.310	-1.901	3.384	-4.192	-3.414	-0.506	-1.849	1.329	-6.896	-0.337	1.365	-5.085	-3.160	0.979	-2.534	5.866	6.556	3.786	7.992	26	ScrambledCars
-7.388	-7.365	-7.137	1.725	2.371	-1.678	4.415	1.564	8.422	11.478	19.927	27.537	8.883	4.495	-11.585	-11.482	-15.779	-17.450	-8.599	-6.797	-1.985	-10.800	-12.395	6.261	-0.626	17.269	16.023	24.562	26	ScrambledFaces
-16.679	-11.214	-9.699	-8.309	-4.418	-4.018	5.451	9.199	17.679	17.198	22.619	24.347	12.942	3.558	-20.038	-8.206	-25.152	-19.343	-15.502	-4.671	1.223	-9.262	-12.022	6.467	10.012	21.283	16.847	24.922	26	ScrambledFaces
-12.621	-7.851	-13.164	-6.689	-5.859	-10.155	1.302	-1.501	7.295	6.314	15.607	8.972	12.492	10.793	-13.554	-2.806	-9.220	-13.872	-9.580	-2.299	1.903	0.518	5.552	16.097	11.338	15.722	16.380	16.161	26	Faces
-12.426	-13.004	-14.004	-7.331	6.396	1.660	17.529	4.781	10.332	17.765	10.499	13.873	20.404	21.559	-15.593	-7.358	-11.800	-16.194	-2.563	5.087	11.380	4.368	-1.432	12.718	0.285	7.786	15.769	11.160	26	Cars
-4.577	-0.616	-5.283	-2.199	-0.741	3.052	-1.528	2.349	5.133	2.250	3.847	3.639	-6.746	-5.571	5.569	4.071	4.582	2.911	-1.392	0.414	-2.064	-2.428	-1.180	-2.217	-4.062	1.678	-2.847	3.436	26	Cars
2.866	-1.647	-2.610	-3.091	-5.237	-4.942	-2.918	-1.122	3.456	5.282	12.565	14.253	-1.203	-3.875	-0.961	-10.123	-6.892	-3.313	-7.211	-12.820	-12.229	-7.794	-6.784	-0.936	0.716	4.568	5.985	11.052	26	Cars
-15.106	-8.859	-17.512	-7.583	-0.204	-6.018	-1.836	-0.844	10.933	8.103	-0.948	12.468	3.787	3.131	-10.542	-3.928	-7.435	-12.820	-3.454	0.204	5.383	4.231	1.878	9.136	16.955	20.879	12.313	18.912	26	ScrambledCars
-20.859	-17.018	-11.806	-13.145	-9.253	-9.083	8.730	6.983	16.992	17.852	23.425	27.787	5.520	-10.418	-18.261	-18.094	-16.815	-10.912	-13.658	-17.888	-13.492	-9.211	-6.217	4.392	18.353	30.704	19.265	29.943	26	ScrambledFaces
1.971	12.996	6.572	7.200	-0.721	2.691	-4.765	-10.252	-11.820	-8.430	-15.703	-3.108	-7.527	-5.998	6.965	13.629	9.366	3.488	4.225	3.453	0.974	1.582	3.094	-0.297	2.055	7.800	1.549	3.282	26	Cars
-11.052	-12.770	-8.258	-9.819	-7.708	-6.531	-1.776	1.526	9.940	5.485	27.612	22.531	4.181	-1.626	-13.062	-19.402	-16.319	-17.862	-15.741	-14.892	-11.873	-12.868	-12.163	4.011	15.242	28.913	18.440	25.722	26	Cars
-4.099	-4.151	-9.812	-6.169	-7.870	-9.160	0.079	-5.611	2.642	-2.847	6.871	7.907	-1.614	-0.163	0.935	-0.788	-1.119	-1.474	0.740	-4.335	-1.893	1.273	-0.620	1.563	11.212	13.034	8.632	12.131	26	Faces
-13.193	-7.622	-14.117	-5.390	-1.491	-4.427	14.145	4.629	10.283	14.738	12.851	16.579	12.207	1.546	-8.230	-12.489	-10.580	-5.486	-13.148	-8.181	-3.382	-7.635	-4.573	7.380	3.905	11.056	8.261	16.500	26	ScrambledCars
-3.266	4.590	-1.714	1.197	-3.618	-6.888	-3.097	-4.782	1.628	1.146	5.980	-0.901	-1.015	0.296	2.407	5.998	2.795	6.143	1.918	7.321	3.598	-0.242	0.777	-2.089	-0.518	2.270	-2.416	4.170	26	Cars
-6.218	-5.417	-1.446	-2.907	-3.721	-4.628	-7.025	4.403	11.843	3.299	2.370	9.928	-0.932	-3.521	-10.160	-5.504	-4.993	-8.618	-6.154	-2.301	-2.729	-2.766	-3.773	1.419	9.347	9.823	10.319	15.002	26	Faces
-1.304	-4.355	-2.978	-4.513	-5.728	-5.879	-7.193	-0.877	6.446	0.135	17.563	6.028	-6.336	-7.833	-2.077	-0.960	-0.712	1.204	-1.768	-4.869	-4.741	-3.730	-3.207	-3.353	7.471	7.478	-1.224	10.765	26	ScrambledCars
-15.367	-18.979	-13.461	-15.977	-7.957	-12.920	4.459	5.545	15.514	21.722	29.193	32.293	8.335	-3.482	-14.124	-20.038	-20.785	-17.424	-13.384	-13.994	-6.662	-7.890	-7.579	13.521	10.864	24.627	25.828	31.850	26	ScrambledCars
-16.669	-1.467	-11.849	-2.674	-7.049	-11.801	2.145	0.377	8.202	6.486	16.786	8.374	-0.675	-2.434	-6.333	-4.146	4.084	-1.235	1.029	-4.797	-2.981	-1.284	2.671	2.994	10.920	12.507	5.973	16.203	26	Faces
-3.565	-3.721	-3.431	1.270	-5.147	-4.110	-2.297	4.295	8.353	-3.071	12.332	6.099	-3.286	-6.500	-6.046	-6.094	-6.988	-9.555	-8.316	-5.808	-3.899	-8.798	-7.357	-1.688	8.730	13.105	7.554	13.786	26	ScrambledFaces
-2.372	-9.637	-2.839	-11.583	-8.849	-4.732	-2.174	5.377	10.564	4.618	7.251	12.870	-2.418	-8.105	-6.750	-9.985	-8.899	-2.775	-8.695	-12.300	-10.991	-7.092	-1.122	0.915	6.282	14.816	13.759	16.355	26	Faces
-4.821	-4.692	1.130	-5.679	-5.681	2.615	4.019	16.384	19.772	10.526	0.295	9.781	-5.414	-7.663	-12.343	-11.693	-11.700	-6.777	-14.162	-10.472	-8.882	-10.780	-4.229	-2.917	9.343	13.284	5.059	9.003	26	Faces
-7.267	-6.632	-10.397	-4.766	-6.714	-9.479	-0.095	0.240	13.188	4.347	17.121	18.342	-6.018	-12.552	-4.457	-6.940	-7.649	-3.834	-1.697	-8.075	-9.923	-3.074	-3.021	-4.365	4.797	10.625	3.166	13.631	26	Faces
-3.976	-3.367	4.722	0.703	-10.457	-10.641	-9.647	-2.220	3.633	-6.441	2.781	8.492	-8.251	-10.570	1.434	-3.653	1.292	5.875	-1.515	-7.799	-9.019	-2.166	2.466	-5.577	5.228	9.063	0.855	8.970	26	Faces
1.527	-7.573	2.870	-9.937	-9.081	-3.354	-2.654	1.287	5.008	3.125	11.244	0.683	-9.117	-15.923	3.493	-3.910	-5.798	-3.039	-8.910	-11.432	-11.849	-8.915	-3.496	0.908	8.929	12.472	4.263	10.333	26	Faces
1.768	-0.746	0.903	-2.694	-2.881	0.591	1.948	1.915	5.885	3.790	-7.877	4.134	-5.480	-6.309	-1.753	-0.188	-6.759	-3.365	-11.120	-6.931	-5.601	-5.729	-3.925	-3.301	2.173	7.426	3.047	3.550	26	Faces
4.970	-3.098	-0.104	-9.800	-9.148	-6.980	0.171	3.041	7.946	5.633	9.094	6.922	-5.479	-11.024	3.945	-8.489	-3.966	-5.122	-7.268	-9.174	-12.408	-6.655	-7.242	2.824	3.328	5.505	2.975	8.798	26	ScrambledFaces
-5.271	-1.511	2.948	-5.607	-13.011	-10.662	-3.708	-1.899	-0.064	2.084	3.282	3.161	-7.082	-12.379	-1.024	-8.010	0.179	2.253	1.060	-10.688	-13.927	-1.619	-1.490	-2.683	7.592	11.599	15.092	6.429	26	Faces
-7.404	-16.984	-8.772	-11.943	-7.751	-2.088	7.164	7.854	18.059	13.717	14.438	22.691	-0.139	-6.127	-10.889	-17.716	-15.692	-13.798	-14.281	-16.207	-13.588	-12.044	-6.393	3.785	15.813	23.181	7.095	23.255	26	ScrambledFaces
-8.587	3.037	-2.712	4.259	6.239	1.063	7.945	0.168	5.519	5.952	10.312	-0.287	6.404	11.374	-0.935	6.660	1.409	-6.023	-1.236	9.259	12.762	-0.034	-4.847	4.318	-8.299	-5.271	5.618	-1.341	26	Cars
-11.197	-6.318	-8.971	-4.614	-7.189	-10.075	-5.834	-8.325	-4.468	-4.218	3.390	7.221	-1.161	-0.836	-5.279	-4.032	1.527	-2.142	2.731	-0.983	-0.171	3.082	1.342	6.990	9.486	17.420	13.827	15.318	26	Cars
-2.211	-5.734	-6.390	-6.512	-13.870	-9.036	-6.842	2.516	8.247	-3.211	12.428	10.960	-10.395	-12.697	-0.147	-11.567	-7.685	0.125	-8.457	-13.575	-17.032	-5.205	-3.592	-5.797	9.643	13.207	3.658	13.444	26	ScrambledCars
-9.883	-2.247	0.264	-2.254	-5.393	-1.776	-1.332	9.306	11.450	-2.423	12.951	19.273	-9.945	-14.443	-9.202	-14.323	-12.315	-2.084	-12.315	-15.931	-15.952	-11.238	-3.421	-3.402	8.134	17.810	7.425	19.249	26	ScrambledCars
-5.472	-3.455	0.605	-1.956	-4.352	-0.213	-2.450	7.210	17.196	2.675	7.840	8.707	-3.626	-9.065	-8.878	-5.025	-10.694	-10.158	-11.169	-5.968	-6.016	-7.294	-4.146	-1.997	7.182	12.688	6.968	10.393	26	Faces
-15.095	-19.043	-11.615	-12.358	-11.530	-6.124	8.381	7.759	15.266	10.329	25.436	19.774	4.189	-7.689	-20.439	-24.878	-14.562	-6.475	-14.098	-21.503	-14.751	-8.665	-3.308	9.756	18.604	29.132	17.516	28.895	26	Faces
-6.602	-2.452	-1.753	-3.175	-2.159	-1.799	-5.128	-0.458	3.657	7.613	6.885	13.419	1.026	-0.900	-3.940	-9.477	-12.299	-6.049	-3.228	-7.696	-1.737	-7.240	-7.956	1.784	-0.144	14.653	12.545	15.138	26	Faces
4.815	-0.977	3.667	1.291	4.243	-0.738	-6.413	-0.985	0.919	-3.784	-4.726	-1.329	-1.100	-0.499	-0.985	1.106	-2.680	-0.123	3.141	1.226	1.417	2.784	0.808	2.355	-1.605	-2.180	6.364	-1.144	26	Cars
-10.965	-6.428	-12.331	-2.843	4.283	-2.951	8.586	-0.361	6.633	6.450	7.660	2.647	5.363	3.991	-8.043	-1.967	-4.237	-7.162	-4.198	7.102	5.456	4.782	2.885	7.682	3.430	12.245	8.327	11.640	26	Cars
-12.593	-8.995	-0.825	-4.778	-2.865	1.380	6.225	7.358	16.055	12.852	18.675	14.755	1.340	-2.576	-11.518	-16.179	-12.782	-11.581	-9.743	-10.703	-7.256	-6.538	-3.012	0.128	9.106	14.360	6.514	16.474	26	ScrambledCars
-3.236	2.599	1.056	-0.049	-5.613	0.383	1.763	3.533	6.842	4.111	11.600	15.581	-6.033	-11.811	0.481	-7.379	-2.213	1.097	-7.453	-14.591	-13.701	-11.559	-8.326	-6.657	1.844	11.555	4.872	15.289	26	Cars
-8.793	-6.219	-3.097	-2.911	-0.131	0.373	2.551	6.775	9.898	2.535	14.993	16.589	-3.368	-9.211	-13.039	-11.952	-17.690	-9.061	-8.362	-9.562	-4.998	-10.323	-5.755	2.884	12.627	18.204	11.193	19.083	26	ScrambledFaces
-16.656	-15.886	-10.552	-16.822	-12.750	-11.938	3.516	-0.155	11.216	10.018	5.329	19.750	5.956	1.708	-11.203	-8.062	-6.632	-8.035	-10.532	-8.804	-5.706	-4.017	-3.848	8.799	11.248	23.958	21.286	31.381	26	ScrambledFaces
-4.751	-4.741	-5.414	-8.052	-10.389	-17.789	-11.295	-15.182	-11.073	-10.243	-5.079	5.521	-2.682	-1.273	-2.072	2.302	2.642	2.881	-2.247	4.078	2.055	-2.850	-0.643	8.641	8.802	13.215	8.817	10.975	26	Cars
-12.605	-10.371	-9.562	-6.091	-8.745	-8.857	-0.054	0.175	9.867	9.918	23.458	19.680	-1.083	-8.313	-13.127	-14.673	-9.469	-4.531	-5.534	-10.075	-11.120	-4.544	3.135	5.108	13.154	20.252	12.673	20.363	26	ScrambledCars
-2.800	-7.257	-10.180	-2.374	-0.289	-2.877	3.032	-1.639	3.372	4.159	7.339	5.225	3.682	3.360	0.546	-0.454	1.610	5.341	10.590	2.504	5.359	3.174	-0.176	6.553	-4.223	3.657	3.402	2.847	26	Faces
-4.482	-2.301	-9.958	-1.218	2.876	-3.241	0.945	-5.061	3.445	3.398	4.547	9.935	6.835	10.472	-11.875	2.675	-6.787	-14.737	-3.423	10.606	13.713	-1.146	-2.677	7.332	3.548	11.282	9.606	14.743	26	Cars
-7.875	-12.275	-13.012	-12.012	-10.776	-11.098	-2.302	2.082	8.776	4.944	4.761	9.227	1.023	-6.631	-7.320	-13.126	-7.852	-8.269	-11.603	-15.914	-10.211	-6.377	-5.642	4.892	21.097	27.979	20.435	24.800	26	Faces
1.593	4.698	5.426	-1.994	-2.339	-1.228	0.263	1.278	2.713	3.134	2.882	-1.276	-2.514	-0.668	0.689	8.262	2.125	1.682	1.710	1.979	-2.195	0.210	-3.085	-3.186	-3.951	-0.434	4.545	1.328	26	ScrambledCars
-12.585	-10.133	-12.395	-7.824	-6.259	-7.046	2.779	-1.004	12.132	5.717	22.524	17.701	5.709	-0.046	-12.093	-9.677	-5.382	-7.479	-1.711	-4.814	-6.362	1.199	0.870	8.010	9.587	20.574	17.560	21.629	26	ScrambledCars
-19.677	-6.496	-6.559	-2.976	-5.716	0.950	12.932	12.778	21.053	20.476	29.508	16.493	0.305	-8.970	-17.556	-19.558	-9.854	-3.383	-6.801	-18.519	-14.622	-1.197	10.690	10.414	10.841	15.055	8.558	13.410	26	ScrambledCars
0.819	5.127	-1.395	1.481	-3.801	-7.714	-3.677	-9.056	-7.956	-2.669	3.604	-1.486	-3.572	-2.071	0.415	-0.391	2.391	5.480	1.381	0.897	0.610	3.766	5.369	3.300	1.979	4.491	5.049	1.006	26	Cars
-0.240	-4.256	1.278	-13.736	-14.922	-9.273	-3.490	3.260	11.328	1.689	9.891	11.692	-1.834	-13.577	-1.356	-6.900	-5.985	-5.424	-10.832	-19.463	-19.072	-10.770	-7.270	0.693	9.291	15.218	16.385	19.175	26	ScrambledCars
-6.300	-4.819	-6.876	-3.932	-3.216	-0.406	-4.670	2.223	6.714	2.984	1.523	3.512	3.685	-1.082	-8.245	-5.299	-3.055	-1.358	0.466	-3.180	-5.347	0.837	0.013	7.267	9.021	8.322	6.882	12.758	26	Faces
-0.788	-0.430	-0.116	3.450	2.754	1.078	2.520	2.082	7.365	7.379	-0.081	9.712	-3.872	4.072	-3.866	2.960	-6.600	-6.233	-3.874	0.158	1.063	-5.407	-8.021	-6.002	-2.694	4.840	-6.207	6.139	26	Cars
-3.215	-5.368	-1.511	-5.458	-5.895	-2.865	-3.377	-3.918	-4.133	-0.031	9.801	10.946	0.159	-5.757	-8.147	-4.882	-7.111	0.534	-3.709	-3.666	-5.562	-5.899	-0.931	6.746	6.778	20.872	11.647	17.049	26	Cars
6.412	4.837	2.542	6.435	5.982	6.256	-4.617	-2.063	-1.227	-9.259	0.668	-5.482	-13.093	-3.955	4.774	6.013	0.935	0.302	-0.828	6.602	4.844	-1.097	-2.917	-6.861	-1.417	-5.551	-6.142	-5.851	26	ScrambledCars
-5.127	-9.970	-3.703	-12.643	-15.401	-9.926	-0.232	0.139	7.610	7.472	9.694	13.918	-11.855	-22.781	-1.241	-16.558	-6.347	10.632	-10.074	-24.259	-25.991	-12.659	-5.527	-5.198	12.489	17.585	7.326	19.838	26	Cars
-7.924	-7.510	-4.630	-2.041	3.747	0.510	14.231	3.056	7.697	5.893	10.898	8.219	4.583	3.748	-14.117	-10.305	-7.800	-10.693	-6.944	-6.938	-2.001	-1.069	-0.175	6.932	10.874	14.512	10.087	11.435	26	ScrambledCars
-16.961	-7.808	-5.237	-1.207	4.610	7.740	14.139	11.804	20.451	19.489	16.001	20.315	8.321	-2.453	-21.543	-15.646	-20.969	8.028	-15.066	-19.726	-13.464	-8.443	-4.757	6.324	7.908	12.176	12.648	19.778	26	ScrambledFaces
-0.390	-5.624	-1.553	-5.555	-4.988	-3.085	-7.679	0.619	3.958	2.361	3.911	8.912	-7.386	-5.185	-8.723	-4.359	-5.672	0.792	-2.918	-3.514	-1.772	-1.102	-0.150	1.920	8.131	9.269	6.614	12.266	26	Faces
-4.472	-4.141	-0.345	-2.624	-5.803	-8.522	-6.427	-2.145	2.751	-0.078	4.070	3.090	1.138	-3.115	-1.862	-3.000	-4.240	-4.273	-6.105	-1.834	-2.445	-4.103	-3.458	4.555	6.646	8.362	5.047	8.744	26	Faces
12.616	7.438	16.245	3.849	-8.324	-3.739	-14.516	-5.552	-3.393	-1.471	-12.344	-0.474	-11.141	-13.202	11.145	1.507	6.757	12.966	-2.385	-0.634	-10.342	-8.405	-4.441	-15.933	-6.588	1.235	-5.790	0.610	26	Cars
-1.391	-7.804	2.446	-12.525	-11.214	-6.998	0.963	2.756	10.522	6.589	14.670	11.694	-3.654	-13.443	-3.014	-11.213	-8.092	-2.425	-13.689	-14.521	-18.215	-14.226	-10.499	1.246	3.123	11.300	8.576	11.955	26	Cars
