FP1	F3	F7	FC3	C3	C5	P3	P7	PO7	PO3	O1	Oz	Pz	CPz	FP2	Fz	F4	F8	FC4	FCz	Cz	C4	C6	P4	P8	PO8	PO4	O2	ID	Condition
-0.472	-5.127	-4.991	-6.126	-10.709	-5.876	-0.683	-2.646	0.870	0.703	2.727	2.561	-5.558	-13.147	-0.655	-10.184	-6.291	10.117	-3.176	-15.981	-18.135	-6.056	8.630	2.577	15.992	16.526	13.861	20.719	27	ScrambledFaces
-0.205	5.235	1.250	0.777	-3.111	-3.723	2.695	1.670	6.468	8.570	8.092	5.585	-1.688	-5.553	-2.940	-2.777	-7.132	-5.851	-10.199	-11.102	-8.797	-9.711	-7.251	4.598	8.053	11.583	10.877	9.976	27	ScrambledCars
-2.728	-5.324	-0.799	4.326	4.276	2.339	1.653	-1.365	-2.649	-1.269	-2.376	-5.814	4.710	2.776	-4.316	-2.873	0.890	4.803	3.071	-2.710	6.874	10.895	-0.749	4.049	-0.862	-4.716	0.078	-9.030	27	Cars
6.540	9.221	5.122	12.090	-5.182	3.463	-5.588	-4.838	-8.348	-7.869	-4.673	-4.670	-8.225	-1.010	-1.241	2.637	-11.680	4.450	-3.279	10.482	2.740	-2.516	-1.727	-4.398	-2.632	-2.156	-4.453	-4.247	27	Faces
-8.928	-5.567	-2.868	-3.065	9.913	1.905	8.777	-1.282	-3.107	3.045	0.577	0.807	6.422	7.427	-5.437	-4.749	2.250	-0.413	2.387	-3.861	2.392	0.954	5.427	6.347	-1.043	3.304	6.040	3.672	27	Faces
-6.720	-4.531	-3.978	0.679	-5.544	-1.629	-1.522	7.312	3.923	1.232	3.462	3.630	-6.883	-8.421	-12.488	-6.238	-4.773	7.166	-5.852	-10.269	-7.234	-14.554	-0.669	-2.976	8.504	13.986	7.802	4.570	27	ScrambledFaces
-7.429	-11.460	-5.554	-7.226	0.036	2.405	3.433	5.103	3.960	2.057	2.207	5.828	-3.019	-3.731	-1.473	-14.136	-12.337	0.369	-5.821	-11.506	-12.871	-6.005	2.244	5.725	11.897	13.093	11.215	7.660	27	ScrambledFaces
-18.708	0.393	-5.636	-7.059	-4.916	0.127	0.714	4.676	10.822	4.960	11.451	8.298	-3.003	-6.298	-12.497	-7.841	-15.704	2.823	-3.692	-9.013	-7.998	-4.169	-4.332	0.446	7.326	10.649	10.793	7.427	27	ScrambledCars
-4.141	-6.079	-0.864	7.371	8.051	-2.147	3.098	-0.693	-2.008	4.547	1.835	-0.014	4.384	6.676	-5.701	1.344	1.583	-7.842	2.167	3.370	6.014	-4.497	-4.621	6.513	1.354	6.804	10.158	1.602	27	Faces
-7.179	-10.737	-5.066	-5.803	-8.918	-4.047	2.097	7.317	10.588	8.469	11.626	12.521	-3.098	-9.763	-7.325	-12.032	-5.960	-8.442	-9.834	-14.574	-13.203	-3.911	-2.035	6.384	16.613	18.109	17.108	15.490	27	ScrambledFaces
6.866	-10.789	0.418	-7.690	-5.360	-2.012	4.820	1.012	6.828	9.309	9.575	10.771	6.195	4.083	-2.673	-3.593	-10.607	-8.552	-4.785	-12.625	4.759	1.619	-4.358	9.028	0.217	8.510	13.980	7.706	27	Faces
-3.963	0.181	-2.971	2.614	-0.414	-10.018	-5.290	-9.842	-5.932	-3.686	-3.692	1.673	-1.912	-0.843	-2.608	0.178	14.465	2.569	7.330	0.086	-0.922	8.073	5.082	3.399	1.683	6.586	8.957	3.900	27	Faces
0.898	-10.251	-2.913	-9.613	1.475	3.931	0.483	2.090	1.195	-0.188	-0.808	1.820	-5.781	-5.208	-1.873	-7.295	-6.384	6.265	-4.152	-1.120	-9.289	-1.805	-1.827	4.024	5.123	9.641	8.457	5.850	27	Cars
-11.979	5.627	-1.663	2.564	3.140	-2.136	5.357	-4.787	-4.335	5.504	0.173	0.511	6.968	12.091	2.862	0.203	1.931	0.408	2.420	5.915	3.581	-0.679	-0.027	5.368	-4.459	-3.643	2.247	-3.513	27	Cars
-12.261	8.349	-1.262	-15.909	-3.168	3.167	3.420	1.164	3.429	2.601	5.478	9.011	3.429	-4.818	-9.875	-9.017	-7.705	-6.822	-10.704	-3.172	-9.191	-7.822	-8.053	3.345	12.797	17.806	14.754	14.154	27	ScrambledCars
-11.299	-3.541	-4.878	-11.156	-4.261	-6.883	3.098	-7.829	0.368	7.219	6.240	8.036	4.102	3.572	-18.333	-4.202	8.575	-0.866	-1.554	-2.189	-6.456	6.775	5.172	6.052	2.215	10.620	13.562	12.584	27	Faces
7.553	2.634	4.945	1.311	-3.052	1.233	6.577	-6.538	-2.464	2.911	-0.168	-1.000	4.189	2.096	1.253	-4.376	7.350	-15.991	-4.937	-11.581	0.695	-6.406	0.619	3.790	4.761	1.653	6.120	-4.216	27	ScrambledFaces
-4.028	-3.753	-2.118	-3.065	-4.706	-3.439	0.132	4.276	9.706	7.893	6.875	7.826	1.983	-6.696	0.658	-10.159	-0.784	-5.278	-7.455	-10.636	-11.655	0.686	-1.269	6.515	8.688	11.413	12.121	14.023	27	ScrambledFaces
-13.211	-3.801	-4.797	-14.250	-6.159	-6.198	3.223	3.576	10.816	13.724	13.641	12.721	4.147	-0.301	-12.683	-8.244	-9.588	-11.477	-5.495	-7.116	-5.678	3.047	6.855	8.431	10.540	21.332	23.080	17.460	27	ScrambledFaces
13.972	5.241	7.549	4.685	2.769	9.303	-0.856	-1.708	-11.741	-2.124	-8.988	-11.805	0.553	1.039	13.808	1.773	13.917	9.222	2.039	-0.262	4.406	3.479	-1.821	-1.142	-10.937	-18.104	-8.249	-10.140	27	Cars
0.131	-14.641	-4.720	-10.540	-7.936	-6.894	5.746	2.181	9.495	10.850	9.712	8.854	5.534	0.387	-2.562	-8.390	-13.644	-11.284	-8.008	0.847	0.132	4.061	-1.493	8.283	11.826	18.647	15.159	13.946	27	ScrambledCars
-12.387	-2.718	-3.700	-10.812	-2.166	-3.029	4.037	1.063	7.191	13.884	9.376	9.015	9.687	2.347	-10.478	-4.920	-24.926	-6.576	0.050	0.846	3.394	-1.050	-0.674	9.453	3.330	9.748	17.379	12.873	27	Faces
1.823	5.205	1.412	-6.234	-7.092	-2.894	-1.501	1.621	7.797	5.752	6.361	3.768	2.121	-6.630	-1.057	-3.000	-5.284	-7.962	-6.954	-6.704	-12.086	-4.908	0.304	4.988	9.493	13.524	9.184	7.756	27	ScrambledCars
-2.613	-2.001	-2.818	-0.886	-3.119	-1.994	-5.331	-6.938	-4.465	-8.298	-3.975	-1.922	-0.100	-0.152	8.574	1.899	-3.294	-1.154	6.107	2.221	0.614	1.207	9.103	2.017	-1.659	-2.950	-0.733	-3.899	27	Cars
6.654	-9.474	-0.991	-1.390	-7.103	-1.045	-3.679	-2.651	-1.425	0.597	-0.652	2.446	-2.355	1.030	10.910	-0.891	1.878	3.055	-0.962	2.321	0.921	-6.864	-2.677	-0.985	-8.667	3.810	5.415	4.752	27	Cars
-10.612	0.081	-1.223	6.249	-2.435	-1.520	1.824	8.689	10.180	3.440	11.584	13.007	-6.303	-7.815	-15.781	-3.266	-4.490	-13.458	-8.902	0.186	-8.131	-10.799	-4.650	-2.771	7.906	14.430	9.194	13.545	27	ScrambledCars
-5.432	-0.938	-3.668	-6.453	-9.339	-9.295	-0.090	6.211	13.204	8.947	10.028	10.834	-0.080	-7.161	-4.791	-12.198	-1.924	-4.118	-8.299	-11.002	-11.769	-2.835	-4.888	2.817	11.642	13.036	11.638	12.286	27	ScrambledCars
1.586	-9.696	-3.531	-5.423	-4.426	-7.312	8.547	0.564	-0.237	6.772	3.405	3.942	8.920	5.560	6.034	-3.780	-3.277	-4.801	-3.828	-1.068	1.026	-2.124	1.546	5.054	2.032	3.366	8.550	2.673	27	Faces
13.468	-12.462	-2.205	-2.767	-3.460	-6.537	-5.627	-4.034	-4.210	-1.660	-2.516	3.621	-0.432	-8.201	1.385	-5.316	-2.387	11.465	-2.674	-11.062	-4.486	-0.297	1.996	3.722	5.281	7.720	9.507	7.836	27	Cars
-20.022	0.245	-4.465	-11.502	-4.524	-0.327	5.078	7.045	12.016	11.269	13.445	9.665	-1.509	-7.540	-16.137	-12.995	0.246	-12.844	-6.216	-13.671	-6.243	-7.474	-0.973	5.244	16.427	20.310	18.950	11.904	27	ScrambledFaces
-21.046	-7.112	-8.749	-15.285	-1.930	-3.724	4.701	4.797	13.569	9.811	12.041	9.752	6.001	6.913	-12.692	-0.074	-7.453	-2.675	-2.422	0.162	4.436	2.020	1.726	9.153	12.666	17.617	18.769	9.311	27	ScrambledFaces
-24.481	-3.057	-6.467	-7.695	-2.631	0.477	15.072	7.691	12.835	7.721	15.014	12.912	-0.646	-1.407	-19.802	-8.505	-16.621	-12.385	-2.990	-7.854	-3.637	-0.661	-0.104	4.712	16.993	19.834	16.184	14.974	27	ScrambledFaces
-5.831	-0.434	-2.490	1.394	-3.174	-3.332	-4.595	-2.400	-3.830	-1.350	1.195	-2.736	0.639	-2.089	1.730	-3.501	5.101	0.734	-0.622	-3.849	-0.386	9.433	7.239	2.342	2.196	2.382	2.568	2.678	27	Faces
0.457	-2.730	0.177	-8.239	-8.530	2.808	-2.174	6.074	6.596	4.533	6.311	4.908	-2.154	-3.285	-7.645	-11.169	-3.391	-3.319	-9.980	-8.903	-4.427	-5.013	-0.720	0.706	8.648	11.384	7.035	9.012	27	ScrambledCars
-5.186	-18.433	-4.776	-8.445	-7.361	-1.124	0.284	7.805	13.946	12.640	13.289	13.976	-0.435	-6.810	-10.618	-7.195	5.594	-12.309	-5.913	-8.905	-8.600	-9.315	-4.070	4.412	9.858	18.331	16.368	15.510	27	ScrambledCars
-2.756	3.005	-0.530	-0.578	-0.914	-2.826	-2.498	-5.789	-3.652	-1.315	-1.967	1.266	1.255	1.726	3.324	0.400	-4.512	-4.197	-0.380	5.317	-1.400	1.988	-1.064	5.305	4.333	8.283	9.474	8.480	27	Faces
-2.550	-0.626	0.175	0.266	0.351	-1.004	1.361	-1.685	0.380	2.084	5.528	6.764	3.165	2.987	2.795	0.897	0.469	-8.068	0.154	5.053	1.734	1.290	0.298	2.491	-2.483	3.300	7.600	8.103	27	Cars
-0.848	-11.873	-6.346	-11.080	-15.283	-5.750	1.670	3.836	6.496	5.338	8.957	9.999	-4.467	-4.358	2.601	-11.665	-5.084	10.346	-6.158	-7.228	-1.887	-2.372	-1.732	4.677	8.862	15.362	10.315	9.230	27	ScrambledCars
-12.883	-8.588	-6.579	-6.462	-9.110	-6.349	3.443	0.529	3.465	10.417	10.918	14.021	6.491	3.071	-7.918	-1.550	-9.697	-2.795	-0.708	-8.224	-0.361	0.837	3.297	10.026	8.767	13.852	14.820	13.917	27	Faces
-8.471	-3.285	-2.862	-6.502	-0.682	-1.015	5.157	3.390	7.276	5.684	10.732	5.450	0.715	-7.054	-6.679	-4.361	-14.369	-8.075	-3.122	-6.960	-5.139	-3.801	3.243	8.507	4.453	11.318	11.511	9.665	27	ScrambledFaces
-7.235	-0.090	-4.268	-17.837	-10.822	-6.456	3.656	0.872	3.867	7.492	7.690	5.008	4.124	1.908	-2.985	-4.658	6.221	-3.122	-3.235	-0.533	-5.441	5.023	-0.491	7.618	9.551	11.422	8.692	11.526	27	ScrambledCars
3.778	-0.834	2.020	-2.393	-9.609	-5.637	6.268	-1.645	1.701	7.633	2.919	2.776	10.558	8.271	-1.453	-1.110	-7.583	-13.083	2.253	-7.543	-1.065	3.515	1.445	7.434	0.640	4.388	10.987	4.986	27	ScrambledCars
-3.325	-2.677	-1.605	-2.882	-6.121	-1.817	2.295	-0.781	4.914	8.800	6.569	6.942	8.428	6.649	0.316	-8.096	-6.377	1.121	-8.761	-8.540	-2.452	-3.496	-0.072	6.855	6.802	9.298	12.494	3.830	27	ScrambledCars
1.203	0.832	2.347	4.947	-0.465	2.063	0.776	-4.168	-4.512	-1.463	-4.947	-4.094	6.138	2.473	-9.348	2.117	-4.954	2.408	5.569	0.953	3.094	4.932	1.639	6.534	1.614	-0.045	3.227	-2.949	27	Cars
39.937	-12.796	10.233	-1.318	3.178	-1.014	2.392	2.398	3.924	7.846	0.791	1.821	4.138	4.243	3.155	-2.121	-17.169	-12.174	1.323	-4.839	-2.398	2.875	-8.558	4.451	-3.140	4.794	5.201	3.900	27	Faces
3.973	0.839	2.482	-5.004	-7.755	-3.384	0.038	-8.144	-5.079	4.109	2.841	9.205	7.979	1.175	-6.777	5.976	5.860	-9.901	-2.543	3.632	1.579	-6.168	-4.775	7.522	5.336	18.527	21.165	15.718	27	ScrambledFaces
2.618	0.628	1.874	-5.780	-1.196	2.550	1.300	4.402	1.986	2.513	2.793	0.988	0.727	4.652	5.204	1.474	1.687	-5.293	-3.902	4.879	-2.037	-3.265	-1.471	1.093	-2.990	3.771	4.999	0.522	27	Cars
-5.441	-6.212	-4.031	-7.210	-10.091	-0.169	-1.369	0.150	0.812	0.764	2.635	2.094	-6.978	-2.367	-1.594	-7.859	-8.193	5.200	1.316	-10.750	-6.631	8.668	5.979	5.492	7.146	7.795	7.617	6.461	27	Faces
-17.717	-4.526	-3.292	-1.487	-6.676	4.914	8.928	5.517	6.389	8.634	9.453	7.997	3.526	-2.821	-13.142	-7.110	-15.109	-7.239	-6.801	-5.611	-5.000	-8.096	-4.750	5.159	4.766	11.892	12.923	13.850	27	Faces
-19.206	-16.460	-10.896	-9.941	-7.933	-5.240	9.128	2.032	3.498	7.517	7.254	6.783	10.120	8.344	-16.296	-10.953	-5.638	5.023	-7.727	-8.547	0.963	2.000	-0.125	5.664	12.662	17.783	19.893	16.273	27	ScrambledCars
-8.993	1.054	-1.826	0.925	1.398	0.702	5.083	3.071	-1.027	3.777	0.771	1.294	5.673	5.296	-12.072	-1.936	-9.702	5.190	-1.935	7.319	6.416	-5.756	-1.883	4.291	3.669	2.749	1.822	1.396	27	ScrambledCars
9.513	-2.512	-1.755	-12.208	-7.404	-8.336	-0.684	-0.776	0.093	5.191	3.466	3.640	1.406	-2.531	15.437	-2.213	-6.942	1.718	-4.297	-5.443	-5.549	-4.892	-7.674	1.016	-0.625	6.751	5.423	8.184	27	Faces
7.813	-8.581	-0.131	0.064	-0.636	0.775	5.335	7.749	7.832	3.625	4.505	1.905	-4.368	4.664	4.309	-13.243	-7.909	1.419	-7.409	-1.655	-2.698	-16.355	-4.648	-1.955	2.201	5.477	2.884	0.843	27	Faces
11.398	-1.217	-1.015	-3.454	0.600	-3.258	-10.273	-11.341	-13.650	-10.119	-7.863	-7.778	-4.931	-2.646	9.123	2.028	3.527	16.397	4.448	4.632	0.007	3.719	3.497	-0.671	-1.594	-5.906	-5.941	-8.946	27	Cars
4.553	1.063	3.300	0.756	0.948	2.508	5.633	-1.470	-1.990	2.554	2.049	3.924	2.830	1.926	-2.657	-3.077	-5.755	-2.898	1.253	-9.222	-4.435	3.157	2.187	6.017	1.365	6.295	3.671	8.089	27	Cars
-16.533	-15.036	-9.457	-9.765	-4.063	-3.932	7.607	11.147	19.641	14.748	16.199	8.319	1.015	2.210	-11.281	-14.594	-14.990	0.633	-6.772	-8.711	-2.597	-9.848	-1.832	6.010	8.976	14.038	12.473	8.015	27	ScrambledFaces
-19.101	-19.825	-13.196	-16.291	-10.178	-12.903	7.744	11.537	15.371	13.116	18.242	16.994	5.680	-1.062	-15.290	-15.737	-10.287	-4.424	-5.093	-17.135	-5.923	-2.963	-4.563	13.364	20.831	28.546	25.682	25.090	27	ScrambledCars
-7.963	-5.596	-4.496	-6.141	-4.485	-1.906	5.050	8.520	8.510	4.284	6.921	9.119	-0.188	-3.137	-3.938	-17.698	-18.236	-2.947	-7.506	-17.335	-7.859	-9.477	-1.750	6.395	14.441	16.768	12.751	10.758	27	ScrambledCars
-12.774	-3.109	-3.352	-3.183	-1.830	-2.247	4.362	2.771	8.257	7.081	10.377	11.159	-0.049	-4.704	-8.033	-7.376	-10.703	-9.644	-3.910	-6.685	-3.203	-0.890	-4.582	9.167	7.140	16.069	16.829	14.821	27	ScrambledFaces
2.738	9.732	5.977	7.378	2.026	1.641	4.910	-0.152	-0.946	3.283	1.719	-0.216	4.285	7.167	2.461	0.929	-5.223	-8.687	-3.832	2.717	6.066	-3.921	-5.264	2.129	-6.066	0.145	4.562	0.439	27	Faces
-5.923	2.319	1.393	-6.593	-4.674	2.874	6.516	5.755	9.356	11.447	11.487	6.190	4.987	0.288	-6.033	0.070	-8.677	-14.219	-3.524	-0.633	1.173	-1.046	-3.604	2.058	3.488	4.751	7.668	7.298	27	ScrambledFaces
-1.757	-19.468	-5.017	-9.255	-7.480	-3.885	6.918	-0.595	4.435	11.150	11.722	10.874	7.788	1.389	-12.486	-8.486	3.203	-8.613	-2.432	-7.394	-0.269	-1.506	2.673	8.607	10.377	17.230	12.773	10.905	27	ScrambledFaces
0.366	-5.518	-1.392	-3.215	4.178	2.419	-1.351	-4.631	-4.802	-4.671	-1.292	-0.542	-2.154	-1.072	-4.564	1.826	2.357	4.324	6.234	6.437	5.336	0.036	5.821	1.871	0.941	-0.326	2.897	-1.862	27	Cars
-40.612	-21.051	-14.114	-15.196	-6.869	-2.241	15.851	19.424	27.144	23.635	27.158	24.765	9.411	-6.137	-42.701	-14.351	-20.397	-19.904	-8.149	-13.594	-6.738	4.561	3.655	12.024	18.456	21.206	20.009	18.749	27	ScrambledCars
-5.657	-8.384	-2.193	2.130	3.761	0.343	8.505	3.823	3.239	7.887	3.944	3.020	0.021	1.815	4.529	-0.557	0.964	-8.086	-4.852	3.826	-0.236	2.347	-3.195	2.376	-2.110	1.287	7.938	5.008	27	Faces
-10.048	-8.376	-3.573	2.420	2.692	1.683	4.762	-0.518	0.000	4.310	4.803	2.076	2.710	8.595	-1.630	-8.205	0.940	0.432	-0.230	-3.523	3.565	5.517	4.908	2.726	-1.482	1.973	4.649	1.876	27	Faces
9.670	6.339	0.271	-9.929	0.649	-2.547	-3.114	-7.090	-8.030	-6.526	-7.852	-6.967	-8.700	-8.804	18.832	2.860	5.893	6.270	-0.692	3.782	-3.336	-3.231	-1.326	-8.230	-4.379	-4.832	-3.658	-3.965	27	Cars
11.113	-6.847	2.254	-1.506	-4.959	-0.106	3.136	-1.695	3.862	6.271	5.306	5.737	6.573	1.579	11.815	-2.340	-1.825	-7.791	-3.481	-1.216	-4.593	-3.742	-1.360	-0.191	-5.199	-3.225	3.694	1.681	27	Faces
-4.891	-18.144	-8.005	-18.089	-9.094	-2.528	4.650	8.037	11.790	9.363	10.221	7.494	-4.154	-8.318	-0.329	-14.020	-15.650	3.645	-10.995	5.072	-9.143	-3.818	-3.152	10.873	10.068	23.536	21.252	19.350	27	ScrambledFaces
8.386	2.744	3.820	4.294	5.711	-2.347	0.530	-4.317	-2.007	0.732	0.705	0.027	7.684	1.235	0.319	5.162	1.603	-5.105	1.674	2.992	6.124	0.405	-3.621	5.438	-3.323	-2.881	-1.141	-3.402	27	Faces
0.608	-7.267	-3.718	-8.851	1.262	-1.316	-0.751	1.382	1.489	-0.579	4.294	4.539	1.041	-8.748	1.555	-5.709	-6.313	4.480	-4.078	-10.992	-7.719	-11.817	-3.901	8.830	6.609	12.588	7.531	9.495	27	Cars
-5.083	-5.923	-2.600	0.907	-3.551	-4.886	-0.473	1.603	1.038	6.922	7.284	7.032	5.726	0.369	-2.649	0.101	-0.667	-7.458	-3.798	1.673	4.913	-5.499	-11.950	4.548	2.235	8.891	8.792	10.597	27	Faces
0.416	-6.124	-3.864	-6.210	-4.998	-2.874	-0.360	-0.025	1.287	-0.353	1.838	1.600	-7.133	-5.530	-1.736	-2.404	-1.630	8.603	-1.764	-3.466	-8.087	-0.195	-0.819	-3.525	-0.111	3.435	-0.814	1.807	27	Faces
-7.384	-8.129	-4.406	-4.457	2.613	-4.190	4.672	6.916	10.267	8.683	12.839	7.408	4.350	-0.318	-8.430	-12.235	-2.613	-1.799	-3.427	-8.984	-5.525	-5.952	-1.646	2.758	4.642	5.268	9.547	4.754	27	ScrambledFaces
15.514	-0.097	3.100	-6.729	0.391	-1.300	0.495	3.876	1.328	6.100	5.706	5.695	0.306	-5.765	-6.937	-4.050	-14.133	13.657	-8.550	-10.488	-10.362	-7.252	-3.464	1.636	-0.654	1.295	4.969	3.549	27	Cars
15.995	2.184	4.844	5.207	4.247	4.539	-3.292	-12.865	-19.668	-12.039	-15.171	-14.264	-0.054	1.924	18.071	6.157	6.002	11.019	6.408	1.650	3.190	8.269	1.886	-0.634	-15.479	-15.190	-11.318	-15.981	27	Cars
-7.771	-10.820	-6.016	-0.892	-5.872	-0.238	-4.619	-4.348	-3.952	-2.577	-2.688	-1.593	2.248	1.745	3.450	-2.372	-7.109	2.938	6.213	-5.674	4.540	-1.658	3.314	4.852	13.385	10.414	10.580	1.658	27	ScrambledCars
-19.644	-6.359	-6.229	1.508	3.462	-1.801	0.819	3.509	0.958	2.488	3.738	5.966	-1.385	0.579	-26.824	0.303	5.642	0.894	4.920	-4.654	0.913	3.081	2.890	3.099	6.868	5.586	4.858	2.951	27	ScrambledCars
4.597	3.866	4.448	10.256	-5.133	0.707	-0.632	-4.997	-8.041	-0.270	-2.722	-0.989	-0.852	-1.695	-8.280	0.987	0.665	1.983	-1.167	-0.113	-2.667	-0.482	-2.575	2.277	-3.269	0.701	4.609	5.755	27	Faces
3.296	-3.978	2.068	11.872	-0.842	5.989	-0.020	-3.816	-3.513	-1.728	-3.662	-6.776	2.808	8.141	5.208	3.965	-5.730	5.408	0.729	8.016	10.085	4.810	9.566	4.668	-0.470	-3.344	0.412	-4.247	27	ScrambledCars
6.026	-2.100	1.316	-7.023	1.736	2.537	1.164	5.547	4.545	2.399	3.014	0.296	0.978	2.248	-6.694	-6.200	-10.617	6.750	1.237	-7.427	-0.976	-2.396	-0.468	-1.810	-3.151	-3.637	-1.159	-2.518	27	Cars
7.696	-0.142	1.255	-1.592	0.391	-1.871	-3.643	-3.126	-0.790	-2.607	0.652	-0.122	-1.241	-3.602	-0.148	4.568	0.088	-2.408	-0.715	-2.507	-0.683	-2.724	-0.486	0.750	4.417	4.424	2.454	3.078	27	ScrambledCars
12.045	14.933	8.760	18.352	5.907	4.451	0.654	-11.054	-18.973	-11.593	-16.966	-15.918	1.302	3.951	12.634	9.757	1.151	7.388	3.143	12.772	4.876	14.933	1.765	-3.886	-13.526	-14.150	-12.197	-16.018	27	Cars
-11.052	-4.033	-2.433	0.452	-4.542	-4.483	7.987	4.186	6.625	10.074	6.894	5.059	7.655	7.241	-20.931	-5.555	-7.437	-8.204	-5.855	-5.207	1.675	2.115	1.664	8.973	12.810	14.834	18.419	14.618	27	ScrambledFaces
6.553	6.223	8.455	11.742	-1.806	6.781	4.755	-1.775	-1.152	1.353	0.618	-1.854	4.365	1.404	-7.690	1.826	0.560	-3.903	3.443	0.861	3.451	6.891	0.067	1.362	-10.873	-11.950	-3.323	-2.832	27	Cars
-17.422	-8.665	-4.286	-5.605	-2.780	-2.982	8.264	0.243	7.158	11.024	11.837	9.883	7.821	10.230	-23.263	-9.854	14.465	-19.932	-8.291	-6.024	-0.847	-0.464	-8.160	7.709	6.918	13.124	14.734	13.637	27	ScrambledFaces
9.907	-6.273	1.863	5.906	3.621	2.431	-1.377	-15.670	-13.631	-4.192	-9.174	-6.093	10.997	6.733	10.781	8.208	10.702	2.228	7.036	5.641	5.834	0.783	4.610	5.530	-2.975	-3.675	-0.226	0.246	27	Faces
-0.623	-7.507	-3.044	-5.100	1.202	-3.889	0.436	-3.190	2.287	4.401	4.152	6.979	1.878	4.565	-7.060	-10.334	-21.633	-3.006	-5.955	-9.326	-4.457	-2.435	0.053	4.964	5.759	11.836	11.636	8.906	27	ScrambledFaces
7.155	7.785	3.561	7.620	-7.461	-1.256	-4.613	-8.622	-10.588	-5.544	-7.833	-8.643	2.392	3.246	12.416	3.217	-0.854	4.498	3.133	1.100	6.398	1.571	-0.401	-2.105	-6.454	-5.873	-4.192	-5.797	27	Cars
2.230	-3.353	-0.922	-12.550	-8.749	-1.898	6.233	-4.893	0.048	3.332	-1.075	-2.013	7.540	5.083	-2.716	-2.155	2.014	2.601	4.676	2.366	2.970	5.533	3.465	3.400	-0.149	2.092	5.635	0.998	27	Cars
4.996	-8.598	-0.962	-4.717	-4.955	-1.846	-1.557	0.034	3.682	8.575	8.382	8.663	0.447	-9.165	7.642	-9.387	-2.376	-2.942	-4.792	-16.946	-13.913	-0.414	0.823	3.673	2.718	11.066	10.578	10.777	27	Cars
1.503	-4.751	-3.068	-4.835	-1.229	-3.342	0.426	3.979	5.028	3.171	5.302	9.138	-8.702	-11.369	6.041	-5.538	-4.571	-0.990	-5.639	-7.149	-8.345	-13.706	-0.335	-0.188	9.970	15.589	8.243	13.415	27	Cars
2.174	5.725	3.713	6.301	-0.685	1.750	-62.439	-2.490	-3.822	0.333	-0.106	2.076	3.969	6.926	6.123	4.726	-1.648	-1.082	4.582	7.472	7.968	6.913	3.995	7.358	2.831	5.810	4.990	3.843	27	Faces
-15.768	-6.280	-8.875	-16.628	-9.233	-10.875	10.057	1.859	7.662	9.096	12.535	12.196	2.953	-4.884	-5.593	-8.344	20.834	-3.946	-7.205	-8.088	-7.130	-5.244	-3.763	8.420	12.745	17.211	19.289	15.037	27	ScrambledCars
-4.104	7.704	-0.006	-3.264	-3.272	-2.267	-1.125	-6.195	-2.204	0.706	-4.389	-4.313	0.408	-6.237	9.569	4.407	29.081	-3.376	-0.785	1.337	-0.118	-3.242	2.321	-0.430	1.308	1.139	3.962	1.453	27	Cars
12.018	7.043	4.395	-6.780	-5.692	-1.575	0.854	0.998	-2.658	-2.408	-1.434	-3.456	-3.973	-0.177	7.998	7.943	5.734	-3.294	0.694	0.766	-4.032	-0.832	-5.385	-3.742	-4.593	2.924	-0.270	-2.521	27	ScrambledCars
-0.050	1.083	-1.756	0.720	-0.678	-4.271	-3.111	-9.990	-10.008	-4.352	-7.148	-2.661	0.122	1.365	-5.188	1.835	-0.946	13.645	-0.781	-5.954	-0.076	13.629	6.300	6.756	6.878	6.893	7.311	4.412	27	Cars
-17.645	-11.939	-7.521	-7.309	0.883	-0.260	8.562	4.120	7.960	9.725	9.950	13.620	7.411	1.779	-12.661	-8.357	-12.816	-6.321	-7.454	-6.601	0.221	-7.049	-5.590	6.993	16.584	25.891	20.880	23.476	27	ScrambledCars
-15.356	-3.350	-6.060	-0.803	0.439	-5.901	2.738	0.978	2.496	2.410	1.698	4.493	0.251	-3.944	-11.430	-3.121	-1.454	-1.957	3.775	-8.654	0.677	-4.897	-0.231	2.859	5.556	6.722	9.197	10.066	27	Cars
-4.214	0.452	2.079	-3.330	-8.235	1.239	11.572	6.404	4.943	7.322	5.424	4.022	3.221	1.285	-6.650	-2.968	12.791	-20.389	-5.150	-0.814	3.131	0.474	0.477	1.414	1.149	2.073	3.214	1.371	27	Cars
-6.452	-3.849	-2.002	-3.591	-5.007	-5.418	3.244	3.250	9.566	10.439	11.678	10.003	1.623	-1.635	-5.301	-9.328	-5.421	-18.852	-4.586	-2.964	-10.621	-7.553	2.451	7.110	11.676	16.851	17.828	16.496	27	ScrambledFaces
-5.562	-7.007	-4.236	-0.429	5.376	-0.098	-5.343	-2.612	-3.748	-4.726	-3.252	-3.020	-1.592	-1.930	3.370	1.767	-1.676	0.674	3.181	-5.999	13.823	3.145	5.220	1.621	1.748	3.362	3.059	-0.080	27	Cars
-19.790	-7.872	-6.481	-8.948	4.996	3.307	9.629	0.674	7.732	12.576	10.613	9.310	6.186	6.993	-10.505	-6.820	-14.965	-1.935	0.223	-7.224	0.978	-7.070	1.928	8.414	5.525	10.903	12.881	6.611	27	Cars
-8.437	4.447	-2.653	0.685	2.617	-5.202	-3.940	-4.172	-0.233	-0.061	4.129	4.049	-4.278	-3.182	-4.452	-0.337	16.529	7.681	-1.857	3.161	-1.182	4.737	-2.857	0.113	-2.504	-0.768	1.959	2.612	27	Cars
-12.961	-6.268	-3.969	-5.851	-3.112	4.364	-1.434	6.187	8.495	6.078	10.545	15.017	-8.310	-9.731	-12.765	-5.500	-10.369	-8.343	-5.753	-9.973	-11.445	-7.327	-3.072	-0.345	14.534	19.156	13.670	19.278	27	ScrambledCars
3.881	-3.890	-2.220	-7.168	-8.165	-5.415	3.288	-4.978	-0.621	5.080	5.769	6.756	0.824	-2.021	-0.231	-5.748	-21.884	-0.698	-3.091	-6.937	-6.447	-0.529	1.056	4.038	11.987	13.383	10.150	13.847	27	ScrambledCars
6.922	0.002	2.356	2.041	3.518	-0.084	-0.314	-4.068	-3.246	-1.729	-0.020	3.642	0.706	1.815	6.230	3.631	-12.746	-6.771	-2.939	3.291	2.223	-3.157	-0.728	2.440	-0.509	0.589	8.674	2.406	27	Cars
0.770	0.399	0.170	5.576	2.528	-4.225	-4.717	-7.398	-5.960	0.061	-3.776	-1.859	4.052	7.356	4.866	2.658	2.923	2.125	5.005	6.025	8.115	9.273	1.440	5.571	-3.053	-7.776	3.313	-3.224	27	Cars
-13.063	3.497	-1.422	-2.985	-5.080	-0.618	1.688	4.031	6.067	4.370	4.346	4.444	2.235	0.034	-12.790	1.054	-3.118	-4.581	3.038	0.919	-1.455	-1.879	8.854	6.341	2.414	9.099	10.074	9.900	27	Faces
12.373	6.039	1.349	-7.484	-6.611	-4.399	-7.789	-5.449	-7.764	-6.978	-4.289	-5.494	-5.503	6.578	16.468	8.809	3.919	11.220	0.857	7.202	-3.246	2.259	-2.794	-6.464	-8.137	-8.911	-2.836	-7.855	27	Cars
-5.394	5.432	-0.401	-2.550	6.766	2.148	0.605	-7.395	-10.153	-5.888	-4.745	-5.526	0.323	4.413	3.596	1.930	2.508	-0.733	4.551	5.392	5.901	6.758	3.865	0.874	-3.220	-3.743	-3.228	-4.926	27	Faces
16.740	0.084	3.487	3.606	4.439	-0.026	-7.224	-12.516	-15.499	-12.285	-13.649	-11.057	-3.131	3.598	11.221	11.761	8.462	2.136	9.817	5.180	4.664	11.154	8.735	-2.006	2.951	-0.485	-3.564	-5.294	27	ScrambledCars
2.512	7.706	1.499	2.398	-1.539	-3.920	-8.319	-8.595	-7.453	-7.990	-7.378	-4.079	0.437	3.750	2.240	8.341	3.848	0.045	2.567	3.277	5.797	2.884	1.533	0.986	-0.660	-2.108	1.055	-4.788	27	Cars
3.176	-7.737	-3.360	-2.507	-5.506	-4.352	-5.146	-8.216	-7.901	-4.533	-7.212	-5.253	4.638	-0.380	3.213	-2.169	3.388	8.763	4.767	-4.129	4.029	2.753	0.359	0.481	-0.911	0.883	-0.456	-1.461	27	Faces
-4.463	-5.221	-4.792	-3.049	-2.240	-6.159	2.134	0.364	-0.116	0.109	1.199	-0.721	-1.297	1.370	-3.224	2.876	-0.191	1.516	-0.432	-1.498	3.556	1.582	-6.090	0.531	4.510	-1.335	1.336	-3.251	27	ScrambledFaces
-6.752	-6.701	-3.638	-1.187	-3.241	-0.411	1.329	-2.477	0.983	5.228	3.739	3.628	7.255	-1.005	-11.657	-6.640	-9.496	7.741	0.765	-9.530	-3.852	-2.961	5.271	4.930	7.673	10.263	9.444	3.677	27	ScrambledCars
-9.390	3.314	-0.581	7.726	-3.043	2.590	0.938	7.858	0.872	1.446	-1.680	-2.241	-4.807	-6.923	-11.397	1.062	-4.430	7.745	-3.557	-3.237	-8.026	0.446	-1.414	-1.562	3.904	4.156	2.794	0.837	27	Faces
-8.969	-9.297	-4.393	-11.667	-7.400	0.252	4.231	9.829	9.443	4.312	10.148	8.843	-0.751	-4.713	-8.951	-5.784	-7.031	-13.484	-6.568	-13.401	-12.623	-7.739	-7.109	0.975	10.206	20.719	13.537	19.064	27	ScrambledCars
-4.869	-5.864	-2.462	-4.258	-1.337	2.528	-2.322	-1.867	-3.080	-3.377	-1.694	1.262	-6.312	-5.244	-12.447	-9.840	-5.439	5.256	-1.093	-9.959	1.204	-0.273	7.642	5.097	5.163	12.380	12.009	2.723	27	Faces
1.676	2.181	-0.115	3.130	-3.897	0.376	-5.142	-7.031	-5.326	-4.935	-4.115	0.230	-9.176	-3.185	13.685	1.870	-3.310	3.743	1.500	-3.893	-2.515	-2.175	-1.086	-4.041	-2.430	0.406	1.740	-2.063	27	Faces
6.637	-5.229	-1.354	-5.930	-2.240	-5.518	4.292	3.945	-1.118	4.684	0.539	1.707	3.166	4.802	10.467	-10.768	-9.067	-2.186	-4.597	-0.463	-0.060	-1.251	-4.245	3.491	6.599	6.768	6.579	3.333	27	ScrambledCars
6.846	1.022	0.745	-1.401	-1.776	-4.420	0.204	-11.791	-7.396	-2.803	-4.734	-1.792	-1.079	3.282	-7.899	1.310	8.839	5.740	4.555	-3.764	-3.692	4.868	4.767	0.599	2.300	4.188	-0.093	6.182	27	Faces
-1.884	-6.471	-1.156	7.215	-2.376	-0.688	-0.355	-11.925	-9.312	-1.351	-1.155	0.500	-0.496	-1.231	-3.424	6.179	11.208	0.628	5.245	5.980	3.449	3.876	1.503	5.077	-0.271	2.921	6.001	3.868	27	Cars
2.381	16.142	5.047	5.005	0.778	-0.423	-10.821	-9.846	-6.727	-5.924	-5.002	-5.541	-2.307	3.465	2.527	5.658	7.164	-0.915	1.929	8.718	6.149	1.410	0.501	-1.356	-3.525	-3.213	-0.654	-2.099	27	Faces
-26.876	-7.806	-7.812	-2.677	-3.446	3.455	7.968	14.751	13.891	6.910	14.155	10.862	-2.043	-4.636	-22.981	-10.096	-12.423	-6.348	-12.984	-7.994	-3.530	-10.332	-1.301	3.836	14.328	18.467	12.414	10.773	27	ScrambledFaces
-5.725	-0.016	-3.883	-7.449	-4.827	-9.084	1.110	-3.029	1.426	5.453	3.854	2.628	6.783	2.889	-8.930	0.138	-3.118	4.676	-0.091	-10.896	3.255	7.263	2.435	3.626	1.709	9.944	7.086	8.867	27	Faces
4.156	-10.671	-2.449	-7.091	-0.346	-6.834	8.455	-2.670	3.576	6.569	7.116	4.031	2.904	5.925	-8.591	-6.063	-1.394	-6.915	-5.772	-4.137	-0.269	-8.735	-9.449	4.321	5.294	10.428	12.608	6.361	27	ScrambledCars
-10.927	-1.085	-5.833	2.321	-1.880	-5.610	0.340	-2.006	-2.708	4.094	1.144	3.184	0.771	2.658	9.110	0.958	-4.376	3.685	-2.530	-9.060	0.383	1.004	0.636	-1.113	4.854	3.680	2.370	3.766	27	Faces
-1.653	14.479	3.077	2.608	1.971	-2.590	3.381	-11.492	-7.952	-0.611	-2.099	0.717	12.557	8.648	-3.598	0.612	-17.175	3.031	-2.331	2.004	8.516	4.467	6.908	11.027	-0.972	-0.831	4.195	1.647	27	Cars
-0.337	-4.712	-0.923	-4.278	1.666	-3.305	11.295	-0.957	1.857	11.007	6.470	6.754	9.559	5.827	7.594	-12.807	-8.358	-9.570	-6.697	-9.882	-5.174	-1.521	-0.897	7.861	0.431	4.732	11.493	28.958	27	Cars
-4.975	0.046	-4.532	-0.355	-1.176	-14.600	2.213	-14.662	-7.308	3.773	2.087	4.923	13.202	6.771	-4.563	0.487	13.245	2.837	1.781	2.418	5.292	-10.282	2.436	11.544	8.329	13.690	15.498	13.652	27	ScrambledFaces
-14.743	-9.211	-7.480	-6.276	-10.211	-10.169	5.387	4.806	3.983	10.526	8.971	10.374	4.586	0.610	-11.295	-8.485	-3.183	-12.164	-3.372	-10.198	-4.085	1.382	-1.725	6.513	12.760	16.877	13.367	12.227	27	ScrambledFaces
-5.238	7.978	4.126	7.775	8.880	6.397	2.387	-0.467	-6.110	6.524	-2.010	0.266	3.770	5.542	-0.122	-0.851	-9.714	4.015	3.186	-0.919	1.647	-2.538	-3.445	2.971	-7.183	2.230	11.965	1.184	27	Faces
4.186	7.119	4.438	10.303	-9.512	2.609	-9.617	-12.247	-5.224	-1.341	-0.763	3.037	-8.232	-3.638	2.529	2.981	4.867	3.035	1.647	0.966	-5.233	5.972	-0.112	-0.147	4.074	5.059	4.581	3.551	27	Faces
-10.529	3.551	-4.031	-14.634	-9.070	-3.037	-1.676	4.842	5.423	1.703	7.696	7.758	-5.378	-15.374	-8.538	-4.886	-10.661	2.225	-4.864	-10.108	-12.565	0.827	-2.433	0.593	5.910	17.679	12.159	16.396	27	ScrambledFaces
2.354	0.397	1.574	5.239	4.927	-0.407	3.396	-4.151	-1.978	3.064	1.131	-1.423	0.513	3.948	4.172	0.818	0.957	2.004	-0.133	3.537	2.380	3.827	-2.691	0.460	-6.515	-2.973	3.319	-4.967	27	Faces
32.980	2.390	5.417	-5.058	-7.770	-6.921	-2.762	-9.333	-6.422	-3.106	-4.176	-3.741	-5.575	-1.458	27.037	0.575	-1.837	11.064	-5.210	-7.494	-10.333	-7.292	-10.917	-10.812	-4.278	-4.399	3.558	-1.143	27	Faces
-13.155	9.279	-2.598	0.896	0.706	-2.958	0.552	2.857	5.711	5.416	8.165	5.982	-0.247	-8.615	-8.842	-8.161	-12.569	16.192	-2.292	-12.195	-10.109	-1.199	-0.619	2.973	9.732	12.455	14.838	12.517	27	ScrambledFaces
6.155	-6.760	-3.442	-8.066	-1.856	-6.491	2.236	3.181	3.930	1.324	8.304	5.276	1.583	-0.683	4.271	-3.755	-5.444	9.966	-4.432	1.102	0.004	-3.514	-4.261	1.055	3.820	7.715	4.418	5.803	27	ScrambledFaces
-3.657	6.179	2.639	10.971	4.446	-0.879	3.639	-9.813	-13.963	-2.221	-4.736	-2.015	2.016	4.960	-2.861	9.182	5.826	-8.763	4.574	7.706	7.835	3.743	-0.989	1.873	-3.859	-2.817	4.661	-3.896	27	Cars
-6.191	-1.198	0.785	-3.830	-0.072	3.806	9.943	3.552	12.195	10.861	11.500	8.044	3.440	-0.023	-13.433	3.141	-8.805	-9.836	-6.643	-4.470	0.365	-7.830	-2.543	6.778	5.260	12.883	14.338	13.076	27	ScrambledFaces
-4.793	-7.672	-4.285	-6.209	-11.066	-2.304	3.506	3.821	3.414	4.678	4.425	5.028	-1.783	-6.522	-15.637	-9.996	-5.969	10.223	-4.645	-8.267	-5.052	1.288	2.478	5.351	11.229	11.606	8.984	6.967	27	ScrambledCars
-2.246	15.098	2.043	2.301	0.977	-3.177	-3.522	-4.734	-4.686	-1.049	-1.747	-4.137	-8.835	-4.228	-5.245	7.842	6.996	9.436	6.863	-4.434	-2.065	2.914	3.073	-5.448	-5.812	-3.637	-4.247	-5.363	27	Faces
-0.891	-11.290	-5.891	-5.876	-10.428	-6.873	-3.262	0.447	-1.882	2.098	-0.022	-0.533	-1.983	-2.245	2.845	7.641	1.836	0.016	3.158	2.305	4.903	4.461	5.144	3.371	10.453	3.552	3.939	1.036	27	ScrambledCars
-3.907	-4.816	-2.705	-0.506	-5.289	-8.728	2.263	-1.174	2.480	11.179	8.545	8.925	3.961	1.986	-0.832	-1.239	2.421	-8.902	-5.835	0.304	0.471	3.882	-1.619	3.082	4.110	11.334	13.158	14.023	27	ScrambledFaces
3.345	-3.333	-2.975	-3.867	-12.691	-8.039	-1.475	-10.202	-8.555	-1.718	-0.981	2.050	1.805	-2.359	13.666	-8.607	3.210	4.368	-0.713	-0.643	-7.939	0.164	1.486	7.214	1.480	5.305	6.076	10.225	27	Faces
19.649	9.512	4.958	6.702	7.629	-1.247	-10.112	-10.699	-15.903	-13.067	-13.202	-14.201	-12.012	-1.403	16.532	13.065	9.044	14.102	2.814	7.667	0.573	8.072	4.083	-9.622	-9.047	-13.153	-14.986	-15.920	27	Cars
5.672	-1.596	0.468	1.165	-1.507	0.492	-2.199	5.769	1.222	1.765	-0.627	-1.018	-2.889	-5.288	5.292	0.132	-8.190	4.225	-3.128	-7.173	-8.863	-9.507	-3.176	-3.213	2.889	5.802	1.992	2.971	27	ScrambledCars
-5.012	-5.386	-3.760	-0.407	-3.005	-0.228	-1.655	3.310	-0.877	-2.458	1.354	1.893	-3.409	-4.278	3.145	0.485	0.169	3.626	-0.051	-0.304	-2.734	-0.238	0.273	-1.898	2.204	1.049	1.120	1.792	27	ScrambledCars
-7.523	-13.854	-7.541	-9.341	-10.939	-4.858	0.683	-0.455	4.312	5.378	5.493	5.523	0.680	0.703	-3.144	-8.547	-6.449	-1.199	-0.486	-7.941	-5.979	5.415	0.585	5.663	18.304	17.243	13.914	13.683	27	ScrambledCars
-5.286	3.383	0.933	3.091	4.773	3.406	-0.628	-9.282	-12.534	-3.117	-6.288	-3.974	3.978	9.548	-0.805	12.970	5.618	-0.479	8.000	13.359	8.290	14.483	5.810	5.107	-8.327	-9.369	-5.428	-4.217	27	Faces
14.152	-0.160	2.880	2.092	8.640	-2.203	-2.864	-4.817	-4.034	-7.803	-3.750	-1.499	-3.149	2.658	6.298	2.397	-6.047	-4.153	-1.747	6.445	8.732	-7.742	-3.542	-4.950	-3.476	2.933	1.411	1.088	27	Cars
5.815	1.721	1.060	-1.734	1.808	2.953	1.588	-2.827	1.709	-0.602	-1.785	-2.866	-3.433	-1.232	4.569	-1.620	3.140	10.529	-1.587	-1.760	-2.582	-7.591	0.974	2.332	5.556	3.998	-0.217	-1.798	27	ScrambledCars
-0.547	4.690	3.722	8.903	-2.501	1.909	16.888	1.954	-1.251	2.518	2.427	0.933	1.674	-1.084	-5.397	-3.863	1.676	-2.396	-5.365	-11.163	0.201	-6.488	-3.081	-0.491	-8.183	-1.937	0.794	1.846	27	Faces
-4.025	-2.600	0.355	-4.767	6.500	6.700	7.666	-5.715	-3.440	7.831	0.192	3.463	11.428	11.840	-0.458	-1.948	-3.831	-3.774	-4.789	2.494	0.586	-2.548	0.006	1.765	-4.735	-1.417	3.601	-4.103	27	Faces
-2.212	-11.825	-3.329	-3.707	-0.975	-3.251	0.199	-9.407	0.580	6.648	7.370	7.753	4.479	1.903	-23.370	-1.010	-1.320	0.944	0.805	-2.490	5.839	-5.577	-1.204	5.394	11.371	12.643	17.813	11.395	27	ScrambledFaces
1.253	-0.719	-2.210	-9.023	-6.639	-3.049	-5.126	-1.975	-3.968	2.502	1.155	3.175	-3.729	-4.378	6.124	-0.969	-1.522	1.262	-1.645	2.101	-4.014	-1.013	-0.540	-0.841	7.363	10.312	4.864	7.254	27	ScrambledCars
-16.481	-9.268	-7.458	-5.081	1.092	0.485	2.284	2.441	2.563	5.023	3.951	5.656	-0.838	-0.757	-3.136	-0.811	4.724	2.508	-2.737	-2.788	-5.971	-4.822	1.182	0.490	4.812	4.276	11.281	7.666	27	ScrambledFaces
-3.249	7.564	2.635	-1.961	4.263	3.521	5.010	-8.327	-6.239	1.721	-1.026	-1.522	3.878	11.020	-3.884	-4.389	-2.498	4.341	3.627	3.808	6.887	2.682	-3.865	3.739	-9.464	-4.905	2.265	-3.018	27	Cars
15.374	-6.592	2.250	-2.163	-8.957	-0.876	-5.465	-3.136	-4.672	-3.016	-1.466	-2.635	6.112	2.369	7.934	-4.292	-2.667	2.362	-1.829	-0.294	3.675	2.536	1.858	3.543	0.317	4.026	3.004	2.073	27	ScrambledFaces
-17.484	-18.611	-10.572	-11.833	-8.404	-6.364	15.531	8.963	17.304	20.368	23.140	19.256	3.820	-8.729	-18.180	-17.799	-15.714	-2.553	-14.308	-16.571	-17.118	-3.434	-6.861	6.155	13.454	20.570	18.695	16.047	27	ScrambledFaces
-29.820	-10.689	-12.199	-17.502	3.610	-3.777	8.157	4.162	6.772	7.441	9.065	13.024	9.195	6.296	-15.838	-12.599	-2.599	-8.091	-2.433	-5.772	-1.540	2.919	3.789	13.628	16.609	23.653	16.359	17.435	27	ScrambledFaces
7.531	7.638	2.298	-4.473	-5.151	-4.527	-4.477	-8.638	-6.589	-1.074	-1.125	0.156	-4.308	-5.730	0.809	0.182	-1.381	-7.836	-1.696	-1.985	-4.909	-11.475	0.327	1.536	8.313	9.428	4.423	6.524	27	ScrambledFaces
0.901	2.105	1.269	-6.342	3.478	5.414	0.870	-1.628	-3.285	1.357	-0.014	-2.838	1.112	4.856	3.391	0.324	5.587	8.007	0.873	-2.299	1.599	7.026	-9.394	1.109	-2.986	-3.969	-2.135	2.235	27	Cars
26.206	0.249	6.483	-0.677	4.564	2.474	-3.121	-9.407	-12.906	-7.466	-9.110	-2.100	-2.410	2.460	17.733	7.503	-1.811	1.582	-0.909	4.672	7.072	-4.739	-4.373	-6.364	-8.983	-3.701	-5.965	-2.528	27	Faces
-5.779	-9.365	-6.815	-5.509	-10.251	-5.449	-4.818	-0.754	-2.159	-1.867	1.852	3.552	-6.279	-9.404	-3.103	-2.695	3.088	3.967	0.973	-5.513	-8.317	-3.597	-0.887	2.939	14.817	15.897	9.298	7.798	27	ScrambledCars
-5.827	6.879	3.191	7.267	1.369	0.642	0.775	-12.957	-9.455	0.600	-2.534	0.975	2.969	4.208	-13.295	6.745	7.363	-7.568	5.501	2.845	3.653	7.678	2.531	3.832	-3.368	1.813	8.373	3.109	27	Faces
-2.784	-3.648	-5.905	-5.273	-11.130	-7.518	-8.317	-10.824	-7.235	-4.036	-3.392	-1.753	-6.497	-6.818	7.925	-2.111	16.953	9.594	0.880	-8.114	-11.115	2.305	5.386	2.231	4.129	7.623	0.374	1.774	27	Cars
-8.566	-13.018	-7.487	-13.425	-7.758	-1.374	1.422	9.954	3.439	4.855	4.901	4.977	-2.373	-4.228	-0.322	-8.710	-8.805	-0.163	-4.104	-3.233	-8.115	5.984	5.573	7.274	16.073	16.331	9.973	9.482	27	ScrambledCars
-13.569	-2.805	-3.215	8.569	0.975	3.420	6.626	1.613	4.930	4.144	2.309	0.904	-2.919	-3.288	-15.265	-0.618	-16.685	5.427	-4.408	-0.765	-1.406	-4.232	-5.524	0.279	6.397	7.987	4.566	1.884	27	ScrambledCars
-3.819	-7.031	-3.570	-8.677	-7.280	-7.753	4.073	9.095	15.213	11.882	13.210	15.668	2.785	-5.180	-5.150	-15.599	-15.366	-12.024	-11.017	-15.307	-11.195	-2.750	-10.475	7.096	16.001	22.672	20.526	19.038	27	ScrambledFaces
2.795	5.925	1.719	-8.618	-1.395	3.730	0.117	-6.518	-9.748	-5.023	-6.046	-7.209	-2.750	-2.446	-2.913	3.121	-0.365	3.666	1.885	9.301	5.428	0.396	4.203	-2.667	-4.848	-6.163	-5.258	-8.826	27	Cars
-8.965	-9.729	-6.022	-10.699	-2.208	2.740	0.271	5.723	0.623	5.566	4.826	5.302	0.970	-11.136	9.616	-11.686	-7.190	1.685	-11.188	-13.589	-9.231	-2.102	3.240	2.104	3.377	11.350	8.806	6.629	27	ScrambledCars
-9.622	6.360	1.387	7.730	4.355	0.589	6.434	-7.474	-6.287	1.503	-1.739	-1.180	4.589	3.915	-11.494	4.231	8.058	-3.284	4.197	0.459	2.227	8.446	2.350	4.711	-6.516	-6.023	-0.803	-2.354	27	Faces
-12.493	4.036	-0.399	5.582	1.356	-0.578	3.243	-5.440	-2.763	-1.175	-0.573	0.783	0.716	8.943	-2.843	5.318	2.154	-12.628	8.944	-0.357	8.903	6.100	6.005	6.422	1.578	5.991	7.961	-2.150	27	ScrambledFaces
9.301	-6.328	-3.385	-14.337	-16.623	-10.424	-7.708	-1.016	5.569	6.159	4.786	3.900	-9.722	-10.046	1.754	-7.854	7.592	3.733	-10.416	-13.886	-10.715	-8.188	-1.988	0.925	10.086	14.375	9.766	7.475	27	ScrambledFaces
-1.722	6.889	4.685	6.269	6.914	10.272	1.394	0.255	-6.522	-2.611	-2.999	-4.388	-2.146	0.215	-5.765	1.177	2.580	0.912	6.838	7.759	1.357	-1.648	1.453	-6.079	-8.592	-5.509	-8.438	-7.645	27	Cars
2.430	-2.297	-0.306	-3.127	-1.374	-3.013	1.059	0.019	3.155	6.146	6.150	4.815	-2.879	1.212	-0.894	-3.585	5.048	3.292	-2.843	-3.362	-2.040	-0.487	-4.713	1.806	-2.906	4.608	3.886	5.175	27	ScrambledFaces
-7.777	-7.048	-1.090	3.197	5.041	1.595	6.110	11.783	9.847	10.066	9.382	4.179	5.349	9.555	-9.692	-4.440	-6.299	-7.164	-2.710	-7.497	-0.158	-5.658	-4.038	5.716	5.186	9.683	11.670	7.061	27	ScrambledFaces
12.014	-2.410	1.649	-1.574	1.528	-1.513	-1.626	-14.193	-7.578	-2.493	-3.596	2.693	2.768	2.163	14.803	-3.933	-10.637	1.728	-5.060	-2.808	-2.996	13.733	-1.455	3.340	-3.368	0.240	6.485	3.523	27	Faces
-6.628	5.047	0.272	1.567	-1.867	-4.860	1.743	-12.729	-12.090	1.122	-4.246	-2.101	7.028	4.233	-5.906	0.544	11.094	-1.038	18.715	4.003	3.827	7.141	1.515	5.461	-5.939	-3.456	5.087	1.395	27	Cars
1.021	-0.504	0.196	8.247	8.835	3.810	-2.171	-9.497	-12.760	-5.400	-8.231	-6.520	-0.569	5.966	-1.252	12.238	4.365	21.740	6.682	5.895	3.237	8.862	0.455	-1.310	-10.095	-9.983	-4.248	-8.046	27	Cars
4.092	2.466	1.518	-0.989	-1.899	-4.642	-4.969	-2.029	-5.082	-0.432	-1.333	1.643	2.685	1.980	-4.817	-0.606	-11.086	-3.304	3.347	2.211	1.703	1.929	6.733	7.789	2.969	9.858	7.763	4.686	27	Faces
13.384	-3.293	3.118	-0.106	-3.100	-0.242	-1.774	3.261	6.490	2.083	4.814	4.645	-10.141	-12.658	-7.824	-9.241	-2.039	2.255	-9.758	-11.008	-13.537	-3.992	-1.368	-0.956	4.526	6.257	5.422	2.831	27	Cars
-3.050	-6.581	-4.754	-3.068	-9.081	-8.693	3.963	6.476	10.371	9.927	12.377	17.762	-5.856	-7.777	-6.219	-11.624	-20.004	-0.263	-11.007	-16.076	-10.408	-8.264	-7.171	1.106	12.884	20.434	14.659	15.589	27	ScrambledCars
-3.174	-7.296	-0.781	6.984	7.778	0.059	8.192	-13.198	-4.388	6.013	4.044	4.518	7.321	7.961	-1.935	0.295	-1.134	-1.036	-1.241	-0.797	7.481	4.958	-2.082	8.261	-2.245	9.726	14.095	4.985	27	Cars
-3.583	0.044	-2.903	-12.934	-8.736	-5.981	2.893	-3.505	0.490	7.646	7.995	8.291	5.077	-0.197	7.215	-4.710	1.825	-1.645	-0.208	-7.537	-3.818	0.509	3.757	4.762	-3.414	-2.828	5.809	5.463	27	Faces
-16.106	-5.527	-6.718	-1.079	-0.021	-2.445	0.819	-6.795	-1.490	5.758	4.518	7.774	0.320	-0.226	-11.759	-6.297	-6.694	2.585	1.485	-8.758	-0.179	3.145	2.038	5.237	12.618	12.112	8.627	13.240	27	Faces
5.066	-2.089	-1.203	-0.264	-1.005	-6.228	-11.352	-8.599	-4.471	1.272	4.131	8.997	-9.509	-8.727	3.016	2.768	-0.192	-3.311	2.570	-3.757	-4.193	-10.680	-5.559	-3.042	5.000	2.435	7.751	11.126	27	Cars
-7.441	-2.103	-2.070	-2.280	-4.676	-7.830	-0.172	-7.655	2.030	7.763	6.777	5.967	5.381	1.254	-7.990	1.956	2.575	-20.065	3.088	-5.111	-3.804	1.200	3.191	5.296	4.678	13.620	12.430	12.815	27	ScrambledFaces
-12.047	16.339	-0.069	-5.703	-1.774	0.209	-1.473	-7.145	-3.354	-0.062	-1.331	-0.123	-2.283	-4.955	-9.132	6.374	-0.061	9.887	-1.602	0.752	2.742	2.755	0.171	-0.404	-1.481	2.333	6.587	3.216	27	Faces
9.230	-2.704	1.582	-3.345	3.268	-4.473	-0.193	3.600	3.475	6.853	6.581	5.561	2.887	0.277	1.066	-10.991	-17.319	-11.297	-4.119	-0.226	-0.062	-8.145	-10.426	2.659	8.142	7.843	8.474	4.755	27	ScrambledCars
11.074	-2.292	-0.840	-5.618	-10.806	-8.786	-4.320	-1.910	-3.207	2.030	4.205	1.276	-8.766	-6.394	18.535	-0.365	8.255	-5.111	1.396	-3.823	-14.387	-4.509	9.686	-4.858	2.453	6.720	3.207	7.172	27	ScrambledCars
19.342	-3.582	4.072	-1.004	-13.467	-2.114	-6.098	-7.763	-4.833	-2.499	-2.697	0.431	1.797	0.088	8.838	5.490	6.527	-4.936	2.277	8.230	1.970	-2.839	3.726	1.673	5.731	1.782	2.831	0.264	27	Faces
-5.899	4.590	-1.359	-7.455	-4.988	-6.590	4.262	1.692	10.073	7.232	10.019	13.334	2.211	-3.332	-2.345	-3.953	-9.042	-9.014	-5.488	1.318	-3.240	-3.892	-6.320	0.505	3.028	11.599	13.292	10.832	27	ScrambledFaces
15.560	-0.584	3.510	-0.881	-2.757	2.667	-7.242	0.562	-8.788	-1.629	0.075	3.249	-3.657	-3.023	14.316	-1.397	-8.676	3.266	-3.851	-6.138	1.872	-2.913	-5.591	-9.062	-5.439	-9.662	-6.455	1.133	27	Cars
-3.867	-8.835	-1.565	-8.534	5.901	3.523	6.530	5.036	5.051	6.251	2.651	5.081	2.389	6.444	-9.977	-9.544	-8.883	-6.063	-2.775	-8.520	-6.336	5.093	4.360	7.748	7.358	8.912	12.529	9.718	27	ScrambledCars
10.885	13.899	8.433	3.440	1.153	2.490	-1.618	-10.100	-9.198	-0.889	-2.352	0.735	3.568	3.374	-0.947	3.856	3.676	-1.373	-1.044	3.338	1.798	-0.837	-0.343	0.047	-9.211	-4.772	-1.651	-3.256	27	Cars
-13.593	-5.286	-2.326	-1.823	2.275	3.781	2.443	2.153	3.119	11.253	5.117	3.992	9.206	1.389	-16.145	-9.112	-1.851	-2.386	-1.079	-1.726	4.732	3.592	4.241	4.585	6.940	7.877	11.735	7.629	27	ScrambledFaces
6.729	-1.048	0.409	-7.671	-6.395	1.581	-5.207	-1.789	-5.845	-4.224	-3.677	-2.398	-2.194	-3.854	10.602	1.690	6.362	3.042	2.346	-1.414	-1.189	-4.831	3.224	-1.473	-3.651	-6.808	-2.516	-5.679	27	Cars
-2.374	9.748	1.985	5.095	1.435	1.426	-2.910	0.934	0.771	-0.803	-2.611	-6.326	-8.667	-6.749	5.583	9.195	3.497	-4.385	1.743	2.311	0.984	-6.405	-4.276	-11.727	-6.135	-7.641	-7.086	-3.174	27	ScrambledCars
-24.364	-10.068	-3.643	-3.060	0.891	7.341	7.556	2.489	5.145	8.931	12.982	15.507	2.320	7.721	-31.313	-12.080	-12.178	-20.474	-4.113	-6.389	-0.505	2.075	-2.193	9.516	7.206	15.039	18.919	19.937	27	Faces
-11.148	-1.479	-5.162	-10.635	-9.566	-4.728	-1.769	5.490	13.809	9.292	12.975	16.656	-4.827	-8.414	-13.397	-14.219	-15.612	-1.047	-11.745	-16.952	-11.815	-8.327	-2.801	5.585	17.309	21.202	16.606	22.106	27	ScrambledFaces
-16.093	-9.767	-7.311	-5.470	5.429	-3.121	4.854	5.513	12.985	7.733	15.053	17.546	-0.753	-7.815	-9.178	-10.846	-9.062	-3.435	-5.714	-3.698	-8.905	-1.283	-4.597	5.065	6.680	15.700	15.446	14.735	27	Faces
11.479	2.302	4.179	7.016	-3.704	1.630	-0.821	-8.682	-14.369	-4.469	-3.009	-3.524	-2.467	-4.218	16.654	5.161	9.392	6.041	4.663	3.918	-1.513	0.787	-3.352	-3.710	-15.692	-11.891	-6.427	-8.053	27	Cars
-3.267	6.455	3.329	-5.480	-1.385	5.951	4.792	3.040	-0.245	0.512	1.905	7.638	0.596	3.603	-7.902	-7.085	-10.383	-1.893	3.869	1.180	-1.167	-1.898	2.269	3.260	0.272	5.970	11.528	8.082	27	Cars
1.443	-4.941	-3.784	-12.500	0.569	-5.870	4.045	-3.805	1.367	2.815	6.945	9.456	0.067	-1.349	-0.761	-3.900	-7.737	-1.933	-2.244	-0.484	0.631	-0.251	-0.391	4.526	9.571	12.260	6.722	5.379	27	ScrambledCars
-2.386	-6.642	-1.021	-5.170	6.075	2.740	9.120	10.593	5.057	5.832	7.901	6.402	0.427	0.923	-2.289	-7.049	-9.018	-7.821	-6.249	-6.121	-1.459	-5.557	-6.231	-0.782	3.311	8.848	9.847	11.147	27	ScrambledCars
-18.240	-4.681	-4.572	3.476	1.831	4.902	-0.049	0.306	-2.646	-0.531	-2.018	-1.332	2.086	5.970	-12.563	-0.284	-1.619	1.274	3.741	7.789	5.544	-1.583	2.272	2.722	4.414	7.651	2.743	0.493	27	ScrambledFaces
-0.551	-12.900	-7.836	-9.343	-13.022	-3.420	-7.174	-3.073	-10.501	-6.233	-3.069	1.626	-2.823	-10.527	13.277	-12.543	5.113	13.381	-0.750	-14.458	-12.320	-6.008	2.294	-1.690	6.648	4.559	2.369	9.826	27	Cars
8.808	-0.657	5.211	7.195	8.141	5.177	5.001	0.227	-5.137	0.313	-3.611	-0.971	7.549	2.072	3.134	-2.963	-5.193	-5.147	0.046	-2.211	1.992	3.899	-1.328	-1.326	-6.552	-9.528	-2.182	-1.772	27	Cars
-34.937	-6.975	-9.179	-6.163	-3.491	0.823	7.229	6.697	16.108	10.334	12.298	9.116	2.679	3.762	-37.776	-10.217	-13.288	-8.145	-4.307	-14.429	-2.398	5.169	3.513	6.772	11.655	17.901	14.270	13.118	27	ScrambledFaces
-4.273	-0.879	-1.437	-10.233	1.853	-3.607	9.587	-1.859	-1.275	4.707	1.516	2.590	9.473	5.289	-5.149	-5.851	-3.322	-3.523	-2.569	1.926	-1.736	0.508	-4.164	9.593	0.890	6.658	16.625	4.201	27	Faces
-16.092	-2.491	-3.994	-5.844	2.100	-1.099	4.040	4.787	5.973	4.672	7.062	7.592	0.969	-0.535	-27.433	-7.843	-3.544	-8.206	-10.040	-3.711	-7.927	5.049	0.317	5.869	14.021	17.201	13.986	10.510	27	ScrambledCars
-7.769	2.416	-0.887	-0.288	-0.184	-1.963	-2.010	3.212	1.340	5.506	6.496	8.975	0.784	2.697	-11.580	-11.149	-5.251	0.291	-7.830	-7.471	-3.277	-2.923	-3.031	6.505	8.484	10.020	13.671	9.885	27	ScrambledCars
-1.331	-1.561	-2.709	-0.619	-2.438	-6.737	-3.670	-1.489	0.790	2.798	4.170	3.746	-2.312	-3.834	-2.453	-4.989	5.428	5.668	1.243	-11.942	-7.872	-2.603	2.426	2.270	4.925	7.004	5.056	2.413	27	ScrambledCars
-0.800	7.954	2.136	-6.331	-7.481	3.016	-3.382	3.666	-0.453	-2.421	0.352	2.761	-7.629	-0.169	0.402	-0.187	-8.929	-0.746	0.185	8.206	0.186	4.010	0.271	2.183	0.946	2.923	1.595	6.199	27	Cars
3.555	-2.463	1.448	-1.358	9.529	0.519	10.203	0.438	0.675	4.808	3.901	1.740	1.320	6.868	-4.347	-0.100	4.931	-6.540	-1.898	-0.203	1.079	-5.733	-1.879	-0.025	-0.902	3.946	2.618	0.794	27	ScrambledCars
0.852	-8.345	-1.197	1.553	2.488	-3.879	-1.852	1.042	-1.832	1.740	0.720	-0.620	3.134	2.056	0.397	0.030	4.036	-8.827	0.802	-1.277	0.310	1.027	3.586	5.045	-4.738	0.536	5.106	-1.039	27	Faces
-0.112	3.583	0.739	-3.373	-12.387	-2.484	0.368	-5.707	-8.876	-0.313	-3.152	1.169	0.668	-2.028	-8.155	0.683	-1.828	1.882	-0.448	-2.720	-0.874	7.137	6.366	4.698	1.206	8.667	5.585	8.097	27	Faces
8.242	3.624	1.642	4.377	-3.780	-1.514	-15.119	-10.606	-10.307	-5.541	-6.064	-2.327	-0.806	-1.627	7.827	8.438	-14.444	7.746	1.774	7.427	0.162	4.253	-0.735	-0.931	2.769	3.617	4.391	3.645	27	ScrambledFaces
-14.194	-9.296	-7.617	-5.204	1.270	-6.843	4.636	-0.363	2.593	8.748	10.176	14.638	1.016	0.269	-7.943	-4.152	-9.609	-4.799	-0.480	-5.276	1.177	-2.111	2.299	10.475	11.896	16.443	16.336	16.656	27	ScrambledCars
15.459	-1.098	2.596	-1.451	-2.732	-3.988	-4.240	-8.050	-8.263	-0.434	0.757	1.824	-4.249	-5.686	-1.601	1.668	2.282	7.068	0.468	-5.394	-3.927	-3.404	-1.284	-1.916	0.431	-6.120	5.689	2.894	27	Faces
-13.849	-16.324	-8.567	-16.705	0.566	-0.001	4.544	9.831	10.918	9.897	12.102	10.400	5.347	-2.580	-5.005	-10.955	-2.441	-4.175	-8.454	-17.072	-7.178	-9.044	-1.411	7.099	8.677	16.646	16.652	10.772	27	ScrambledFaces
-12.488	-4.370	-3.946	-9.562	-5.368	-7.497	4.893	-0.429	6.594	8.992	10.959	14.390	12.657	4.607	-15.749	-9.860	-0.975	-16.134	-10.164	-5.470	0.082	-5.787	-4.653	14.494	17.369	30.515	31.633	22.995	27	ScrambledFaces
-8.105	3.212	0.786	-0.317	1.981	-3.202	4.200	-1.563	-5.998	3.444	-1.121	0.201	10.529	2.729	-27.623	2.762	6.589	-4.303	9.279	-1.446	6.377	8.109	-1.133	7.929	3.665	4.316	8.200	0.499	27	Faces
