FP1	F3	F7	FC3	C3	C5	P3	P7	PO7	PO3	O1	Oz	Pz	CPz	FP2	Fz	F4	F8	FC4	FCz	Cz	C4	C6	P4	P8	PO8	PO4	O2	ID	Condition
-9.520	-4.104	2.636	-4.372	-2.028	-4.617	11.261	3.789	9.280	5.251	-3.668	2.808	-2.738	0.853	6.771	-6.820	-8.990	4.550	-7.676	-4.709	-4.982	-8.081	-6.705	-3.779	-0.478	8.962	8.326	7.939	28	Cars
-5.889	10.975	-3.180	3.262	2.023	1.089	0.721	2.458	-6.190	0.080	0.207	-3.439	-0.700	-2.039	3.801	6.198	7.403	-1.585	4.250	4.204	3.938	2.136	3.626	0.683	-3.324	-8.324	1.742	-6.343	28	Faces
-1.645	-8.708	-2.664	-3.761	-4.024	5.322	0.300	0.118	10.250	-2.486	-1.218	0.631	0.766	-2.956	-3.822	-9.201	-0.068	9.208	1.732	-8.523	-6.298	-5.145	-1.445	5.524	3.091	7.039	6.815	8.640	28	Cars
-10.210	-3.621	0.110	-4.078	-4.891	-5.807	-8.834	-1.877	-5.810	-5.934	-3.244	-1.542	-9.356	-5.000	0.620	-1.331	0.758	11.153	3.726	-3.535	-4.188	0.693	9.357	1.323	10.376	10.399	-3.142	3.173	28	ScrambledFaces
-7.435	9.582	7.166	5.617	1.215	3.198	-0.787	3.568	4.190	-0.948	2.164	-1.512	-5.515	-7.596	-3.309	-2.533	-9.278	13.161	-0.105	-0.323	-6.288	2.627	-3.446	4.420	-5.212	-5.099	2.136	-2.291	28	Faces
7.639	-10.279	5.191	-6.387	-2.909	-0.047	-1.429	0.337	3.727	0.334	0.160	2.675	-1.426	-5.669	-0.035	-14.291	-14.056	8.608	-4.213	-9.925	-6.023	-0.369	1.015	5.814	9.755	12.274	4.445	6.423	28	ScrambledFaces
2.710	-10.478	-3.274	-3.695	-3.238	0.464	-5.273	-6.729	0.997	-3.926	2.793	1.927	-3.947	1.846	3.273	-3.468	4.387	13.028	4.061	-1.918	1.079	6.359	3.627	7.403	0.283	-5.399	-5.731	-1.990	28	Faces
3.317	2.258	3.929	-6.564	-4.650	1.301	1.266	-3.654	1.139	9.082	4.838	3.565	0.613	1.811	5.892	-9.077	-8.724	-0.051	-11.079	-2.909	-5.504	-4.949	-6.749	-1.742	3.016	9.038	4.068	4.824	28	Cars
0.509	-8.680	-2.142	-5.205	0.053	0.318	-1.897	-5.718	4.605	-0.218	1.472	0.007	-1.891	-0.574	2.402	-1.469	3.855	4.417	-0.260	-2.561	0.793	-1.493	1.129	-1.042	1.938	0.001	1.702	2.402	28	Faces
-0.032	1.652	0.312	-0.548	-1.675	-1.951	2.524	0.594	3.242	4.978	5.881	-1.351	-2.444	-1.051	1.435	-0.621	0.569	3.619	-0.683	-0.289	0.142	0.720	-1.548	-2.066	-2.584	-0.592	1.588	1.056	28	Cars
6.240	-1.194	0.994	-4.506	-1.559	-0.006	-1.450	0.378	5.930	-3.512	-1.613	-0.313	-5.110	-2.071	-4.536	-3.509	-7.553	-2.218	-4.098	-2.992	-0.680	-0.808	4.004	-0.464	7.860	8.714	0.143	1.264	28	ScrambledFaces
3.567	1.855	-7.584	-4.021	-4.345	-5.340	-5.058	4.122	0.652	2.168	-1.855	-3.584	-0.269	5.268	14.189	0.661	6.315	-1.832	3.404	0.836	3.023	8.571	8.883	0.921	-7.011	-4.657	-0.239	-1.882	28	Faces
1.145	-1.589	1.372	-4.460	-1.093	4.954	1.036	3.185	6.330	4.898	1.489	-0.032	-2.297	3.510	2.430	0.086	-4.221	-4.069	-0.096	0.988	0.439	0.774	-6.089	-0.682	-6.330	-5.199	-1.317	1.118	28	Faces
2.204	2.514	-5.154	-4.264	-1.781	-3.794	1.848	6.601	5.106	5.398	7.166	5.949	1.494	-2.987	0.953	-3.262	-5.026	-2.178	-0.242	-4.415	-2.920	-0.268	-5.483	4.889	3.057	4.886	3.675	3.984	28	Cars
-6.738	0.287	1.179	3.561	-0.440	-3.346	-0.214	4.833	-2.906	1.140	0.890	1.577	-0.649	-3.543	-5.397	3.706	-3.708	-6.613	-1.558	-0.005	-2.082	-4.561	-3.380	3.954	2.240	3.812	3.518	1.512	28	ScrambledCars
7.152	-1.248	6.006	-2.877	-4.462	-2.973	-0.557	-1.598	-1.560	1.958	-1.302	0.663	1.618	-1.894	2.313	-5.534	3.191	1.550	5.078	-1.025	-3.590	5.645	7.324	1.454	0.481	-8.934	-2.882	-0.470	28	Cars
0.987	1.091	2.392	3.708	4.249	4.045	1.374	0.775	3.308	0.492	2.425	3.410	-1.555	-2.923	-9.220	2.647	-6.241	-5.405	-7.997	0.881	-1.928	-8.506	-9.138	-4.520	-1.154	0.942	1.420	2.823	28	Cars
7.415	-9.647	-2.171	-9.533	-5.854	-0.003	5.018	2.907	14.102	7.577	13.356	8.763	1.136	-9.425	-8.622	-15.071	-3.272	2.192	-9.040	-14.367	-11.793	-6.844	-6.443	1.987	6.263	11.732	0.863	8.748	28	ScrambledFaces
-4.506	-10.882	5.405	-0.555	-9.366	1.986	2.624	8.155	10.078	8.795	2.968	3.596	-0.821	-7.772	-4.572	-8.712	-6.324	0.067	-3.882	-11.200	-8.646	-4.786	1.027	-0.813	1.340	6.145	3.857	0.096	28	Cars
-6.212	14.183	1.465	5.967	2.345	-1.869	0.724	-4.947	-0.478	0.667	-0.568	0.665	1.183	-0.812	-1.137	3.646	1.113	-3.135	7.947	2.756	1.486	9.438	3.738	1.747	-8.218	-1.732	-6.155	-0.343	28	Faces
-6.384	3.855	3.208	10.810	8.630	9.373	3.427	-6.958	-6.152	-0.561	-8.194	-8.831	-0.058	-5.928	5.470	1.745	9.213	4.923	2.296	3.311	-0.964	2.455	6.767	-0.329	-2.391	-8.260	-3.827	-4.237	28	Cars
-1.366	-10.858	2.516	-5.202	-3.574	1.769	0.745	-0.942	8.431	1.066	-6.070	1.145	2.314	1.113	-1.438	-5.436	-8.852	-1.227	-2.546	-6.238	-5.615	-0.609	-1.434	5.980	4.093	8.735	8.755	4.890	28	ScrambledCars
1.749	-10.766	2.587	-5.583	-5.907	-7.455	2.373	2.976	2.321	2.110	29.231	5.029	0.013	-4.710	-5.238	-2.915	-3.199	-4.160	-2.183	-5.282	-6.291	-0.716	-3.232	3.338	-0.629	3.500	2.943	0.805	28	Cars
-12.429	6.655	1.574	3.806	-2.528	-1.309	-0.347	-0.327	7.222	3.119	-0.151	2.905	1.743	-4.140	-6.158	2.598	-1.839	-6.798	-0.215	-1.091	-4.766	-2.765	-0.409	2.167	-4.461	3.322	5.384	1.472	28	Faces
2.057	-5.034	1.100	4.266	3.427	1.144	3.040	-1.651	-0.907	3.867	-6.243	0.592	2.702	-0.443	-5.521	3.691	-0.753	-7.514	-2.327	4.468	4.134	-0.069	-6.369	1.287	2.463	4.049	3.554	2.571	28	ScrambledFaces
3.258	-1.092	5.007	-2.779	-2.096	-1.700	2.088	9.721	4.744	0.655	0.135	3.861	0.205	-0.387	-7.722	-7.180	-12.737	-6.845	-9.497	-8.971	-4.027	-3.316	-9.970	3.558	6.777	7.514	7.220	5.039	28	ScrambledCars
2.381	-0.965	-3.256	-4.936	-1.160	1.406	3.164	2.243	-2.436	2.507	3.778	1.073	-0.473	-1.405	-4.324	-6.789	1.514	2.617	-0.560	-6.957	-2.509	-1.615	-7.483	1.529	7.289	7.283	0.268	3.397	28	ScrambledFaces
3.730	-8.903	-5.197	-6.519	-3.655	7.243	-2.013	1.783	2.867	-3.453	-2.368	3.302	-2.959	-2.556	-4.813	-3.988	-3.353	-2.184	-7.213	-5.018	-4.437	-5.298	-2.875	3.858	9.269	6.869	4.938	9.155	28	ScrambledFaces
-0.721	-11.399	-5.265	-5.516	-7.522	-10.511	-2.120	-2.591	-2.351	-0.715	-8.854	7.803	-0.223	0.340	-5.541	-3.998	9.076	0.690	1.762	-4.943	-1.774	2.037	2.871	6.314	4.262	12.602	5.554	8.649	28	ScrambledFaces
9.089	-6.076	3.249	-3.337	-3.384	-5.676	-1.792	-0.979	-1.736	-3.103	-9.392	-0.366	-0.025	5.007	7.928	-5.140	-9.015	3.913	1.284	-1.068	-0.091	12.110	7.966	5.560	7.204	-7.449	-1.111	-0.793	28	Cars
0.368	9.838	-2.739	0.268	-1.864	-4.401	-1.602	-2.088	-4.241	-0.708	-12.295	-2.444	-2.360	2.659	-7.106	0.032	0.059	4.844	0.818	1.817	2.458	2.118	1.650	-0.000	3.339	9.843	0.526	1.796	28	ScrambledCars
2.801	-1.272	0.777	-4.471	-2.610	5.775	0.453	4.882	7.882	0.610	-0.360	4.460	-5.018	-6.862	-6.266	-10.037	-13.238	2.647	-9.126	-10.080	-9.385	-5.131	1.981	3.191	5.512	7.103	5.351	2.388	28	ScrambledFaces
6.880	-8.368	-7.030	-5.495	-4.532	-0.642	0.244	5.326	1.213	1.414	-0.207	-2.859	-1.357	-4.655	-2.156	-8.067	2.002	2.232	-0.127	-9.768	-4.979	10.721	4.706	4.336	0.827	1.602	25.091	0.663	28	Cars
3.215	4.213	4.148	2.203	0.676	1.184	-2.021	-2.710	-6.764	-7.121	-3.186	-1.452	3.421	1.027	-0.904	-5.673	-1.652	4.026	-1.589	-3.845	-2.488	4.598	6.861	3.600	4.776	3.860	5.438	-1.585	28	ScrambledFaces
4.911	-5.596	5.060	-4.770	-5.584	-2.454	2.407	10.688	4.093	6.190	3.959	2.434	1.216	-7.998	1.966	-16.687	-12.990	-3.559	-12.541	-15.365	-13.767	-9.902	-5.621	5.104	7.264	5.142	10.769	8.617	28	ScrambledCars
-8.398	2.473	0.916	-2.398	-6.002	-3.297	-5.734	5.240	0.215	-6.513	-2.673	3.075	-4.390	-6.198	-6.108	-6.468	-3.036	14.983	-2.940	-9.296	-7.257	-2.623	1.861	-1.131	11.538	7.419	1.428	3.488	28	ScrambledCars
-3.538	-7.065	-6.288	-10.033	-7.909	-7.562	1.649	-3.090	7.831	2.491	5.318	3.597	-3.099	-0.297	-9.156	-3.436	-7.411	-7.218	-2.049	-5.229	-6.076	-1.700	-3.521	2.964	11.492	21.596	11.277	8.434	28	ScrambledFaces
-3.035	0.693	-1.451	0.078	2.213	-0.271	-5.163	-7.489	-3.619	-2.068	-2.083	-1.889	-0.593	3.525	9.260	6.446	0.800	-1.086	-0.563	7.852	7.119	3.104	1.576	5.200	-2.046	-2.455	3.264	0.306	28	ScrambledCars
-8.890	-1.203	-2.428	-0.558	-0.740	-2.463	-4.918	-3.976	1.755	-4.310	1.362	0.207	-1.349	-4.402	-0.673	3.906	6.171	2.073	-0.594	3.318	-1.898	-1.104	-1.432	-0.346	5.777	8.404	7.648	6.029	28	ScrambledCars
6.843	-6.471	-3.142	-9.144	-5.515	-5.243	-0.975	-0.591	1.247	0.270	-2.314	-2.242	1.863	-1.666	8.392	-8.731	3.329	-0.190	2.572	-5.422	-1.406	5.331	3.990	10.358	3.581	6.914	11.073	1.113	28	ScrambledCars
-8.779	7.425	3.725	-0.929	-5.431	-1.087	-4.844	0.502	-3.058	1.341	-7.460	-3.033	-3.104	0.739	-10.668	2.529	10.920	-2.476	3.773	0.048	-0.959	4.847	1.457	2.131	2.505	2.368	1.787	-0.010	28	ScrambledFaces
1.886	-7.561	1.117	-1.390	0.963	-2.454	-1.369	2.168	3.155	4.959	3.015	4.657	0.190	-2.026	5.420	-7.297	-3.039	0.946	1.748	-6.841	-5.727	-0.340	-1.554	2.432	0.445	-3.610	-0.960	1.198	28	Faces
0.228	8.779	-4.191	-0.862	-2.145	12.892	1.130	1.317	3.022	-3.134	5.617	1.832	3.790	-1.298	1.056	-7.277	-7.453	-8.057	-2.631	-8.125	-5.688	2.976	-4.879	6.513	6.663	4.939	6.271	5.255	28	ScrambledFaces
2.972	9.096	7.030	-3.024	-1.177	-6.644	-2.369	1.436	1.780	5.924	7.048	7.872	3.584	2.316	6.499	-3.388	-2.758	-12.904	-3.989	-4.202	-1.227	-1.741	0.941	1.984	-3.675	-7.723	2.598	2.627	28	Cars
5.200	-3.079	-0.690	-5.345	-5.050	1.843	-1.151	-0.327	-0.701	5.197	2.309	3.197	-0.629	-0.618	0.849	-10.227	-2.892	2.824	-2.274	-9.064	-5.535	-4.167	0.347	0.287	-1.966	-1.189	5.505	2.901	28	Faces
2.990	-6.836	-2.545	-5.843	-5.187	0.182	1.674	2.098	5.927	7.150	11.972	7.475	-1.824	1.686	-3.897	-6.179	-7.600	-2.337	-4.148	-7.043	-5.746	-2.182	-6.003	4.883	3.354	5.345	10.538	3.290	28	Cars
-0.480	-8.156	-11.054	-10.494	-6.438	-7.455	-4.925	-1.060	16.052	-2.764	9.771	4.249	-2.003	-8.635	-0.258	-6.553	-2.005	6.107	-2.343	-8.086	-7.940	-3.106	-0.261	2.807	8.123	14.099	2.812	5.899	28	ScrambledCars
-7.279	2.216	1.842	8.227	2.827	4.576	0.304	5.297	-7.158	-2.733	-9.027	-0.675	-2.317	-15.058	0.213	1.615	0.599	5.321	2.802	0.557	0.078	2.133	1.084	2.748	-0.714	-0.365	-4.672	3.562	28	ScrambledCars
-0.899	-14.082	-3.736	-2.812	-3.892	-8.215	3.270	-1.897	12.376	6.006	3.535	1.370	-3.284	-4.466	-2.259	1.205	2.081	1.731	4.399	0.964	-2.609	3.497	-1.947	-3.152	-0.202	-2.946	-3.375	4.302	28	ScrambledCars
-2.112	-4.430	-3.748	-14.001	-7.245	-5.777	-2.024	9.626	18.293	0.897	8.177	7.330	-4.185	-9.930	3.481	-15.188	-9.026	0.820	-9.170	-19.218	-16.003	-6.932	-4.005	-3.136	7.752	10.423	8.300	10.892	28	ScrambledFaces
6.498	-6.359	-12.224	-2.749	2.255	1.725	5.695	1.522	-0.728	1.546	1.384	3.954	2.172	7.210	3.164	-1.035	4.892	-11.214	0.111	0.707	-0.990	-3.090	-9.088	2.595	-0.196	0.708	6.981	4.492	28	Cars
-3.391	-0.154	-2.693	1.849	1.183	-5.075	1.612	-2.537	-6.357	-1.284	-3.002	0.354	0.024	5.702	14.174	7.881	-5.405	2.292	4.038	11.314	5.979	3.253	-1.318	2.758	-5.154	-4.507	0.092	-0.444	28	Cars
-2.726	-14.785	1.845	-7.124	-6.083	-6.229	-1.751	3.666	7.018	2.330	-3.591	2.364	-1.412	-7.945	7.731	-8.380	-2.157	0.171	-4.368	-7.739	-4.820	-0.958	-2.794	5.252	12.621	11.195	6.243	10.596	28	ScrambledFaces
-0.684	-6.006	-1.958	-7.498	-4.852	-6.332	-0.063	5.731	14.577	5.807	12.172	6.615	-3.900	-10.964	6.212	-12.231	-10.458	0.223	-11.847	-12.099	-13.080	-6.635	-1.851	2.738	5.417	14.169	8.377	9.056	28	ScrambledCars
-0.927	9.176	-0.233	-2.948	2.091	8.931	6.223	0.321	6.598	8.134	2.057	1.503	3.166	3.154	-4.887	-0.776	-9.260	-5.417	-7.013	-4.634	-1.383	-1.839	-4.679	-1.514	-3.482	-0.831	2.050	2.823	28	Cars
1.661	-29.638	8.363	0.959	-1.104	-2.729	-0.205	-4.799	0.211	-2.187	0.363	2.203	6.747	-4.076	-3.667	-0.584	3.083	-5.269	-3.796	-0.644	-0.318	1.508	1.963	5.478	10.216	7.795	6.868	3.573	28	ScrambledFaces
3.405	5.322	1.863	1.616	6.095	1.096	-2.078	-4.967	-1.552	-4.210	-5.524	-2.862	1.033	0.402	-4.589	-1.491	-2.683	0.154	-2.917	-0.315	2.604	-3.585	-2.869	4.485	2.233	5.626	9.032	3.011	28	ScrambledFaces
5.208	-3.395	1.162	-2.035	1.605	-3.349	2.097	4.631	-7.391	-1.348	-6.048	1.044	2.307	5.298	4.234	-4.065	-3.356	-11.218	-1.243	-4.559	3.096	-0.112	-2.256	6.487	3.909	6.265	1.594	6.645	28	ScrambledFaces
-3.027	1.389	-0.730	2.620	0.693	0.789	4.591	0.892	4.719	2.031	5.415	0.475	-5.307	-6.719	0.890	-0.272	-5.613	1.354	2.934	2.684	-5.980	-0.851	-3.550	-3.986	-2.029	1.429	-8.209	-1.323	28	Faces
-5.301	1.164	5.924	-0.769	0.253	8.235	3.092	2.734	-0.660	3.971	-6.309	-4.295	-0.444	0.213	-2.545	-3.115	-5.955	4.465	-3.547	-3.468	-2.589	-1.218	3.151	-1.231	0.261	1.626	1.703	-3.676	28	ScrambledCars
-4.269	-8.463	2.276	0.062	-0.969	2.892	-3.787	2.130	-7.143	-3.030	-3.497	0.151	1.881	-1.588	-3.789	0.107	4.206	1.034	6.344	-1.590	-2.211	3.016	0.788	4.353	-0.680	5.806	3.417	1.627	28	ScrambledCars
7.697	-1.571	-3.517	-4.812	-0.766	-1.884	3.271	3.257	-1.312	3.787	1.808	0.533	4.853	5.830	5.525	-5.666	-2.592	-4.301	-6.481	-3.922	-1.893	-2.380	-3.587	1.566	3.974	-0.605	-3.085	1.824	28	Faces
5.102	-1.694	-3.224	-6.602	-5.833	-2.152	0.108	5.153	7.783	6.295	2.952	4.548	-2.205	-4.003	-7.576	-7.025	-11.189	-4.960	-9.022	-8.728	-8.189	-8.919	-2.440	3.661	7.205	11.736	11.738	3.422	28	ScrambledCars
2.497	-11.730	4.804	-6.578	-0.815	-5.944	-4.934	-1.454	5.815	2.173	1.241	2.259	-8.168	-6.954	-0.659	-6.900	-3.377	5.770	-3.332	-5.234	-6.304	-0.244	4.256	-5.583	6.152	7.279	-2.444	4.594	28	ScrambledCars
11.664	-1.666	-9.479	-1.694	-0.178	-6.438	-0.914	-3.439	-2.166	-0.086	-4.847	-4.052	6.040	1.230	-2.007	3.377	5.835	0.689	7.867	4.940	6.868	3.811	3.023	10.112	0.458	3.804	4.751	-0.623	28	ScrambledCars
10.242	-2.146	2.120	-0.555	1.647	4.623	6.304	2.021	2.769	10.778	4.718	2.086	3.631	-3.002	10.528	-13.594	-11.934	-1.733	-6.119	-8.422	-4.468	-1.032	-10.070	2.422	-2.447	-0.151	-0.456	3.232	28	Cars
-9.251	11.383	2.448	-7.683	-8.679	-0.654	4.209	3.977	6.702	7.682	3.272	3.751	-6.357	-14.493	-11.870	-9.835	-12.202	-0.103	-12.235	-16.641	-12.514	-2.221	3.404	4.801	9.479	8.361	9.549	6.354	28	Cars
3.027	2.966	0.243	-1.475	-6.423	-6.533	1.544	8.761	10.928	2.513	2.593	0.471	-0.669	-6.097	-8.818	-2.900	-1.924	-7.504	-3.140	-2.544	-6.675	-0.825	-0.094	0.606	-1.078	5.685	6.919	3.103	28	Cars
8.854	-3.846	-2.001	-3.441	2.574	2.691	5.875	-3.084	8.163	9.352	10.590	2.500	6.056	-0.857	12.054	-8.011	-0.218	-9.773	-3.732	-4.672	-2.361	-2.404	-6.451	4.087	-1.159	3.100	0.004	1.295	28	Cars
2.177	-6.899	2.880	-7.434	-4.551	-3.156	-3.888	-1.534	3.294	1.743	-1.525	5.828	2.303	-2.819	-3.338	-8.602	-7.621	1.371	-7.929	-9.525	-5.054	0.063	-2.208	6.554	6.281	8.471	10.019	6.771	28	ScrambledFaces
1.329	4.625	-3.848	1.816	0.739	0.176	1.946	5.730	-1.289	-0.337	-3.590	-3.635	0.282	-1.474	-14.952	3.120	4.259	-16.153	6.674	-0.703	-1.825	0.335	0.834	5.489	6.401	8.785	3.919	2.880	28	ScrambledCars
7.840	-4.211	-0.275	-7.528	-1.947	3.341	3.999	13.567	0.337	6.470	6.591	2.228	-3.458	-2.747	10.524	-10.804	-18.694	-4.196	-11.220	-10.587	-8.228	0.475	-1.688	0.561	-1.819	3.664	8.672	4.938	28	ScrambledCars
-0.042	-1.204	3.346	-1.886	-0.922	-2.028	-4.304	-0.595	-3.563	1.691	-1.943	-3.398	-1.251	1.844	4.181	-1.314	6.255	6.824	4.744	1.412	0.663	2.832	3.588	-2.762	-2.264	-1.850	0.556	-4.463	28	Faces
10.426	-8.846	-0.933	-7.126	0.105	5.907	7.350	-0.187	2.531	4.912	4.294	4.165	1.915	4.212	3.438	-12.379	-11.827	3.079	-11.355	-10.798	-1.456	-8.541	-7.455	2.066	-1.000	1.147	5.352	3.754	28	Cars
-0.121	0.585	-5.528	-5.564	-4.874	-7.635	1.170	3.286	4.016	-6.095	-5.415	-0.912	0.770	-0.680	11.107	-7.008	-6.547	9.488	-0.440	-3.765	-1.871	3.012	3.613	3.791	7.115	4.400	1.086	1.999	28	ScrambledCars
-2.579	0.441	0.504	-4.717	-3.663	1.728	5.121	10.564	9.817	10.882	-0.832	5.591	-1.124	-4.679	-10.089	-10.455	1.977	-2.024	-8.240	-13.197	-11.963	-7.840	-11.698	-1.565	0.703	6.572	3.135	8.062	28	ScrambledCars
1.936	10.771	-0.240	3.952	0.212	3.442	2.026	3.014	-2.057	4.198	-2.093	0.498	0.694	-4.857	-3.368	-3.120	-4.775	-7.993	-1.970	-1.663	-3.453	0.787	-3.514	5.126	6.978	4.097	7.035	3.629	28	ScrambledFaces
6.803	-22.676	0.366	-8.401	-6.567	-1.218	3.662	3.367	7.285	6.622	-0.842	3.633	1.179	-7.319	0.835	-10.737	-18.619	11.590	-3.556	-8.264	-9.338	2.629	5.121	9.487	6.083	6.581	11.335	5.550	28	ScrambledCars
5.535	-8.789	1.803	-5.619	-2.383	-2.367	5.845	-0.211	5.764	7.157	3.582	5.871	6.125	-6.014	-8.946	-9.676	-0.187	-5.059	-4.985	-9.589	-7.180	-1.605	-0.575	7.684	6.320	8.796	14.619	5.364	28	Cars
2.867	5.183	-1.344	5.504	4.439	-3.525	1.076	-3.764	-4.052	-7.455	-1.153	-1.373	2.461	-0.732	-2.828	4.146	2.017	2.138	1.316	5.632	4.695	3.002	2.460	3.531	-0.882	-0.983	-0.901	-1.722	28	Faces
-7.118	-1.062	-8.627	-2.962	-7.891	-3.058	-2.037	-6.309	4.562	5.350	6.424	4.552	-3.690	-11.931	2.856	-7.634	-2.673	3.491	-2.329	-7.740	-10.765	-1.100	2.234	4.002	9.439	13.331	5.236	8.151	28	ScrambledFaces
10.847	-2.177	0.090	-2.994	2.243	-0.573	4.660	-0.658	3.001	6.668	1.234	-3.224	0.637	-6.484	4.620	-8.983	-8.650	-9.593	-5.959	-6.437	-4.704	1.688	0.331	3.817	2.726	-1.268	0.901	-2.255	28	ScrambledCars
-5.826	9.974	4.571	9.612	8.757	5.362	1.208	3.587	-3.614	1.731	-0.418	-0.303	-1.283	-4.179	-9.631	6.001	-6.869	10.422	-0.166	4.109	1.032	-1.489	-4.097	-4.013	-2.334	-0.110	-3.063	-3.171	28	Cars
2.742	2.632	-6.024	-0.573	-0.437	1.842	0.739	-5.553	0.884	0.134	4.641	-1.763	4.522	-3.109	-11.397	1.701	-1.481	-0.086	4.476	-3.693	-1.264	6.008	6.924	1.685	-1.105	-0.360	4.612	3.149	28	Faces
6.634	-1.685	-4.020	4.761	4.227	1.322	9.396	-1.389	-0.303	8.885	1.230	4.482	11.070	1.141	-7.399	5.106	6.719	-13.034	-4.288	4.318	0.995	-1.069	-4.910	4.336	-8.604	-2.000	9.873	3.372	28	Faces
6.100	-0.234	4.244	3.461	1.261	-5.464	-3.123	-5.976	-6.466	0.264	-0.986	0.971	2.262	-0.434	-11.470	-1.190	5.994	-7.417	0.050	-0.358	1.428	-0.773	-0.004	5.791	2.793	1.789	8.978	1.851	28	Cars
-2.858	10.395	0.623	5.499	0.661	6.156	-1.038	-5.131	-2.019	-2.127	-0.758	-5.800	-0.763	2.363	1.021	2.302	0.240	-0.525	7.518	4.130	2.855	-0.328	-0.559	-1.741	-6.138	-9.015	-3.477	-3.236	28	Faces
-8.643	8.680	-6.909	1.663	2.521	-5.107	-4.360	-16.332	-11.315	-3.510	-4.514	0.648	5.932	3.037	3.713	10.848	3.588	-4.324	12.356	7.530	5.235	10.303	7.193	10.947	-4.031	-0.206	6.896	-0.289	28	Faces
-2.674	5.596	-2.010	0.856	-1.611	3.304	1.232	12.212	-1.595	1.338	0.712	-2.369	-2.271	-5.755	-5.762	2.089	0.872	-7.447	-1.459	-2.366	-5.912	1.223	-2.667	-3.317	2.889	0.855	0.223	5.190	28	Cars
7.289	3.135	0.304	4.272	5.499	1.249	3.758	-5.366	-2.853	1.874	1.501	-5.778	2.297	1.245	-9.417	2.856	16.833	2.782	6.509	5.508	4.941	8.771	3.223	-0.542	-10.465	-6.143	-2.704	-6.134	28	Faces
13.925	-1.668	-1.910	0.092	1.746	-3.921	2.590	-2.264	-4.402	8.325	-1.828	2.215	9.084	1.218	2.322	-5.578	-6.910	-2.588	-5.534	-2.138	2.129	-0.571	-10.245	5.734	-2.528	5.095	13.016	7.051	28	ScrambledCars
3.133	-18.088	-2.935	2.269	5.018	4.679	3.815	-3.223	0.759	4.788	-4.985	-0.480	5.161	1.200	-2.769	7.450	4.517	-2.766	6.393	4.954	3.604	1.597	1.132	-2.415	-5.103	-2.161	0.690	-3.192	28	Faces
5.889	-5.004	1.193	-6.942	-4.326	-4.126	-0.140	-1.466	-0.973	6.561	4.959	1.973	2.476	3.098	8.464	-6.638	-7.191	-1.622	-3.249	-5.223	-1.904	-5.236	-0.596	3.064	-0.915	-0.712	-0.347	3.381	28	Cars
4.940	-16.156	2.883	-8.951	-6.507	4.310	2.887	9.443	12.445	5.316	3.031	4.248	-1.615	-8.161	-6.527	-10.457	-12.690	3.292	-3.234	-11.757	-9.315	-5.082	-2.427	3.514	5.850	5.214	-1.840	2.960	28	ScrambledCars
-5.457	-3.108	-5.105	-2.612	-1.526	-7.732	0.446	2.049	4.158	-1.212	-0.201	6.227	-1.192	-3.471	3.122	2.663	-1.741	-0.980	-0.477	2.692	-0.675	-1.899	-1.903	7.749	8.514	5.975	3.514	3.282	28	ScrambledCars
0.210	-7.685	0.128	-1.822	-0.604	2.260	1.132	-4.420	-4.960	-0.846	1.232	2.185	-0.236	-5.467	7.785	-9.865	-3.093	6.860	-1.102	-7.977	-5.759	0.597	2.878	4.187	2.450	2.052	1.175	2.242	28	Faces
1.565	-3.996	-0.889	-7.273	-2.387	-2.485	5.806	2.996	6.476	6.026	1.750	5.637	8.220	-2.951	6.594	-9.602	-11.851	-8.401	-9.134	-11.086	-8.223	-3.713	-3.248	10.659	3.593	8.894	23.485	10.061	28	ScrambledCars
2.698	-9.525	-6.922	-3.997	-0.185	-5.982	3.952	-10.978	-4.474	8.674	3.698	6.013	5.691	0.474	3.991	-0.329	0.385	-6.350	-1.145	-1.017	0.812	4.311	3.820	6.957	2.958	9.930	19.360	4.780	28	Faces
4.439	-11.439	-2.019	-10.276	-6.337	0.859	-0.599	7.467	4.869	0.714	4.486	2.908	-6.966	-4.402	0.767	-10.225	-6.067	3.728	-9.117	-9.442	-8.073	-3.430	-0.350	0.196	9.064	11.759	4.379	10.572	28	ScrambledFaces
-4.640	1.781	3.021	-1.591	-0.708	0.311	0.496	-0.391	2.075	2.172	2.489	3.592	1.789	1.994	-1.859	-2.110	-4.614	-1.198	-1.056	-5.459	-2.229	-1.863	-0.952	3.019	3.799	0.128	4.420	2.984	28	Cars
-4.391	-0.175	2.556	-4.633	-4.160	-2.362	1.388	5.754	3.706	2.719	-1.995	2.764	-6.139	0.798	-6.466	-7.179	6.154	7.114	-5.235	-6.600	-6.293	-6.868	-1.136	-0.677	2.153	1.622	1.104	3.792	28	ScrambledFaces
-0.629	-2.924	-4.588	-4.701	-2.280	-5.352	1.028	-5.797	0.468	2.362	3.487	4.280	-2.367	4.343	3.415	-1.963	1.971	-4.807	-0.018	-1.782	-0.302	0.704	-3.645	3.102	-2.922	1.878	3.063	2.094	28	Cars
4.116	1.708	1.613	2.755	6.079	3.149	5.087	0.630	4.448	6.986	1.645	-7.724	2.979	11.815	8.181	2.095	-8.257	-2.404	0.879	4.564	5.710	1.733	-4.679	0.800	-12.746	-6.705	-2.521	-9.093	28	Faces
7.205	-5.300	3.528	-4.421	-1.087	3.180	1.584	-0.101	-2.373	-2.227	4.189	-0.551	1.664	5.876	3.313	-2.490	-3.873	-5.114	1.221	-1.498	1.496	0.461	4.261	1.543	-3.881	0.301	2.788	-0.898	28	ScrambledFaces
7.596	-2.937	-2.661	-2.945	0.989	3.454	-2.804	-0.746	2.955	-3.197	-1.214	1.239	1.713	4.430	-3.375	-1.831	-1.060	-0.333	-3.580	-1.217	-0.992	-1.651	-3.692	-0.556	0.431	3.068	3.698	0.427	28	ScrambledCars
9.197	10.200	-2.536	1.045	0.808	3.735	1.187	2.765	-1.774	-1.460	-3.444	-4.576	-0.173	7.923	2.392	-6.751	-18.857	0.140	-2.063	-3.240	-2.597	0.709	-0.873	2.523	0.237	1.998	-0.490	-2.656	28	ScrambledCars
-4.530	0.308	9.705	0.495	2.776	0.665	-0.407	-3.284	-6.497	-0.169	-1.773	-8.318	3.688	4.860	-1.895	6.554	4.082	-2.794	4.708	5.396	5.623	3.403	2.433	1.042	0.157	1.548	3.455	-1.982	28	ScrambledFaces
7.414	-6.112	1.816	-1.359	-1.995	3.803	3.092	6.774	5.727	4.680	1.259	2.914	0.581	-5.027	-12.639	-6.933	-8.564	-0.491	-4.365	-8.372	-6.610	-5.947	-1.507	-3.248	3.219	2.186	0.625	3.656	28	ScrambledFaces
-2.569	-4.399	-2.221	-4.597	-3.013	-3.146	4.525	-0.923	12.850	6.684	5.719	5.805	0.231	-10.278	1.320	-11.286	-5.235	9.138	-5.774	-10.770	-8.156	-6.518	-2.503	3.326	1.736	4.290	8.285	5.953	28	Cars
1.032	0.569	0.686	-1.399	-3.736	0.109	0.835	-3.218	4.123	9.691	8.098	3.409	1.656	-8.205	-2.534	-7.329	-8.034	1.742	-6.123	-7.554	-6.710	-7.996	-0.174	1.085	4.194	5.468	2.749	5.862	28	Faces
-0.896	-2.690	8.574	-3.824	-2.761	-4.541	-0.228	6.774	0.213	4.249	1.718	-0.444	0.585	2.890	18.199	-9.146	-13.764	6.166	-4.874	-6.421	-3.666	-4.805	-1.188	1.601	-2.693	-1.737	-2.228	-5.128	28	Cars
0.501	-1.876	0.754	0.337	-3.962	-1.990	-4.428	-2.186	-14.026	-0.499	-3.735	0.220	-1.469	6.093	-4.615	3.515	8.812	-5.566	6.571	5.261	5.891	-1.440	-2.330	3.002	-0.510	0.928	3.232	2.084	28	ScrambledFaces
8.657	-1.011	-6.669	-5.820	-0.746	-3.268	1.346	-5.724	2.195	5.102	-4.968	2.349	7.912	6.299	-5.561	-3.524	-9.629	-0.111	-3.739	-3.507	-0.201	1.264	-2.700	7.907	5.260	8.987	16.524	5.488	28	ScrambledFaces
6.499	3.035	0.050	1.959	0.401	1.736	0.515	-2.984	-4.852	0.518	-4.691	-2.465	3.366	5.200	-2.489	-5.372	-3.790	-5.937	-3.793	-4.095	-0.526	1.048	0.403	6.274	2.000	2.962	4.994	-1.382	28	ScrambledFaces
0.186	3.024	1.871	2.454	1.597	-1.050	0.316	-10.264	-4.467	0.981	2.375	1.310	-0.353	-0.764	-3.361	1.674	-2.213	7.777	-1.886	3.339	0.539	0.729	5.960	5.451	-2.737	0.961	1.192	2.955	28	Cars
5.573	5.006	0.735	0.510	-2.365	-1.544	5.593	0.778	4.827	5.683	2.077	1.432	2.416	2.082	2.487	-4.795	-7.615	-2.931	-3.309	-2.741	0.274	0.417	0.524	2.189	-3.208	-1.411	3.650	2.692	28	ScrambledCars
-5.369	-2.934	-5.196	-2.195	2.074	14.542	6.966	5.355	6.845	9.333	4.900	0.198	-2.281	-5.533	7.021	-4.876	-8.587	-5.078	-6.500	-9.550	-8.480	-4.971	-0.743	-3.977	2.142	-0.113	-3.566	0.886	28	ScrambledFaces
0.692	-15.898	-3.602	-8.446	-6.693	-3.712	-2.697	7.644	4.740	0.160	0.764	2.230	-3.393	-2.516	-6.027	-1.260	1.866	-8.691	-0.179	-5.526	-5.184	-3.468	4.228	6.975	7.300	9.753	12.176	8.906	28	ScrambledFaces
-3.633	9.821	-8.569	-0.524	-2.183	-6.398	-1.101	-0.157	-0.538	3.797	-0.517	-2.483	2.124	-1.546	4.389	-0.022	-0.574	-0.735	-1.467	-0.199	-0.418	-3.080	-4.046	2.806	0.177	9.157	13.887	2.369	28	ScrambledCars
0.171	-6.519	0.954	-4.381	0.425	5.828	6.956	7.260	11.794	9.322	7.062	-1.552	0.424	-1.042	-11.499	-5.302	-8.097	0.339	-8.756	-9.323	-10.246	-6.153	-3.054	1.808	-0.265	4.146	4.947	-0.229	28	ScrambledCars
2.539	-4.853	-9.984	-5.884	0.182	-1.701	8.130	-5.971	-5.686	4.586	3.461	1.437	9.502	1.462	8.004	-6.960	0.426	9.143	2.569	-7.656	-5.234	3.043	5.330	8.684	4.234	3.173	5.915	3.201	28	Faces
-11.371	4.887	4.267	3.209	0.989	3.254	0.618	8.834	7.469	8.424	4.301	-0.293	-3.096	-8.208	-8.386	4.965	2.529	-2.623	1.894	-0.328	-3.764	-3.531	-1.776	-3.287	-6.906	-3.231	-3.194	-5.067	28	Cars
-2.168	2.535	1.459	2.904	1.790	-1.734	1.660	-1.280	-3.808	0.145	-3.716	-2.465	0.592	0.822	6.695	-1.788	1.984	-1.287	2.932	2.122	-0.079	4.725	0.029	4.239	-0.518	4.293	-1.426	-0.276	28	Faces
-6.289	0.613	2.580	-3.986	-4.076	0.404	1.653	5.425	10.932	13.317	13.250	11.586	-1.135	-12.010	-7.741	-5.865	-13.449	-13.584	-8.665	-15.449	-13.188	-4.201	-3.091	1.757	5.625	10.561	5.129	13.002	28	Faces
-0.151	-7.124	0.153	-3.049	-1.826	0.078	-0.140	-1.421	-3.912	-3.127	-2.281	0.165	-1.132	3.074	-5.336	1.319	2.501	1.996	3.726	0.182	-1.498	6.712	7.762	1.746	3.573	2.861	-1.190	1.959	28	Faces
11.267	-1.596	-9.999	-0.522	0.497	0.802	-4.010	-5.447	1.598	-1.343	-0.144	1.639	0.166	-1.123	-0.511	-0.258	-4.469	-2.879	-2.011	3.361	1.080	-2.911	-2.602	4.653	4.850	9.790	-1.184	7.144	28	ScrambledFaces
-1.152	-2.301	1.478	1.515	4.378	4.244	-0.141	-2.717	1.392	-0.320	-0.904	-0.225	-1.920	4.490	2.307	0.264	-3.367	-0.415	-2.586	-1.619	4.032	-3.256	-1.600	-2.529	-6.315	-3.542	-2.573	0.309	28	Faces
-0.058	-3.517	-1.655	-4.011	-3.908	-3.684	2.292	6.819	6.198	8.574	5.277	5.819	-6.629	-37.265	2.838	-1.719	-3.119	-0.432	-4.499	-1.113	-3.464	-4.841	-3.389	-0.988	1.009	3.468	4.714	5.229	28	Faces
6.137	3.222	-5.151	1.770	2.086	1.434	3.567	2.082	-1.530	2.914	-1.229	-4.410	-6.240	-7.816	-1.793	-3.275	-3.080	-2.325	-0.181	-0.019	-3.082	1.631	0.983	4.048	8.948	-1.835	-1.441	-3.582	28	ScrambledCars
2.497	-4.278	-5.942	-6.390	-2.849	-1.067	-1.117	4.642	4.614	5.616	-0.471	4.118	-1.677	-1.586	4.104	-7.231	-2.295	-2.347	-9.447	-4.277	-6.033	-6.297	-9.061	2.719	6.445	7.299	10.708	4.942	28	ScrambledCars
-10.311	5.465	-1.221	-1.203	1.332	3.865	6.250	8.645	4.258	3.929	6.970	2.875	-0.679	-0.763	5.262	-1.561	-7.413	-7.152	-8.677	-5.514	-5.816	-3.659	-5.982	-0.243	2.243	4.506	3.364	3.027	28	Faces
5.935	1.915	-6.223	-1.618	-1.166	-2.554	-2.540	-1.068	-0.668	0.009	0.909	4.149	-3.405	-0.262	-1.800	3.609	-3.657	-2.136	2.482	2.160	2.979	0.047	1.225	-1.544	0.179	3.754	-6.832	4.025	28	Cars
-1.328	6.471	-1.207	-5.225	-2.707	-13.127	-2.468	-8.990	3.134	-4.489	-0.623	5.112	0.322	11.996	9.862	-0.787	-4.755	-4.489	1.931	2.054	5.012	3.723	-6.960	0.098	1.140	6.050	5.065	3.985	28	Faces
-6.136	5.361	-6.044	0.914	-3.264	-2.332	0.516	-3.819	-4.711	-2.895	4.432	2.357	-2.703	-16.664	-7.481	2.388	10.231	2.109	1.177	0.242	-4.379	0.343	4.231	1.498	5.138	4.379	4.011	3.077	28	ScrambledFaces
-0.106	2.735	-6.098	1.772	-0.442	-0.637	-1.746	-1.553	-3.105	1.861	0.042	-4.301	3.323	-2.478	5.569	-2.000	-3.585	1.775	-0.793	-1.637	-5.690	4.235	3.908	7.032	3.945	4.836	3.287	2.097	28	ScrambledFaces
-6.047	-12.377	11.817	2.790	-2.272	6.663	3.087	4.766	2.238	4.063	8.110	4.115	-1.926	-6.906	-4.731	-5.315	-15.858	1.651	-3.717	-9.002	-5.249	-4.596	3.015	-0.629	3.494	1.505	-0.416	2.656	28	Faces
-11.452	-6.715	6.486	-0.478	-4.530	0.965	2.893	5.079	7.668	7.004	4.207	1.439	-5.963	-8.345	-9.664	-3.269	-5.367	4.217	4.286	-5.888	-8.964	-3.830	-0.387	-1.436	2.426	2.419	2.061	2.457	28	Cars
-4.561	0.756	-9.107	-2.276	-4.666	1.448	3.665	3.384	11.425	7.707	2.942	5.801	-1.828	-9.868	-8.310	-7.655	1.296	-6.035	-9.483	-9.670	-13.138	-8.968	-7.647	6.324	5.701	11.191	9.282	10.475	28	ScrambledFaces
0.794	9.521	5.125	0.462	-1.598	-3.223	4.586	-0.832	3.099	4.162	6.974	3.305	1.973	-1.964	1.396	-3.679	-4.785	-1.931	-1.517	-0.735	-1.882	0.934	-1.223	-2.153	-2.793	-4.535	-4.755	-0.245	28	Faces
-7.167	-5.237	0.651	-7.376	-7.023	-2.538	3.386	4.501	8.557	3.154	6.231	7.860	-4.648	-13.147	7.183	-10.748	-4.318	0.377	-7.175	-12.375	-11.093	-1.144	2.882	-2.032	6.594	2.576	9.326	5.467	28	Cars
-5.675	3.255	-0.323	-0.999	-2.351	-4.193	-1.983	4.240	1.066	-1.404	-4.366	-6.904	-5.096	-2.013	0.529	4.682	12.154	5.500	4.018	8.635	1.916	-2.078	1.220	-2.006	-1.035	3.662	6.448	-2.378	28	ScrambledCars
0.698	5.672	4.398	-2.398	0.232	-2.914	-6.546	-0.038	-0.890	-2.463	-4.710	-3.104	-5.412	2.242	4.258	-4.720	-8.005	-0.963	0.643	-4.280	-1.560	-1.659	1.601	-1.176	3.712	3.855	-3.991	1.605	28	ScrambledCars
2.387	-6.637	-7.972	-1.680	-0.717	-3.893	0.652	-10.477	-10.095	2.785	-2.363	-1.798	9.498	12.567	17.587	2.597	1.223	3.757	5.100	5.158	8.027	5.087	-2.677	2.772	1.148	-3.298	5.185	2.972	28	ScrambledCars
-6.517	-1.713	3.769	3.426	1.993	0.538	1.868	1.775	0.326	2.816	-0.413	-0.981	-1.060	-2.729	-4.578	1.786	-1.936	-11.650	-1.272	-1.667	-3.671	-0.869	-3.675	3.143	1.537	5.998	4.617	4.413	28	ScrambledCars
-3.130	-4.051	-1.552	-0.977	-2.007	-2.245	-0.864	5.938	6.687	-2.799	2.092	0.643	-0.053	-0.990	-5.435	2.923	-4.082	4.519	-3.069	-0.393	-1.146	-0.002	-3.070	1.248	-2.989	0.212	5.603	0.559	28	ScrambledCars
4.666	-7.706	-1.351	-3.839	1.841	2.340	2.470	9.057	7.314	1.853	8.514	0.160	1.744	-5.807	4.680	-6.461	-4.070	-8.102	-3.319	-7.308	-6.419	-3.103	-5.677	1.871	5.039	2.903	3.470	3.347	28	ScrambledFaces
3.451	-5.373	0.777	-5.369	-3.106	-0.439	1.259	7.448	5.185	2.401	7.551	3.919	1.834	-4.753	-5.766	-8.582	-11.670	-8.517	-7.132	-12.747	-8.049	-6.921	-5.681	3.026	8.089	9.595	12.542	4.983	28	ScrambledCars
-2.967	10.172	2.025	6.766	4.298	5.021	0.679	-5.199	-2.024	-0.338	-3.455	-2.514	-0.562	-6.437	2.805	-1.013	-2.476	12.620	-1.217	2.197	0.111	3.438	1.304	-2.853	-5.024	-5.396	-5.165	-5.963	28	Faces
0.689	-3.305	-1.083	-4.517	-0.375	-3.344	-0.909	-1.054	0.998	-0.227	1.302	6.028	0.457	-4.570	2.125	-0.561	10.554	-4.592	5.164	-0.091	1.801	-6.765	0.588	-0.688	-1.612	-1.820	1.191	0.562	28	Faces
-0.582	-0.204	-6.951	2.765	4.137	-5.711	6.836	-7.970	-3.426	5.546	-1.902	1.037	6.622	7.455	-0.202	10.697	2.553	-8.871	0.894	10.139	7.248	4.376	-1.483	6.005	-0.314	1.011	7.674	-0.423	28	Cars
3.090	-11.433	1.574	-9.199	-4.027	-3.123	-2.582	-0.097	-1.416	-1.952	-2.452	0.580	-3.219	4.749	-1.693	-3.722	-5.619	10.626	0.221	-1.933	1.946	-6.291	-2.203	2.081	2.174	5.455	4.142	-0.090	28	ScrambledFaces
0.018	1.903	3.522	4.027	2.733	-0.463	2.098	1.776	4.793	0.975	3.253	1.147	-1.307	1.716	-8.884	1.666	-5.811	-16.204	-4.032	-1.569	-2.853	-1.861	-2.631	2.143	2.222	3.465	3.262	4.656	28	ScrambledCars
10.513	2.232	-2.999	-5.051	-0.868	-2.076	1.684	-2.937	-2.416	1.955	4.062	-3.067	3.317	17.151	-3.938	-2.534	3.104	-0.747	-1.050	-2.540	1.705	2.784	4.180	4.743	-5.011	-2.164	2.843	-1.785	28	Cars
11.042	-2.783	0.428	-4.688	0.141	-0.692	-0.201	-1.543	-1.142	-3.659	4.582	-3.999	-0.204	2.257	-2.957	-7.760	-1.486	4.735	0.804	-5.948	-3.762	1.319	2.620	0.106	3.290	-0.245	3.515	1.329	28	Cars
-6.022	16.411	-3.921	5.609	2.828	-2.213	-2.900	-4.283	-5.029	-3.222	-7.249	-0.176	4.830	3.675	-0.863	1.468	1.757	0.729	-0.006	1.259	2.861	0.706	-5.013	3.625	3.539	13.261	4.066	0.244	28	ScrambledFaces
7.152	8.312	2.673	0.120	-2.939	5.691	1.699	-0.305	0.540	5.191	4.181	2.609	-0.169	-6.869	-11.719	-6.685	-2.028	-7.071	-0.701	-5.646	-6.531	-2.879	-0.845	-0.114	1.333	0.959	6.936	7.118	28	Faces
-6.576	2.708	-2.247	-7.870	-9.882	-8.997	1.124	2.121	-1.239	-5.735	-3.072	3.061	-0.052	-9.291	3.778	-10.366	4.781	-3.099	-0.397	-9.934	-9.400	-3.239	2.711	6.181	8.975	14.389	13.200	10.430	28	ScrambledCars
1.752	1.190	0.939	1.626	-2.665	-3.595	-3.427	-0.904	2.477	-2.141	3.262	3.077	-3.042	-7.572	-0.332	-3.763	-8.569	-2.365	-5.519	-5.429	3.033	-1.819	-4.372	0.474	3.969	5.246	7.710	3.476	28	Faces
-0.678	12.031	7.233	2.713	-0.596	0.514	1.015	4.714	4.909	1.633	3.417	3.914	-0.974	-4.416	-12.728	-2.816	-2.382	-3.686	-2.690	-2.741	-5.370	-5.111	-4.650	-4.949	0.396	0.672	-2.021	3.669	28	ScrambledCars
20.703	-4.711	-0.335	-7.508	-0.354	3.178	3.581	3.779	6.048	3.047	4.534	3.566	-0.109	-2.101	-3.249	-17.098	-10.494	1.247	-11.383	-14.615	-5.627	-8.446	-2.145	0.284	5.174	5.564	-0.573	6.211	28	Cars
-8.040	1.705	1.267	-2.314	-1.214	2.260	0.534	5.841	3.367	-3.145	-0.547	2.628	-8.711	-4.207	2.426	-0.850	-10.465	6.105	-6.918	-1.280	-3.513	-4.820	-1.009	-3.811	3.381	2.564	3.258	-1.235	28	Faces
-3.938	-1.981	-4.327	-1.573	-0.726	6.953	3.303	7.594	9.375	6.044	0.168	3.367	-1.006	-0.151	-6.406	-2.122	-5.406	1.253	-6.159	-4.313	-5.963	-5.226	-7.749	4.888	-0.306	7.957	4.510	6.507	28	ScrambledFaces
2.028	-11.579	5.908	-6.186	-4.845	1.537	2.139	7.262	5.111	3.189	0.309	2.161	-2.464	-4.834	-1.864	-13.915	-8.134	9.658	-4.679	-12.947	-8.468	-4.374	-0.732	2.567	4.346	4.946	1.710	4.825	28	ScrambledFaces
-4.490	11.383	-2.697	-4.019	-5.748	-12.505	-0.157	8.179	4.959	6.115	1.571	2.676	-2.119	-5.197	-7.330	-0.858	-6.598	-7.825	-6.064	-4.688	-4.159	-7.818	-6.151	1.091	5.119	12.459	6.684	6.730	28	ScrambledFaces
-4.916	10.554	-4.075	6.203	3.507	9.324	0.294	-2.021	-4.198	1.882	-1.501	-4.208	-0.990	2.859	-2.538	9.607	1.034	-3.955	2.962	8.464	2.608	-0.258	0.882	-4.243	-6.091	-1.915	-0.931	-3.593	28	Cars
-9.526	1.556	2.371	-0.093	-2.218	-3.323	2.776	1.151	2.859	13.278	5.612	6.222	-5.007	-5.079	6.917	-3.468	-1.894	-5.513	-8.659	-3.966	-4.828	-10.727	-5.351	-2.927	-0.483	2.155	0.985	4.672	28	Cars
12.175	-5.301	5.706	-0.104	5.465	1.362	3.863	-3.357	0.618	6.774	7.716	8.117	2.180	1.492	0.017	-7.762	-5.572	3.921	-7.693	-3.391	-1.905	-2.625	-3.289	-2.448	-7.170	-5.062	-2.767	0.933	28	Cars
3.833	-8.753	-0.543	-7.601	-11.423	-1.364	-1.951	4.341	4.163	2.768	6.786	4.188	-5.762	-11.110	9.311	-17.921	-5.386	0.096	-7.659	-13.103	-15.153	-5.037	-0.418	-0.197	9.639	10.349	1.180	10.220	28	ScrambledCars
8.627	-1.897	1.074	-3.692	-4.615	-6.059	-2.259	-9.979	-4.406	-0.571	-4.098	0.948	1.095	1.137	-1.558	-7.017	0.047	-2.730	2.097	-1.271	-3.647	4.475	5.676	6.624	4.620	6.271	10.126	2.484	28	Faces
14.714	-1.064	-6.410	-0.650	0.314	-1.186	6.837	7.334	-0.613	4.681	-8.186	-2.601	3.297	-0.072	1.058	-2.614	-0.872	-8.451	-0.058	2.266	0.587	3.194	-0.925	4.830	-0.426	0.623	-2.029	-1.435	28	ScrambledCars
4.770	-8.216	-0.552	-0.619	-2.565	-3.213	1.622	-2.692	0.466	1.582	5.331	3.146	-1.870	0.814	4.469	-6.337	-3.707	-5.064	-0.498	-4.130	-1.956	-6.716	1.050	2.776	3.326	1.398	1.299	4.442	28	Cars
9.078	-0.039	-1.668	1.371	-1.505	2.679	-3.664	-5.801	-8.588	15.197	-7.122	-3.734	-5.726	-4.032	-6.166	-5.107	2.199	2.534	3.385	-0.497	-5.954	1.802	3.638	0.252	1.051	0.218	0.071	0.699	28	Cars
8.451	-7.755	-0.449	-4.636	-2.342	-8.544	1.785	1.473	1.687	-2.564	-2.627	-1.044	-2.426	-2.175	3.738	-12.958	-10.226	11.078	-2.369	-10.214	-4.906	1.126	7.545	5.756	7.324	6.826	0.826	1.560	28	ScrambledCars
4.832	-5.990	-4.368	-4.798	2.187	2.284	6.844	3.510	0.382	5.150	1.313	-2.688	6.442	2.341	9.078	-6.369	-3.949	0.485	0.978	-6.720	-3.340	10.767	3.072	5.517	-2.715	1.522	-0.494	-0.519	28	ScrambledCars
10.017	-11.757	-6.920	-0.873	3.132	-5.015	3.200	2.226	-1.392	7.642	5.305	8.363	-0.695	-1.448	16.408	-8.846	0.128	-3.037	-4.097	-5.646	-3.184	-8.206	-0.369	-0.995	-5.702	3.305	3.571	2.253	28	Faces
-5.240	-7.263	-5.753	-2.325	-0.564	1.108	0.122	-1.314	4.356	3.267	-3.895	-1.161	-2.682	-2.562	18.177	-3.628	1.686	7.985	2.213	-0.574	-0.876	0.064	-1.337	-1.906	-2.752	1.540	5.343	-1.641	28	Faces
0.432	-11.048	-2.916	-7.528	-5.369	-0.930	3.265	6.654	10.175	4.281	30.773	5.657	-1.673	-5.138	7.034	-9.260	-6.728	6.784	-5.237	-8.566	-9.340	-5.641	-9.590	-1.911	1.013	5.919	4.604	3.047	28	Faces
4.035	2.180	-5.784	-1.638	1.702	7.446	2.011	11.794	5.462	1.715	-1.549	1.927	-4.205	-3.728	3.174	-5.570	-5.324	-4.697	-5.625	-6.938	-3.867	-4.999	-1.456	-0.307	1.225	4.703	2.044	2.522	28	ScrambledCars
-6.505	0.423	-2.763	-2.080	-2.388	-0.517	4.065	5.464	7.512	5.528	-1.303	1.446	-1.889	-4.773	10.105	-3.270	-17.215	-7.683	-4.554	-5.467	-6.424	3.718	-5.116	1.713	7.589	10.393	5.711	8.040	28	ScrambledFaces
-3.212	-3.350	-0.297	0.437	3.784	-2.688	0.892	2.216	-2.792	-0.212	-5.380	-1.269	-1.794	-1.472	7.652	3.997	3.263	-4.539	4.452	3.066	0.975	4.875	5.487	2.617	-5.680	-4.284	0.147	1.212	28	Cars
-1.642	-8.162	1.312	1.487	0.024	5.946	-0.968	-0.761	3.741	8.128	8.113	5.920	-5.097	-6.343	-9.971	2.862	4.238	0.087	2.075	1.709	-2.348	-2.445	-1.401	-0.680	-2.807	-0.628	-4.089	1.470	28	Faces
-7.622	4.616	-1.716	0.292	-1.008	-4.790	0.409	8.255	2.129	3.365	1.371	-1.898	-1.573	-2.628	0.378	0.145	2.905	-1.736	-2.854	0.122	-0.182	-14.509	-9.158	-0.039	0.812	6.858	4.957	2.468	28	ScrambledFaces
3.811	5.326	0.064	2.889	7.350	4.133	8.565	-0.375	3.729	5.367	-5.041	-6.879	2.846	7.257	8.482	5.022	6.280	-17.250	-5.133	7.249	8.932	9.693	-7.867	-2.292	-10.612	-4.603	-1.181	-8.163	28	ScrambledFaces
14.265	-9.308	5.520	-6.157	-0.357	1.303	2.288	1.188	4.122	-0.710	3.760	3.869	-4.870	-2.969	-3.319	-13.864	-4.816	1.619	-4.200	-8.046	-4.089	-8.046	-2.396	-2.353	4.260	1.518	-4.856	5.617	28	ScrambledFaces
-2.194	-3.134	0.272	1.794	3.607	7.088	2.475	-1.223	-0.613	4.889	4.614	-3.159	0.436	5.102	4.529	2.333	-8.470	2.852	-2.290	1.716	1.566	-2.623	-1.525	2.363	-6.789	-4.088	-4.503	-0.970	28	Cars
-0.960	0.904	1.267	-3.007	-0.634	0.791	0.989	-2.859	-1.862	-4.302	-5.502	-2.201	3.643	5.710	0.209	-2.537	-0.287	0.919	-1.508	-1.597	0.343	2.632	4.790	4.390	-1.029	2.449	4.342	-1.535	28	ScrambledCars
-5.952	4.921	0.142	3.862	3.212	4.267	1.669	-2.566	-3.104	1.328	-4.144	-0.927	0.542	7.082	0.886	7.114	4.690	-5.110	-3.736	8.171	3.808	-2.403	-3.775	0.192	-6.769	-2.034	2.205	-0.795	28	Cars
-6.700	6.677	-5.294	-1.621	-3.086	3.822	5.507	8.502	5.551	4.588	-3.206	3.647	-4.250	-15.083	-1.845	-1.990	-0.245	-13.393	-7.715	-4.639	-7.968	-4.307	-1.665	-2.563	7.598	11.243	3.473	7.333	28	ScrambledCars
-11.115	-3.612	4.308	-6.247	-6.940	-3.716	2.191	14.931	7.679	0.004	2.822	2.081	-4.141	-11.306	4.161	-14.235	-7.321	5.487	-7.272	-16.214	-12.352	-8.851	-5.129	-0.834	9.330	11.071	2.888	7.905	28	ScrambledFaces
-2.357	4.639	-2.361	-2.211	-3.709	-2.643	-3.156	0.440	3.233	-3.918	2.930	1.303	-1.200	-2.933	-2.938	-2.893	-4.693	-4.584	0.156	-4.773	-3.820	-3.996	-1.134	4.597	5.834	10.636	10.948	7.101	28	ScrambledCars
-0.351	2.827	1.250	-1.600	1.431	1.686	0.012	2.950	5.523	0.687	-1.322	-3.366	-5.119	-5.935	-8.884	-9.372	-2.794	6.618	-3.564	-10.276	-9.774	-5.698	1.201	-1.490	6.027	7.691	5.124	4.728	28	ScrambledFaces
0.426	-5.904	0.710	-2.185	-1.382	-7.506	3.900	-4.086	-5.329	2.564	3.594	5.692	1.444	2.794	-8.849	7.010	5.146	-8.228	1.221	5.499	1.893	0.825	-1.028	1.334	0.022	0.122	5.515	2.284	28	Cars
4.486	8.777	1.938	1.695	4.517	4.780	-1.981	7.803	1.266	-4.101	6.498	3.310	-4.876	-5.942	-9.028	-4.233	-10.982	-2.835	-7.162	-5.019	-3.488	-10.886	-6.115	-2.417	4.489	7.972	0.620	2.990	28	ScrambledFaces
-1.919	9.565	-5.446	-0.044	2.220	2.248	1.975	4.882	7.946	-2.571	-0.777	0.841	-1.664	-2.259	8.689	-3.322	-5.236	-0.210	0.790	-1.657	-0.459	-1.179	-6.468	-0.159	-2.506	4.760	-5.892	-0.849	28	ScrambledCars
1.799	-10.712	-5.261	-4.761	-3.700	-1.444	5.953	5.186	3.998	8.374	5.454	2.241	5.342	7.279	2.665	1.147	-7.391	-8.239	-2.933	-1.382	-1.882	-5.777	-2.960	0.871	1.969	5.766	-3.438	2.862	28	ScrambledCars
6.653	-0.079	0.678	-2.908	0.079	1.333	3.248	0.252	0.539	1.572	2.520	-0.968	0.182	7.593	0.781	-4.174	-4.244	0.410	-3.442	-2.445	0.865	3.008	0.501	3.154	-0.893	0.586	-1.987	-2.096	28	ScrambledCars
4.839	-8.465	-8.555	-4.737	-3.801	-5.430	-0.600	-1.558	2.557	-3.814	10.211	4.530	5.132	-1.137	3.690	-4.311	0.533	2.991	-1.560	-4.257	-2.905	-2.043	-1.166	1.785	3.469	6.457	-1.057	2.373	28	ScrambledCars
-3.212	12.313	-0.027	-0.879	-1.017	6.341	-5.698	-6.977	-7.867	-7.279	-2.550	-0.486	0.665	3.895	-0.647	1.071	3.831	10.996	3.762	-0.183	3.610	1.866	4.661	-4.294	-2.368	-2.948	-1.576	-1.203	28	Faces
3.432	-5.409	1.866	-3.964	-0.968	0.827	-1.039	8.415	7.355	-0.575	1.120	0.333	-5.978	-1.405	-0.743	-5.461	-6.117	0.709	-0.986	-5.928	-3.527	-8.302	0.537	-3.511	1.215	5.803	0.610	1.643	28	ScrambledFaces
10.560	0.925	3.058	-1.274	-0.684	2.976	3.523	1.754	-3.963	4.390	7.084	-0.773	1.893	5.679	0.809	-4.808	-4.644	-1.690	-6.098	-0.404	-2.125	-0.709	0.082	0.268	-0.171	-1.229	0.806	-0.128	28	Cars
8.326	-8.670	2.748	-10.256	-6.065	-2.226	-3.136	-1.479	-0.992	-4.876	3.436	1.712	0.141	-4.713	-1.991	-14.083	-9.055	2.950	11.159	-11.451	-8.206	-0.166	4.029	7.362	2.515	4.343	3.158	5.690	28	Faces
5.115	-1.338	1.763	-2.376	-3.072	-0.032	-2.767	-3.263	0.343	-0.006	-2.303	-1.126	3.089	1.160	7.080	-3.496	0.975	2.209	3.658	-0.914	0.270	7.098	1.786	0.565	-1.999	-4.563	-1.353	-1.052	28	ScrambledCars
1.854	-2.788	-3.207	2.233	-1.639	-6.423	1.757	-5.739	-5.064	0.509	2.550	2.903	6.369	6.796	-0.113	4.427	3.160	-0.541	0.532	4.229	3.041	6.046	1.772	5.801	-2.034	2.843	1.684	3.808	28	Faces
2.910	-14.684	0.317	-6.719	-5.060	-3.636	0.628	5.177	4.349	-7.980	-1.054	2.787	-4.735	-6.196	-4.596	-11.008	-2.438	7.410	-5.408	-12.047	-11.066	-2.246	7.867	0.980	10.455	8.880	0.537	8.024	28	ScrambledCars
-7.294	-7.153	1.847	-4.384	-4.432	-0.495	2.850	8.176	12.954	1.578	4.652	5.244	-3.604	-8.477	6.279	-10.142	-6.172	1.314	-5.229	-11.008	-10.624	-3.050	0.198	0.946	3.232	8.104	6.514	6.714	28	ScrambledFaces
-1.535	-0.519	-1.919	-4.671	-8.677	7.019	1.467	4.319	1.084	4.930	4.873	3.989	-1.121	-3.642	-10.764	-2.141	-8.010	-2.470	-0.330	-5.769	-4.923	3.411	-1.197	1.592	3.325	5.282	3.498	5.057	28	Faces
-9.143	5.194	0.839	0.026	-1.673	-0.141	-5.989	-0.803	4.121	-7.629	-7.185	-1.382	-5.809	-4.327	-1.285	7.233	2.973	-2.582	4.324	5.558	3.330	5.431	3.160	0.502	2.151	1.698	-4.267	-0.546	28	ScrambledCars
-0.073	-8.997	-2.877	0.632	4.601	-3.273	-0.815	-4.988	-8.994	14.988	-6.215	-1.666	2.538	9.140	2.647	7.917	7.145	-4.156	3.563	7.836	6.967	0.073	-4.031	1.836	-3.010	-2.866	6.204	-1.633	28	Cars
4.195	-9.806	-2.431	-7.430	-4.376	-2.205	-5.212	1.376	-0.663	-2.140	4.450	1.349	-4.926	1.734	13.691	-6.320	-4.971	0.411	-8.575	-2.663	-2.787	-4.003	-3.244	-2.432	6.983	9.969	4.031	6.274	28	ScrambledFaces
0.474	-7.428	2.539	-0.158	-2.031	-2.015	1.746	4.044	3.419	-1.324	4.466	1.392	-2.763	-0.365	-15.264	-0.025	-2.062	-2.936	1.400	-1.365	-3.883	-0.933	-1.309	2.366	3.980	5.297	2.353	4.863	28	ScrambledFaces
-2.218	-3.090	-2.469	-8.368	-5.221	0.332	4.214	9.733	10.180	6.530	6.948	5.123	-8.336	-5.609	1.882	-10.577	-7.925	3.674	-5.459	-9.965	-7.764	-10.096	-7.422	-2.630	4.379	6.962	2.653	1.595	28	ScrambledFaces
-2.364	1.999	-1.200	0.526	1.839	6.217	3.480	-0.149	-0.279	6.276	-0.335	1.714	1.600	0.246	2.748	-3.653	2.822	-0.995	-6.677	-3.125	-3.189	-2.627	-0.769	5.048	0.746	-2.366	2.424	2.163	28	Cars
2.992	-4.390	-3.742	-3.518	-1.002	-6.186	-5.937	-7.730	-7.732	-7.950	1.554	2.677	2.025	5.249	1.488	1.163	-2.631	4.582	2.410	2.009	3.772	2.507	1.590	7.092	3.600	4.931	6.927	2.088	28	Faces
3.860	-2.237	-2.108	2.377	-1.961	-0.302	-1.479	2.366	3.355	1.208	4.437	3.602	-1.667	-5.699	-5.192	-4.841	-3.031	-4.714	-3.285	-3.905	-4.502	-7.830	-10.667	-2.707	0.583	5.157	6.190	4.469	28	ScrambledFaces
4.240	-8.531	0.171	-3.245	-3.157	-0.850	1.020	1.097	6.405	7.979	3.270	3.969	4.569	-2.459	4.516	-4.454	3.193	3.805	-5.148	-4.356	3.747	-2.515	-6.128	-2.033	-6.218	-0.423	-1.226	1.562	28	Faces
9.813	-0.919	-6.911	-3.651	-0.851	-1.971	2.225	-4.518	1.844	0.086	3.558	6.468	8.355	5.637	-1.752	-3.583	-11.188	-9.190	-7.014	-3.940	0.430	-4.721	-8.362	5.812	8.750	7.841	11.132	7.718	28	Cars
7.934	9.325	4.877	4.723	6.335	-0.314	-6.497	-6.309	-11.576	-1.888	-4.743	-0.264	1.597	5.167	-4.160	0.523	-3.011	11.888	1.023	2.523	8.433	0.018	0.429	1.458	-5.726	-4.004	2.914	1.543	28	Faces
3.102	-6.574	-4.502	-0.710	0.857	1.071	2.912	0.361	-0.972	-0.191	-0.971	0.956	1.058	-8.479	0.066	2.720	7.299	0.203	4.213	3.969	3.865	0.170	0.184	0.418	-2.186	1.002	3.426	-0.442	28	Faces
0.598	-2.603	-3.122	4.863	6.808	0.669	4.292	-2.325	-2.480	4.114	-3.997	-0.987	0.232	8.617	1.723	8.114	4.048	1.482	2.421	10.217	7.366	-2.129	-3.771	0.815	-9.549	-3.237	-6.778	-6.466	28	Faces
-3.647	-7.133	-3.067	1.082	0.511	0.959	1.165	-3.409	-1.349	0.951	-2.873	-3.085	0.122	-1.275	-2.840	-1.907	-2.328	-2.802	-2.655	-6.221	-3.292	-0.390	0.850	9.401	6.216	2.706	9.886	2.316	28	ScrambledCars
-5.689	13.215	-0.334	5.055	4.368	0.790	6.692	2.751	1.585	2.323	4.288	0.896	2.868	-2.516	1.058	-0.213	-3.192	-1.846	-1.056	-2.669	-2.659	0.472	-3.527	-4.058	-4.135	0.455	0.379	-0.400	28	Faces
2.547	7.345	2.264	0.081	-2.161	-2.445	6.089	8.931	8.566	10.902	5.268	4.419	0.648	-8.898	-1.043	-8.954	-3.391	-2.003	-5.807	-9.614	-7.566	-7.466	-2.524	-3.933	-0.004	-2.348	-4.698	-0.483	28	Faces
-4.841	1.834	-3.000	-0.857	-4.193	3.759	3.712	3.869	13.527	6.313	9.103	5.385	-3.270	-7.814	-7.704	-8.665	-9.539	2.065	-6.478	-11.835	-11.848	-6.158	-6.180	-1.200	5.534	8.289	5.192	5.141	28	ScrambledFaces
7.821	-8.967	0.010	-5.044	-4.242	2.753	3.390	1.863	1.707	6.346	7.851	1.891	1.063	-1.226	5.166	-12.930	-7.843	1.420	-8.484	-11.179	-8.251	1.355	-2.016	5.231	4.562	4.558	6.899	3.341	28	Cars
-4.688	-8.611	-6.667	-7.661	-9.110	-7.201	-1.302	5.685	5.691	4.679	5.136	6.857	-1.404	-3.712	-1.706	-8.421	-2.957	0.180	-5.214	-11.579	-12.024	-6.463	-4.196	6.446	7.140	9.876	13.660	8.028	28	ScrambledCars
4.180	-2.140	-3.827	-7.572	-8.559	-5.682	1.378	9.644	2.145	7.396	2.339	11.988	1.744	-9.160	-2.429	-8.835	-21.474	-4.182	-10.200	-10.930	-9.463	-7.090	-4.572	5.773	13.205	16.848	11.160	13.811	28	ScrambledFaces
-1.970	-0.758	2.569	-6.975	-8.486	-6.683	2.373	7.707	12.996	12.010	6.498	11.982	-0.044	-8.876	-8.751	-14.555	-9.448	-8.734	-7.310	-17.111	-16.917	-10.759	-6.245	2.748	5.863	13.299	11.550	10.670	28	Faces
-9.239	3.171	-2.636	1.718	-0.171	-0.688	-2.447	4.263	1.357	-4.576	-1.094	2.253	4.490	0.453	1.607	8.595	1.961	-8.857	-0.366	4.750	2.496	1.256	-4.689	1.213	1.466	2.406	5.063	0.689	28	ScrambledCars
1.721	0.531	-4.586	-4.098	-2.074	-5.624	-1.258	1.372	1.652	2.437	1.535	-0.012	-0.027	3.296	-1.098	4.739	-1.367	-2.134	-1.442	3.683	1.173	-1.673	-2.299	-1.192	-0.844	1.459	2.206	1.236	28	ScrambledCars
0.788	3.927	6.116	-4.501	-3.274	-2.897	0.160	4.645	6.073	-0.735	6.555	1.781	-5.894	-5.759	-14.275	-6.198	-6.494	0.300	-2.394	-8.246	-6.018	-5.313	-2.987	-4.161	6.863	10.130	-7.884	3.661	28	ScrambledFaces
3.855	2.464	-1.394	-2.919	0.242	-3.544	2.442	5.994	1.140	-1.078	1.900	-2.665	-4.099	0.656	-6.262	-3.793	1.992	-3.449	-0.761	-5.660	-1.071	0.979	0.495	4.904	-0.240	3.784	0.172	-2.602	28	ScrambledCars
1.061	6.815	3.418	1.732	1.586	6.198	-6.626	1.769	-4.473	-3.294	-7.562	-2.455	-4.032	-1.391	-5.373	-2.454	-0.272	-3.651	1.221	-3.403	-4.337	-0.611	5.873	-0.954	5.908	2.528	-6.874	0.405	28	Faces
3.883	-0.482	4.416	-2.465	1.103	9.385	-4.142	-0.312	-2.389	8.913	-2.782	-0.040	-0.927	1.051	2.038	-2.685	-6.665	-7.856	-7.735	-2.849	0.830	-0.860	-3.649	1.259	1.193	1.353	2.400	-0.472	28	ScrambledFaces
2.107	6.054	0.572	-3.938	2.931	1.287	5.891	-2.939	0.539	3.885	0.797	2.022	5.579	4.918	6.178	-6.549	-7.050	0.548	-3.759	-5.320	-0.719	1.438	-4.154	4.572	-6.394	-1.918	1.401	3.483	28	Cars
8.759	-1.415	-1.402	-6.680	-4.724	-8.227	10.731	1.711	-0.824	5.832	3.834	3.512	5.326	6.335	1.744	-5.505	-6.767	-6.747	-2.625	-0.138	1.588	-5.943	-9.256	6.695	1.166	4.472	9.909	1.756	28	ScrambledFaces
6.884	1.774	-9.220	2.707	1.679	-2.491	-4.159	-6.735	-8.928	-6.086	-5.419	-2.828	2.940	4.426	4.021	7.181	15.468	1.505	10.578	8.047	9.825	4.047	4.374	0.932	-6.003	-6.264	-3.386	-8.019	28	Faces
10.815	-1.243	0.661	-0.588	-1.910	-4.795	-4.712	-6.540	-5.879	1.659	-2.909	1.365	-0.336	2.059	7.969	-5.018	-2.541	0.072	-0.980	-1.958	-1.695	0.024	-0.803	-4.427	-6.165	-5.072	-4.502	-3.086	28	Cars
4.284	9.087	0.439	6.801	6.508	8.637	2.869	-5.855	-9.702	-1.940	-7.813	-7.846	5.629	10.043	-3.958	5.601	5.299	6.138	7.934	10.049	12.254	8.530	-0.228	0.968	-5.548	-8.056	-2.202	-3.075	28	Cars
1.502	-3.070	4.981	1.015	0.608	-0.365	6.370	-1.101	3.125	6.397	6.272	2.541	6.734	2.869	-5.257	-3.718	-2.293	3.348	-5.559	-3.247	-1.757	1.517	-7.137	0.159	-7.459	-2.791	6.936	-3.360	28	Cars
-8.288	-13.268	0.570	-2.693	1.368	-2.298	-2.856	1.246	0.433	-0.775	-2.848	-2.282	-18.641	1.065	2.569	1.409	8.849	4.742	7.594	2.018	2.048	2.470	2.718	1.729	3.007	0.558	-2.529	-5.281	28	Cars
-1.691	5.062	0.192	11.578	6.856	-0.703	3.430	-2.373	-6.937	-0.358	-5.760	-5.172	4.643	4.054	-13.301	16.149	7.095	-1.109	4.416	13.336	11.486	0.349	-2.756	-3.277	-4.122	-3.483	-7.634	-5.495	28	ScrambledCars
5.565	2.768	3.257	-1.460	0.563	-1.674	3.427	-7.576	-6.729	5.698	8.327	4.892	5.392	-0.998	4.533	-2.606	-3.546	7.093	-4.618	-0.033	4.248	-5.588	-1.411	0.239	-2.804	-3.807	-5.332	1.265	28	Faces
-8.078	2.841	2.337	-2.508	-4.946	-3.149	1.102	-1.038	6.659	-0.348	0.792	-0.026	-1.429	-0.585	-4.987	-0.356	-0.967	-1.951	0.020	-1.372	-4.440	-2.507	-3.195	-0.061	3.720	3.622	-2.631	2.745	28	ScrambledCars
-1.325	7.182	-1.295	-2.286	0.393	1.647	4.060	5.904	9.613	5.461	2.917	1.624	-0.843	-4.351	-1.463	-8.211	-10.474	2.377	-9.476	-10.486	-6.673	-11.029	-5.751	-0.439	1.089	5.634	3.933	8.674	28	ScrambledFaces
-0.262	-5.725	7.279	-7.362	-0.699	0.107	0.719	6.669	4.807	2.747	-6.600	4.168	-2.263	-6.267	2.054	-12.780	-18.291	-1.763	-10.409	-11.155	-9.641	-10.111	-5.387	4.574	7.773	11.825	13.060	11.495	28	ScrambledFaces
2.326	-4.387	-5.130	-5.973	-5.225	-5.630	0.334	-4.645	-2.245	-2.247	5.822	5.187	3.384	2.415	2.378	-2.629	0.291	10.477	-1.352	-0.572	0.862	-0.347	0.576	3.056	3.772	3.491	4.847	4.278	28	Faces
-0.985	5.711	-3.241	-5.455	-3.229	-1.315	0.966	4.258	7.755	3.837	0.173	0.446	-4.762	-1.542	-0.182	-3.820	-1.317	4.727	-5.523	-1.872	-3.233	-5.220	-5.935	-2.687	-1.658	4.218	1.303	0.805	28	ScrambledFaces
12.953	5.423	-4.960	-4.929	-1.401	-1.875	2.872	1.303	-3.943	1.235	0.409	-1.613	-0.383	2.912	-2.847	-9.902	-3.984	0.406	-1.816	-7.181	-2.833	5.480	2.793	1.059	1.707	-0.587	2.332	-3.236	28	Faces
