FP1	F3	F7	FC3	C3	C5	P3	P7	PO7	PO3	O1	Oz	Pz	CPz	FP2	Fz	F4	F8	FC4	FCz	Cz	C4	C6	P4	P8	PO8	PO4	O2	ID	Condition
-16.370	4.980	-5.946	9.961	7.774	6.191	9.525	11.520	9.081	12.387	6.687	7.168	-0.731	-6.110	-1.234	11.109	9.572	-12.989	-4.131	6.712	13.834	-3.014	-2.506	-4.155	-23.426	-1.466	6.285	-1.597	29	Faces
-6.303	-18.329	-14.011	-13.734	-4.007	-15.617	-1.993	20.365	16.871	18.694	14.339	20.668	3.972	-10.304	-10.525	-16.665	-13.965	-9.797	-10.547	-24.135	-12.084	-0.273	0.768	7.410	6.389	9.996	20.191	25.176	29	Faces
-6.719	-9.371	-3.464	-6.714	-0.728	-4.037	5.367	-0.118	11.061	15.983	9.862	9.654	0.041	2.856	-6.711	-6.982	-5.969	-11.482	-9.236	-8.659	7.416	-3.240	-16.856	-5.555	3.801	13.823	1.427	7.832	29	Faces
-9.298	-7.306	-4.521	-5.826	-8.166	-7.521	5.280	4.578	8.778	21.351	17.213	16.410	10.138	-3.549	-3.652	-3.400	-2.256	-2.088	-5.988	1.329	6.283	2.439	-4.027	2.223	8.111	-4.224	10.086	10.629	29	Faces
-15.357	-8.252	-4.339	-16.752	-1.408	-0.423	8.376	18.180	22.711	24.586	25.486	22.987	-4.667	-13.448	-13.584	-8.305	-13.087	-8.841	-14.730	-13.402	0.813	-19.298	-14.398	-7.879	17.733	27.080	12.391	23.011	29	ScrambledCars
3.295	4.636	6.283	5.832	-2.475	14.231	6.651	-4.565	2.635	18.892	6.571	2.914	2.870	-11.725	0.259	-0.012	-5.794	-2.285	-4.494	-6.551	3.112	-9.755	-10.071	-1.761	-7.605	-8.800	-4.473	-5.062	29	Faces
-1.504	-9.933	2.305	-13.340	-16.101	-14.777	-2.739	7.648	8.713	6.653	18.111	14.323	0.041	-7.917	-9.855	-8.414	-5.230	-16.929	-0.131	-13.533	-14.371	-3.155	-0.406	-0.935	11.936	29.532	9.735	14.226	29	Cars
-0.629	-9.049	8.574	2.995	-7.364	-1.676	3.369	3.812	13.019	9.570	10.205	11.854	-5.118	-3.246	-5.455	-4.193	-8.643	-4.250	-13.617	-11.871	-14.648	-16.630	-1.982	5.178	3.885	9.985	12.275	15.893	29	Faces
-6.276	-2.297	-7.328	-19.193	-3.685	-2.231	-2.025	13.025	11.689	15.437	5.743	8.650	-3.929	0.788	-6.387	6.983	-14.699	-4.630	-2.916	8.595	2.433	1.912	-12.036	0.614	11.560	3.743	10.318	8.492	29	Cars
0.817	-7.885	6.736	-0.864	-6.684	0.868	2.029	5.302	14.202	0.531	18.110	13.217	-7.158	-21.435	-4.749	-15.673	-4.652	2.594	-7.441	-15.872	-19.204	-6.136	-7.607	0.331	9.356	9.979	17.067	14.287	29	Faces
-26.795	-15.500	-9.474	-11.569	-6.474	-8.918	16.685	24.327	26.703	29.382	21.789	29.108	3.246	-13.652	-19.649	-22.521	-19.335	-12.389	-8.958	-15.223	-9.592	-5.110	0.964	4.070	10.723	30.113	32.251	30.829	29	ScrambledFaces
-3.098	-5.985	-4.006	-7.496	-2.600	-0.768	10.200	16.803	18.582	22.554	25.747	20.736	-2.475	-4.849	-6.086	-14.739	-3.369	-10.407	-9.388	-3.641	-8.858	-18.422	-22.600	4.792	-4.292	31.506	4.468	18.761	29	ScrambledFaces
-12.446	-5.299	-2.770	2.508	0.207	-0.357	17.226	15.069	26.318	9.275	8.113	9.432	8.796	-1.092	-8.383	-12.147	-12.380	-2.020	-12.232	-5.471	-9.245	-4.578	-8.944	2.102	-9.950	12.665	5.514	10.892	29	Faces
-13.896	-11.574	-16.749	-10.010	-3.781	-8.753	5.669	11.367	25.231	6.300	22.865	19.477	-8.926	-5.722	-16.245	-13.776	-15.508	-20.850	-10.286	-13.480	7.474	0.428	-2.343	10.553	22.061	29.857	16.953	19.085	29	ScrambledFaces
-22.852	-12.661	-17.772	-13.218	1.206	-1.307	6.590	17.292	24.626	28.325	15.556	20.668	10.959	3.977	-15.505	-17.108	-9.797	-25.633	-13.734	-12.232	-22.219	-7.073	-7.864	13.890	2.240	42.500	26.741	15.309	29	Faces
-15.802	-8.259	-2.081	-10.371	-0.702	4.991	13.935	29.626	27.488	17.027	20.224	19.094	-8.437	-14.016	-19.924	-22.559	-18.975	-19.150	-14.153	-14.419	0.836	-14.380	-12.105	4.992	20.325	27.803	22.068	19.261	29	ScrambledCars
-13.734	-13.305	-14.841	-8.130	-3.455	-2.605	22.523	31.639	28.046	30.662	35.864	29.503	-1.397	-13.609	-16.970	-25.434	-20.462	-18.045	-16.073	-20.825	-7.535	-14.558	-16.230	-2.085	-0.523	19.181	20.224	21.217	29	ScrambledCars
-14.203	-14.042	-7.902	-5.961	3.583	4.066	15.175	9.703	15.397	19.040	18.906	19.562	10.585	8.483	-10.509	-6.723	-13.872	-15.335	-10.667	-6.387	9.093	-2.441	-12.694	8.119	-5.563	19.409	13.605	15.335	29	ScrambledCars
-9.059	-12.085	-16.158	-3.782	-6.236	-1.909	4.442	9.644	18.472	7.544	17.678	16.272	-8.090	1.903	-10.892	-16.743	-9.429	-11.066	-7.647	-10.482	-9.975	-0.732	-4.660	10.523	13.968	17.498	6.230	19.585	29	ScrambledFaces
2.409	-0.520	6.731	1.732	11.396	9.965	12.497	16.571	17.439	17.146	12.840	6.392	6.334	-0.322	-2.615	-7.664	-2.784	-7.451	-15.651	-6.758	-8.129	-13.084	-14.460	-8.666	-15.561	-2.805	-8.979	0.942	29	Faces
-19.373	-6.907	-9.790	-11.402	-12.314	-10.826	-0.659	15.480	29.599	14.902	25.052	26.483	0.597	-10.722	-18.049	-13.577	-17.642	-12.201	-15.666	-10.417	-8.573	-8.816	3.649	8.176	23.157	16.317	16.092	31.664	29	Faces
-11.992	-5.784	-8.601	-5.221	-4.868	-8.136	3.562	15.704	15.031	15.877	8.204	14.170	-0.143	-1.284	-7.477	-2.969	-6.279	-8.684	-6.196	2.990	14.390	-7.478	-7.540	0.662	-6.190	2.305	3.059	18.430	29	ScrambledCars
-2.424	-11.793	-2.550	-10.109	-8.988	-2.109	-3.803	16.256	3.221	7.874	10.361	9.966	4.543	-5.836	-5.813	-11.098	-2.459	-4.330	-3.494	-8.901	-8.622	0.620	-3.756	10.690	16.587	13.044	10.999	11.096	29	ScrambledCars
-1.220	-3.278	0.328	-10.999	-1.153	4.609	10.177	-4.452	8.104	15.202	16.639	15.281	1.969	-2.117	-5.895	-13.084	-13.847	-3.499	-8.558	-6.773	-8.482	-4.695	-4.046	8.146	4.193	4.783	10.859	13.061	29	ScrambledFaces
-2.538	-8.384	-0.047	-12.872	-3.868	-0.008	-4.858	3.564	16.769	7.452	14.271	9.062	-8.516	-7.872	-8.866	-4.549	-10.559	-12.184	-10.342	-10.007	-8.057	-11.804	-6.188	-2.493	10.737	9.145	12.476	4.834	29	ScrambledFaces
-10.934	-5.014	-3.790	-8.567	-5.304	-2.761	10.460	14.348	22.425	8.961	10.091	7.800	-6.882	-8.748	-9.926	-14.312	-13.767	-2.606	-12.809	-10.512	-9.800	2.339	-3.158	0.624	-2.081	30.449	10.645	7.439	29	ScrambledCars
7.459	-8.662	-3.396	-2.409	-2.345	-3.113	8.462	6.792	19.727	9.306	19.215	14.340	-3.209	-10.283	-3.296	-15.100	-12.036	2.520	-21.741	-16.512	-21.138	-11.717	-8.634	-2.446	6.583	14.223	6.078	17.162	29	Cars
-0.534	3.951	5.176	-2.367	-7.926	-5.470	-7.155	3.702	3.866	3.098	2.786	2.130	-3.344	-15.005	0.850	-8.570	9.245	3.833	-8.055	-13.811	-9.120	-2.274	1.823	0.590	3.132	14.356	3.307	4.277	29	ScrambledCars
1.634	-4.631	1.232	-7.943	-9.788	-5.935	-4.856	5.366	-4.453	-4.916	7.935	6.888	-6.967	-9.877	-0.533	-9.938	1.058	8.512	3.001	-12.409	-12.779	-4.071	11.368	-4.758	-5.967	7.611	7.518	11.436	29	Faces
-4.176	-6.839	-9.638	-6.086	-1.561	-2.111	-5.952	-8.667	3.214	-0.675	6.335	11.060	-6.087	-11.493	-4.346	-7.680	-7.879	5.183	-5.752	-5.344	-3.152	2.291	6.392	2.801	14.892	18.658	4.402	21.852	29	ScrambledFaces
-13.821	-9.249	-12.105	-12.289	-11.750	-18.353	0.403	-2.565	13.523	12.673	23.015	22.947	11.890	-1.989	-8.712	-2.415	-10.801	-13.091	-10.900	-3.892	-3.236	2.819	3.169	13.578	-1.265	26.813	21.798	18.228	29	ScrambledFaces
-7.563	-3.490	0.493	-4.411	-2.755	6.568	1.145	20.575	22.298	12.280	12.866	9.440	-9.604	-15.757	-9.234	-15.919	2.256	-7.724	-12.401	-20.416	-24.937	-14.298	-0.641	-6.977	9.915	10.635	-2.405	12.775	29	ScrambledCars
-6.370	0.592	-8.383	-15.195	-1.041	1.582	-2.116	26.393	19.579	11.166	16.204	17.418	1.772	-13.274	-13.630	-12.535	-4.950	-28.630	-16.067	-9.262	-13.913	-11.220	-17.460	-1.938	15.044	14.769	15.062	18.540	29	ScrambledCars
-12.284	-23.824	-13.507	-12.574	-7.823	-9.623	-1.295	0.515	8.836	18.979	10.932	23.180	0.353	-9.326	-6.990	-17.282	0.510	-5.087	-3.178	-5.863	-5.920	-2.764	-1.023	5.689	17.642	31.330	26.253	32.341	29	ScrambledCars
-7.185	-10.083	-5.979	-17.898	-24.702	-15.844	-12.731	-10.458	7.772	10.049	16.463	21.518	-14.333	-19.296	-5.949	-13.869	4.681	-10.294	7.956	-22.962	-16.716	0.024	1.145	6.975	13.379	31.556	30.670	25.187	29	Faces
-4.205	-16.027	1.378	-12.270	-21.832	-11.808	-4.783	30.389	31.409	16.596	24.684	23.725	-14.462	-32.231	-12.639	-9.368	-11.211	-13.758	-13.515	-25.536	-37.562	-8.824	-5.980	1.958	0.747	21.155	23.871	27.738	29	Cars
3.517	2.692	-4.324	-3.098	-7.200	-8.554	-3.344	7.836	5.092	3.720	15.189	11.823	-8.216	-10.957	1.107	3.770	0.132	-0.895	-4.134	3.568	-5.693	-4.269	-2.782	-8.272	-6.376	-11.359	9.968	9.045	29	ScrambledCars
-13.414	-2.093	-15.511	-4.708	-7.656	-4.962	6.639	11.762	31.608	16.647	29.909	27.253	-1.267	-0.851	-10.665	0.862	-12.769	-16.393	-15.669	-5.008	-8.268	-11.717	-16.993	1.705	13.705	1.488	24.205	22.086	29	ScrambledFaces
-16.515	-5.891	-26.047	-2.775	-4.471	-8.480	4.947	-13.298	14.602	14.481	12.867	21.921	6.973	-3.131	-5.209	2.591	-6.248	-10.710	-11.413	9.979	4.271	-2.089	-12.344	5.679	5.954	10.528	13.839	24.699	29	ScrambledFaces
-7.760	-0.825	-3.680	-2.041	5.348	2.916	8.987	22.097	25.840	22.622	26.639	17.457	-6.318	-9.824	-12.465	-17.449	-21.659	-0.915	-25.603	-13.768	-12.022	-22.614	-11.441	-8.304	8.857	21.978	3.332	14.074	29	Cars
-4.624	-5.170	-17.412	6.332	6.916	-3.528	11.533	-9.371	11.111	18.413	14.425	16.611	-1.675	-3.434	-0.754	1.154	-0.762	-9.116	1.275	6.201	4.797	7.275	8.480	5.168	8.741	18.839	9.157	13.928	29	ScrambledCars
-5.288	-13.905	-9.428	-13.789	-4.181	-2.496	9.426	26.517	18.064	19.308	26.758	21.670	-4.341	-0.981	-9.336	-16.446	-4.337	-18.539	-13.571	-7.243	-6.445	-4.787	-6.276	4.594	-13.406	20.715	10.270	17.542	29	ScrambledCars
3.284	-4.502	8.713	-7.912	-5.240	-1.103	0.005	22.851	20.710	11.353	16.809	9.025	-13.511	-7.708	-9.712	-17.891	-11.654	-2.019	-14.254	-16.000	-26.100	-15.342	-5.452	-9.156	15.584	19.262	1.543	11.493	29	Cars
-2.610	-6.297	-5.136	3.004	-3.086	-6.207	3.387	10.976	12.770	21.590	16.297	18.355	-1.434	-12.940	-4.758	-1.433	-9.452	-4.753	-6.901	-8.413	-11.164	-19.408	-10.200	3.659	9.277	21.091	13.594	19.705	29	ScrambledCars
-4.660	-10.412	-0.361	-5.972	-6.397	0.859	0.270	45.527	21.169	22.322	18.459	17.525	-5.694	-12.632	-11.903	-23.330	-6.226	-13.035	-3.987	-13.369	-15.599	-6.829	-0.999	3.211	-1.566	32.521	17.995	17.625	29	Cars
-7.276	-3.592	-5.457	-6.481	-10.204	-5.624	13.364	13.718	23.753	22.306	21.593	16.300	4.929	0.454	-6.974	-4.899	-3.592	-11.003	-10.015	-6.653	-3.015	-18.886	-12.467	-6.947	1.260	6.402	-5.088	12.839	29	Cars
-13.915	-15.258	-10.121	-6.213	-11.893	-4.653	17.261	17.891	13.982	14.869	16.058	13.065	-1.692	-8.936	-13.309	-10.882	-11.366	-15.433	-3.432	-9.828	-22.494	-9.920	-7.600	8.837	3.391	22.227	3.759	11.154	29	ScrambledFaces
3.378	1.058	2.526	8.637	11.169	8.583	-6.950	-11.731	-9.658	0.504	2.141	0.314	-5.450	-5.397	2.272	4.696	-2.048	1.313	-4.750	1.156	3.460	2.710	-3.929	0.148	2.385	-11.997	3.527	-4.026	29	Faces
-10.232	-12.263	5.772	-10.240	-11.234	-12.422	5.886	5.516	22.540	15.502	18.021	23.585	-4.915	-13.078	-10.903	-13.620	-11.934	-3.696	-16.143	-13.403	-7.198	-6.596	-7.017	3.063	16.460	26.053	24.683	32.021	29	ScrambledFaces
-7.733	-19.586	-35.504	-10.774	-3.357	-0.882	18.002	17.346	26.551	28.244	17.906	22.997	-1.718	-10.649	-8.097	-19.006	-9.244	-13.573	-6.063	-15.180	3.468	1.485	2.127	6.439	10.545	16.525	17.520	23.375	29	Faces
-8.175	-3.684	-6.555	-4.864	-10.469	5.426	0.643	11.772	18.399	8.417	21.292	16.924	-18.261	-17.852	-9.032	-12.101	-1.247	-12.490	-18.553	-4.538	-14.475	-13.776	-13.909	-0.662	-3.497	28.822	3.248	19.860	29	ScrambledCars
-3.524	-1.947	-16.857	2.829	-6.346	-4.033	1.047	-10.876	10.875	9.025	12.857	17.732	7.701	4.589	0.664	-7.135	-5.844	1.812	-12.050	-3.951	-6.599	-8.303	-0.233	10.339	-5.254	8.962	20.522	18.027	29	ScrambledCars
-5.055	-6.366	-12.124	-16.239	-0.974	-2.430	-0.152	1.410	17.684	9.381	14.037	9.741	-7.140	-14.440	-5.461	-3.507	-13.274	-1.383	-9.418	-4.652	4.589	-7.380	-13.485	0.548	1.485	14.860	5.755	7.067	29	Cars
9.299	-4.428	2.042	-7.121	1.246	-4.633	2.936	3.572	13.041	17.259	19.113	13.984	2.135	2.426	1.502	0.660	-7.695	2.785	-4.696	0.267	-4.194	1.137	-8.523	1.800	15.733	11.561	12.379	9.466	29	Cars
-14.350	-13.728	-2.359	-19.328	-8.333	-5.549	20.878	15.841	22.469	20.109	19.088	18.148	14.346	-10.145	-16.170	-29.040	-8.671	-15.032	-8.697	-24.316	-15.227	-10.377	3.304	-1.376	26.389	9.837	18.856	15.108	29	ScrambledCars
8.009	4.117	1.184	-3.587	-13.549	-7.813	-18.408	0.681	-6.865	-10.528	2.553	4.966	-7.985	-4.645	0.874	1.483	-2.220	5.136	3.410	-3.647	-18.742	3.578	5.686	15.458	8.971	9.243	3.037	15.605	29	ScrambledFaces
-24.273	-8.473	-10.146	-13.977	6.295	4.853	20.403	14.674	36.579	31.527	21.360	20.597	0.347	-0.421	-16.237	-20.817	-10.600	-13.375	-18.587	-12.472	2.861	-11.439	-11.697	0.015	17.144	18.322	5.442	18.788	29	ScrambledFaces
1.098	-5.185	-7.721	-11.524	-15.720	1.434	-11.472	-8.113	2.765	2.086	6.687	5.606	-16.165	-25.450	-0.579	-1.656	2.000	2.069	-6.166	-14.899	-29.567	-6.530	-6.836	-4.108	19.203	17.873	12.957	7.836	29	Cars
-14.406	-6.451	-8.979	-12.651	-10.087	-1.597	0.296	-4.127	6.828	-0.494	5.995	15.374	1.385	-13.013	-10.730	-11.424	-9.254	-7.688	-6.949	-3.986	4.643	3.004	17.371	15.361	13.644	28.748	22.474	24.523	29	ScrambledFaces
-3.966	1.136	4.529	-2.603	-6.751	-1.606	4.027	13.685	5.019	2.881	6.824	5.301	-4.300	-11.320	-7.107	1.071	-3.905	-13.521	-11.826	-5.665	-15.036	-0.773	2.426	1.813	-0.032	31.306	5.128	6.415	29	ScrambledCars
-6.058	-10.644	-0.150	-3.200	10.516	4.434	8.647	2.372	14.614	16.704	13.001	16.231	5.918	6.448	-8.836	-19.131	-12.573	-12.265	-11.930	-15.170	2.414	-7.236	-22.974	-0.662	-14.097	10.411	4.120	18.005	29	ScrambledCars
-10.174	-7.465	-7.691	-7.673	-9.512	-9.302	1.882	1.623	5.144	1.521	7.337	8.933	1.209	-8.492	-4.860	-7.855	3.599	-2.532	11.866	-9.724	0.686	8.905	9.327	7.775	25.037	9.889	16.467	9.318	29	ScrambledCars
0.162	5.257	-7.409	-17.509	8.208	1.784	-0.005	-4.860	8.660	2.313	7.030	5.726	3.710	-0.139	-3.732	3.514	-9.292	-11.633	-5.286	6.957	-4.846	-3.595	-0.282	0.944	1.229	4.289	6.451	1.961	29	Faces
5.218	-2.095	0.686	2.263	-7.826	0.803	-0.705	-5.755	4.705	4.789	19.521	17.102	-5.110	-2.116	5.164	-6.434	9.045	7.713	-10.301	-10.552	-2.675	-2.603	2.287	3.544	-0.584	4.600	9.776	19.642	29	ScrambledCars
-4.896	-4.174	-26.793	8.897	0.291	-1.792	9.819	-16.493	9.648	5.149	12.145	11.656	-4.020	5.154	3.578	-1.064	2.825	1.648	-5.728	-0.183	-3.003	-7.236	-6.306	-2.316	2.733	1.651	9.619	8.050	29	Faces
-3.120	-1.680	7.941	-4.863	-4.910	-0.516	3.119	2.819	13.179	9.387	7.666	12.012	7.295	-2.168	-5.505	-4.828	-8.455	-2.743	-7.945	-5.220	1.241	-10.274	-6.193	-7.060	-5.473	4.009	0.820	18.668	29	ScrambledCars
-5.686	-10.128	0.262	-2.714	-1.865	-5.840	15.670	-4.901	13.803	13.279	13.550	16.949	0.163	-2.055	-4.584	-8.824	-5.616	-8.022	0.826	-11.436	-1.321	2.122	-4.103	4.086	-9.667	17.420	12.203	18.441	29	ScrambledFaces
7.986	-5.274	3.514	-11.193	-11.967	-5.505	-7.096	5.767	3.372	0.913	9.513	5.138	-4.190	-9.911	1.279	3.599	0.679	3.290	-3.875	-3.096	-13.498	-5.365	-4.843	-7.471	2.371	2.916	-1.588	7.385	29	Faces
-14.791	-0.659	-22.372	-8.459	7.490	1.708	18.809	12.377	20.977	29.090	20.690	22.910	1.104	6.299	-7.745	-12.780	-14.301	-8.208	-10.214	-5.488	5.709	-4.164	-17.699	5.552	-5.987	6.783	13.996	18.021	29	ScrambledCars
-13.116	1.898	-8.052	0.502	-2.677	1.067	2.941	-0.098	14.955	8.177	8.714	12.141	-0.014	-2.843	-3.300	-0.745	-12.834	8.814	4.999	2.807	0.055	2.003	-3.440	1.329	-11.053	7.548	15.604	11.643	29	Cars
-4.252	-10.733	-12.650	-11.835	0.882	-5.928	8.423	8.998	12.363	18.782	16.305	18.731	-1.896	-1.545	-7.240	-11.367	-6.825	-14.888	-11.202	-11.605	-8.101	-4.755	-7.864	8.268	9.567	12.013	15.035	18.859	29	ScrambledFaces
-6.283	-7.018	-13.795	12.491	0.095	-7.231	1.464	8.558	24.726	25.079	19.249	19.039	4.989	-0.007	-3.806	-6.964	-8.087	-3.181	-3.157	0.302	-5.045	-6.264	-17.138	-1.729	5.440	-2.479	10.340	13.927	29	Faces
-17.308	-6.469	-22.179	1.462	-8.393	-8.352	8.549	9.820	23.081	16.303	18.348	19.360	-4.484	-11.196	-9.921	-11.922	-17.376	6.004	-14.841	-11.338	-13.712	-12.322	-2.168	-0.087	15.629	20.895	13.893	22.270	29	Cars
-8.702	13.823	-13.142	-1.618	-2.699	-4.944	-1.503	12.866	9.403	11.403	10.862	11.127	-4.028	-4.032	-0.230	0.172	5.062	-1.996	-9.030	0.798	5.423	-1.951	2.089	-4.056	-15.310	7.878	-0.584	10.471	29	Faces
-3.385	-3.117	-9.825	-4.383	-2.077	0.307	0.819	9.571	8.979	-2.349	4.545	4.806	-7.970	-14.379	-7.445	-8.688	-4.711	-7.475	-5.091	-6.371	-10.795	-4.968	-10.515	1.959	27.830	13.766	6.239	9.931	29	Cars
1.036	-3.431	2.033	-10.885	-7.929	-6.316	-6.163	2.562	14.085	11.444	13.022	12.075	-4.399	-6.941	-3.950	-4.134	-6.915	-4.700	-5.315	-11.664	-5.505	-8.440	-7.825	-1.947	5.066	-1.728	14.105	10.441	29	Cars
5.967	-0.189	-2.721	-6.337	-2.332	-6.366	4.538	8.871	2.826	9.079	9.276	7.234	10.083	4.671	5.238	-4.677	-6.436	16.075	-7.653	0.683	-3.196	-5.954	-20.007	-5.249	-10.546	-11.873	8.460	3.601	29	Faces
-12.993	-29.288	-10.197	-10.987	-9.028	-15.645	-0.037	5.109	10.290	14.796	17.283	17.950	7.601	-6.608	-11.125	-14.262	-15.019	-1.787	-9.803	-13.659	5.255	-6.765	0.779	11.636	16.580	26.755	17.381	18.602	29	Cars
-8.324	-13.756	4.188	-1.694	-11.084	-7.359	6.651	3.410	10.361	14.179	13.044	13.452	-3.201	3.232	-10.532	-5.823	-17.635	-4.682	-1.244	-5.425	-13.923	-6.196	1.418	4.298	7.505	23.785	11.711	14.576	29	Cars
-4.527	-5.643	3.432	-5.290	-3.162	1.831	3.903	-1.138	5.247	-8.015	4.285	4.052	3.930	-10.542	-2.967	-4.277	-11.422	12.652	-1.684	-6.225	-14.852	-1.331	2.350	6.606	7.226	12.740	17.559	6.473	29	Faces
-6.810	-15.416	-0.340	-12.400	-14.981	-13.578	-7.355	-1.477	9.120	1.176	14.696	18.161	-4.021	-5.248	-0.438	-6.087	7.664	7.524	-3.390	-12.567	-15.047	-10.260	-5.815	2.094	1.806	-1.022	17.709	25.774	29	Faces
-15.030	-17.269	-21.233	-12.981	-0.286	-3.429	17.533	11.890	25.193	13.155	26.560	25.753	-4.712	-11.280	-14.674	-18.443	-16.844	-12.780	-23.336	-18.540	-21.228	-9.972	-0.350	4.461	8.638	30.642	18.644	28.552	29	Cars
-13.946	-18.118	-7.560	0.751	-9.267	-8.163	13.712	-0.579	-0.789	6.262	13.498	19.419	-0.984	-7.551	-11.450	-18.247	-11.293	-6.125	-10.181	-16.010	-9.896	-6.119	0.171	9.927	10.346	46.448	17.577	28.236	29	ScrambledFaces
-11.091	1.777	-13.178	-4.360	12.803	7.213	24.067	3.179	14.232	32.004	25.048	20.653	16.030	16.302	-4.509	-7.548	-6.913	-13.231	-10.203	0.452	4.654	-9.341	-22.336	5.009	0.401	-8.781	10.546	5.061	29	Faces
15.636	-15.681	11.719	-13.334	-5.422	-0.133	-2.437	13.883	8.761	3.894	10.579	6.596	-11.147	-19.084	-2.072	-14.018	-8.383	5.598	-14.752	-11.128	-13.440	-14.453	-11.512	-7.644	-0.405	14.596	-2.213	15.144	29	Cars
-10.659	-8.026	0.146	-9.001	-1.489	-8.049	7.635	-4.157	16.022	8.964	15.815	21.384	4.508	-6.026	-8.404	-10.923	-9.978	-6.260	-17.543	-7.444	-2.879	-3.174	-3.718	8.020	3.750	10.985	19.338	26.904	29	ScrambledCars
-15.320	-10.797	7.555	-2.449	-5.202	-1.304	11.205	12.566	26.663	11.365	17.257	17.548	0.467	-5.755	-16.115	-9.787	-15.882	-16.519	-12.642	-16.591	-10.823	-4.276	-11.592	11.530	9.790	24.084	11.801	20.966	29	Faces
-16.562	-10.960	-21.190	-0.042	9.862	-6.091	22.260	5.281	12.810	19.346	17.506	20.111	18.473	6.686	-8.347	-11.132	-3.740	-20.917	8.054	-3.853	15.209	6.220	-3.958	6.049	-3.508	5.747	11.706	12.248	29	Faces
-12.184	-11.655	-8.055	-5.966	-9.345	0.705	-0.081	4.288	19.087	12.340	9.925	12.185	-13.508	-9.167	-10.243	-17.473	-9.236	2.390	-2.883	-17.229	-11.851	0.814	2.415	1.425	26.931	31.886	11.098	19.249	29	Cars
5.099	8.542	-2.776	1.203	-2.096	-7.100	-4.619	-8.087	1.679	-18.245	6.935	0.223	-2.615	-7.801	7.348	2.450	6.634	13.583	-1.474	7.932	0.997	-0.069	-0.357	0.004	-10.974	-3.563	-0.895	-0.226	29	Faces
-15.310	-2.165	1.188	-4.843	1.431	6.159	20.260	13.713	18.949	20.512	17.801	21.526	7.740	-3.055	-14.951	-7.697	-18.197	-22.561	-4.773	-8.919	-5.185	-12.599	-9.328	7.625	-5.650	18.927	18.677	19.518	29	ScrambledFaces
-14.685	-10.867	-10.304	-9.612	-9.142	-11.733	-1.027	0.283	14.058	13.576	11.529	12.542	1.495	17.815	-9.250	-11.793	-6.708	-2.158	-8.513	-9.014	0.680	0.471	1.563	-1.602	19.129	12.489	1.257	15.384	29	Faces
-7.044	-13.988	-9.120	-8.077	-6.673	-12.572	18.986	9.131	14.490	15.146	13.200	14.597	6.393	-13.808	-7.283	-2.666	-13.859	-9.831	0.853	-13.847	-2.428	-3.707	-10.987	10.116	5.593	11.148	17.500	11.624	29	Faces
0.290	-3.290	1.751	4.160	-6.311	5.139	-0.114	9.928	9.718	6.587	13.452	4.721	-9.290	-4.656	0.459	-2.657	-4.442	20.338	-8.868	-11.999	-13.237	-11.850	-2.308	-6.161	20.104	-2.648	0.383	4.053	29	Cars
-9.024	-2.532	-12.388	-6.336	-4.336	-4.315	-11.675	-6.173	-3.365	-4.905	1.633	9.097	-11.154	2.499	-3.244	3.061	0.615	-5.075	7.834	13.456	23.072	10.348	5.520	9.399	18.698	1.542	19.460	13.536	29	Cars
-11.082	-11.877	-5.993	-8.858	-8.105	-0.983	-11.656	6.928	4.202	4.302	11.312	11.497	-0.817	3.115	-7.449	-8.853	-3.401	-0.258	-8.340	-2.924	8.340	1.311	8.134	1.018	14.975	11.983	12.913	12.965	29	ScrambledFaces
-13.163	-19.164	-21.372	-4.737	1.821	0.335	12.850	1.671	4.923	15.671	12.346	16.915	9.238	10.798	-5.174	-5.460	-1.731	-12.435	-5.551	-2.558	-7.530	1.155	3.395	10.498	1.015	8.560	16.469	13.741	29	Faces
-5.393	-13.324	-7.125	-9.546	-18.196	-10.017	4.210	13.510	17.708	12.078	17.603	20.121	6.016	-0.937	-14.706	-14.851	-25.316	-16.085	-18.948	-8.410	-1.586	-2.892	-13.852	5.700	3.819	18.963	15.656	23.506	29	ScrambledCars
-7.035	-7.731	-1.547	-1.838	9.939	5.226	9.586	-7.059	0.241	14.227	4.101	9.846	2.467	-2.357	-3.256	-11.356	-5.210	1.478	-7.327	-5.892	-8.018	-1.887	5.413	1.782	2.721	18.776	12.307	11.793	29	Cars
15.671	-7.293	-1.404	-7.083	-5.330	-3.447	0.153	-14.898	-6.553	9.732	11.820	17.092	5.757	1.044	5.424	-11.870	0.452	0.224	-3.902	-10.204	-5.505	-21.427	-23.075	1.520	1.752	1.171	16.346	21.356	29	ScrambledCars
-10.410	0.316	-3.963	-4.768	-1.161	-6.740	2.608	-2.440	-8.511	-6.359	-6.983	6.224	-4.970	2.675	-0.950	2.791	3.242	-2.670	8.455	11.033	-2.929	9.464	7.426	17.060	-4.096	14.962	21.434	14.788	29	Faces
-9.094	-15.202	-29.071	-22.925	-10.069	-10.485	19.740	-3.020	18.968	24.486	16.906	24.286	8.806	-3.420	-4.029	-13.502	-15.389	8.022	-13.910	-9.562	-0.771	-5.028	1.894	8.712	6.275	13.090	8.103	31.990	29	Cars
-6.223	-15.515	-0.336	-13.934	-6.593	-2.061	2.716	20.117	21.190	18.280	15.920	17.358	8.230	-10.401	-11.314	-14.156	-10.168	-11.297	-9.276	-8.685	-25.178	-13.363	-0.523	-0.997	1.396	11.872	11.411	19.319	29	Cars
7.200	-10.981	3.068	3.378	1.318	2.330	2.415	8.713	5.144	15.482	7.633	6.399	-0.464	-9.005	1.254	-1.893	3.046	-3.341	-5.297	-4.391	-8.081	-11.462	-3.375	-9.856	0.456	-7.194	3.363	3.722	29	Cars
-13.345	-8.030	-12.421	-14.461	-7.483	-14.153	8.199	8.519	5.782	24.659	15.904	15.847	-5.669	-6.463	-8.916	-6.743	-11.517	-0.598	-7.632	-4.912	-6.354	2.859	6.045	-4.345	14.061	10.348	3.544	15.151	29	Faces
-7.306	-10.168	-3.915	-7.488	-0.585	8.169	10.784	14.593	24.156	14.480	22.878	15.152	0.409	-5.629	-6.865	-15.319	-7.846	3.671	-6.874	-9.537	-13.034	-5.129	-9.838	5.440	13.101	3.446	5.036	12.191	29	Faces
-13.511	-6.094	-10.142	1.246	-6.310	-15.568	-6.500	-0.304	11.475	12.961	11.581	13.806	1.275	-2.559	-6.997	4.464	-0.410	-15.677	2.368	7.423	19.861	1.398	-4.063	-1.267	11.769	6.652	8.570	10.677	29	Cars
-0.902	7.186	5.708	3.580	3.670	0.494	-1.039	-1.601	5.727	3.438	14.413	7.880	-8.866	-13.023	0.827	4.696	-2.837	6.571	-1.229	-4.117	-9.918	-13.440	-8.753	-11.681	-16.943	12.308	-2.792	5.945	29	Faces
-8.801	-4.066	-16.409	-1.166	-2.369	0.318	13.112	20.580	17.789	13.390	21.583	17.990	1.231	-13.549	-5.539	-3.010	-8.587	-7.893	-2.596	1.289	-18.229	-10.899	-11.413	-1.708	-16.999	10.658	14.684	11.265	29	ScrambledFaces
-18.669	-9.247	-7.244	-7.533	-1.317	-7.300	4.005	6.643	15.859	12.130	16.636	20.591	14.059	3.802	-12.048	-15.329	-10.819	-7.888	0.211	-8.039	-6.466	-0.696	-3.189	12.704	3.369	14.569	12.883	22.717	29	Faces
-9.331	-9.129	-7.932	-17.160	-4.989	-2.719	3.517	10.094	21.210	10.809	17.913	15.559	-7.099	-5.910	-9.634	-7.940	-11.751	0.321	-1.403	-15.607	-7.041	-8.693	-3.612	3.986	22.353	11.673	3.888	20.366	29	Cars
-13.537	-5.275	-8.344	-1.345	2.248	-2.103	8.844	27.134	24.231	29.405	24.005	18.891	5.380	-4.312	-10.999	-17.401	-13.245	-11.090	-5.160	-15.043	-10.211	-6.133	-7.752	14.802	-12.467	-5.523	9.503	7.807	29	Faces
-3.503	-7.422	-9.520	-18.029	-4.412	-2.779	8.656	3.781	7.092	9.587	14.923	14.071	0.128	2.928	-0.819	-8.440	-1.888	4.087	-0.735	-6.978	-1.833	-6.212	6.187	-0.805	-11.776	10.105	7.478	14.343	29	Cars
-13.278	-9.288	-4.486	-1.568	5.491	2.062	2.117	16.034	9.085	20.555	10.664	17.187	-7.829	-18.407	-4.338	-4.902	7.193	-4.253	-3.445	-6.306	-1.699	-16.786	-3.428	-0.657	-1.788	-5.205	9.422	21.329	29	Faces
-3.083	-5.820	-12.156	0.868	-1.409	-5.152	-1.064	15.156	9.255	16.056	12.967	11.534	-0.918	-16.670	-4.937	-7.037	-15.713	7.588	-9.424	-9.051	-8.290	-3.528	-10.291	-3.590	17.396	11.831	9.327	11.111	29	Cars
-4.614	13.447	3.679	1.460	-0.989	-1.313	8.287	3.344	6.997	7.973	4.691	3.838	5.731	-4.624	-5.524	-7.982	-10.898	-4.083	0.487	-3.252	-10.141	-12.781	-1.474	1.098	-7.034	16.217	4.070	0.476	29	Faces
-8.488	-15.621	-16.036	-22.160	-10.429	-3.787	2.581	8.503	12.283	8.846	16.468	17.695	4.789	-1.493	-4.452	-12.690	-6.245	7.978	-6.612	-13.612	-10.037	-6.869	-11.913	0.361	12.746	19.964	16.072	22.223	29	ScrambledFaces
-20.043	-13.722	-12.752	-20.728	2.532	-1.471	32.496	7.359	22.773	31.005	31.257	34.588	20.784	15.749	-19.063	-21.662	-30.570	-19.425	-23.087	-19.596	-16.838	-12.116	-25.329	9.540	10.764	23.534	25.563	32.430	29	ScrambledCars
0.970	0.316	-10.408	1.161	-3.702	1.098	-5.367	12.838	10.007	7.857	14.012	11.709	-13.649	-15.597	-9.708	-12.038	-7.924	-13.901	-3.298	-22.787	-27.169	-11.045	-11.020	-4.659	28.164	18.738	3.406	15.724	29	Faces
-18.075	-18.804	-7.860	-23.023	-7.480	-7.456	10.454	14.219	13.196	23.908	22.377	22.998	-3.381	-7.622	-14.428	-8.918	-15.404	-8.158	-15.645	-19.580	-18.268	-8.610	14.915	6.115	11.781	22.041	20.189	22.974	29	ScrambledFaces
-5.378	0.679	1.927	-1.409	-4.796	-12.029	-4.742	-2.079	9.674	13.590	17.128	18.152	-1.979	-11.065	1.048	-3.469	4.303	1.745	2.136	-3.646	-9.093	-3.241	-15.156	4.100	-10.594	1.262	16.590	15.838	29	Faces
-7.629	-8.312	-8.528	-7.069	-7.031	-0.833	9.568	1.292	20.584	22.463	22.866	20.364	-4.065	-2.810	-7.686	1.393	-15.111	-6.173	-5.570	-1.030	-3.227	-12.722	-4.103	-3.283	1.376	5.422	2.174	18.777	29	ScrambledCars
-35.695	-16.053	-9.359	-13.274	-22.307	-21.139	3.448	-2.673	18.884	18.756	13.687	20.406	7.924	3.876	-14.720	-6.489	-3.321	-12.604	9.148	-1.697	10.432	14.129	15.697	30.250	2.483	33.529	12.069	21.623	29	Cars
-1.791	-5.274	8.986	0.976	-4.718	3.006	-6.396	13.470	23.595	2.213	19.350	14.950	0.192	-14.584	-12.883	-18.504	-14.180	-9.000	-15.525	-22.032	-26.106	-20.623	-19.495	-8.542	18.240	13.055	15.768	17.338	29	ScrambledCars
-7.540	-3.297	-6.399	-7.191	-2.749	-1.483	0.802	6.169	12.965	-2.851	7.305	11.147	-2.230	4.419	-6.563	1.045	-8.716	-8.274	-14.886	0.949	-10.338	-2.388	-8.428	-0.355	-2.544	15.640	12.580	17.037	29	Cars
-10.116	-5.994	-6.282	-0.572	4.047	6.636	14.503	6.953	9.353	15.048	3.098	0.683	9.225	4.261	-4.222	-14.954	-2.510	-1.701	-10.818	-14.302	2.437	-5.675	-2.800	0.431	2.714	14.015	6.940	-7.706	29	Cars
-19.866	-0.637	-14.022	4.669	-5.280	0.957	1.249	10.376	10.677	13.316	3.666	10.303	1.663	2.329	-5.778	0.397	-0.651	-3.938	-8.828	-2.531	-4.063	-4.592	-5.834	7.842	11.699	11.799	16.526	10.655	29	Cars
-0.771	-20.114	0.777	-8.782	-9.775	-4.737	4.861	19.248	26.574	10.187	12.818	17.684	-6.426	-15.218	-15.332	-21.168	-23.300	-7.950	-22.921	-16.698	-18.238	-13.770	9.012	1.596	10.773	24.480	9.742	32.330	29	ScrambledCars
-1.939	0.094	-3.120	9.035	11.347	10.946	-0.320	-5.026	7.462	2.460	1.787	1.204	-7.284	6.490	-4.342	-0.893	-8.586	-8.675	7.548	-0.422	-5.127	4.164	-3.157	-4.677	-6.400	0.342	-5.305	-0.114	29	Cars
-0.106	-1.045	7.316	-2.356	2.580	3.804	7.277	9.773	5.868	10.218	2.838	3.169	0.244	-7.641	-6.092	-8.033	-7.080	-8.437	-14.541	-13.313	-20.558	-2.618	0.528	4.375	4.777	19.238	2.998	4.562	29	ScrambledFaces
-14.274	2.683	-7.169	-0.150	2.406	5.689	19.364	10.711	21.570	13.570	16.905	15.819	-6.234	-3.409	-9.550	-3.748	-10.326	-11.219	2.485	-14.277	-17.470	-8.617	-8.937	0.949	0.696	17.260	12.300	13.427	29	ScrambledFaces
-2.959	-5.956	5.072	-0.940	-5.370	2.626	7.544	9.527	13.621	5.894	13.503	9.152	-8.935	-11.611	-8.853	-12.466	-6.280	-12.276	-5.975	-12.483	-10.825	-5.859	-5.045	4.002	2.569	6.763	6.242	7.806	29	ScrambledCars
-4.307	-8.396	-10.457	5.221	5.532	-7.226	9.583	-2.572	8.085	11.771	13.040	12.697	5.521	-9.698	-5.497	-8.338	-7.569	-10.878	-4.620	-1.139	4.866	3.171	-9.716	-0.980	8.101	11.928	6.237	9.460	29	Faces
-8.212	-12.828	-5.756	-17.147	-22.736	-11.425	-15.588	0.439	-2.052	-14.933	6.469	4.104	-11.032	-10.162	-5.992	-9.913	-2.726	10.485	-0.776	-6.595	1.808	3.142	7.931	6.083	29.337	45.519	18.157	10.771	29	Cars
-3.650	5.978	10.304	5.090	-0.888	6.396	-3.076	0.252	6.026	2.223	2.278	1.018	4.374	1.843	-4.782	-3.627	2.569	-13.813	3.943	0.448	8.735	-6.604	4.533	-0.223	-5.441	8.591	-0.801	-2.253	29	Faces
-6.551	5.867	-4.035	4.267	6.811	1.860	1.084	5.399	7.326	-3.401	-2.626	-2.890	-13.293	-16.050	4.511	14.682	18.429	1.662	-0.772	7.817	6.076	-10.844	-3.690	-10.383	-2.941	-5.274	-9.503	-0.170	29	Cars
-4.881	-5.120	0.074	-14.219	3.177	2.442	-4.720	12.701	12.260	1.365	5.371	5.711	-6.281	-7.806	-4.586	-10.977	6.282	-6.588	-1.493	-11.721	-16.953	-13.257	-10.600	1.608	5.824	21.162	10.365	9.052	29	ScrambledFaces
-20.239	-17.524	-15.777	-11.540	-8.528	-5.695	-9.329	12.987	16.399	16.337	18.168	26.346	8.058	0.602	-18.311	-19.534	-14.408	-16.097	-8.228	-16.984	-14.738	-2.086	-12.433	13.859	47.246	30.014	33.136	32.066	29	Faces
-8.904	8.896	-1.791	4.515	3.323	1.943	-3.761	-7.115	-2.754	-11.659	-2.102	-0.383	7.249	-2.206	-4.339	5.390	-3.351	-4.623	0.188	8.274	15.522	-1.803	-6.791	-0.021	16.100	-1.820	3.031	0.535	29	Cars
-3.185	-13.199	1.420	1.952	0.082	3.332	5.937	17.582	21.587	13.059	15.677	14.438	-15.547	-9.575	-7.084	-4.545	-1.159	-13.767	-13.829	-3.346	-18.187	-8.042	-17.765	-2.394	4.928	7.146	7.289	17.012	29	ScrambledFaces
-2.130	-17.521	-11.255	-3.753	-12.337	-5.991	1.232	7.939	9.076	-1.306	3.295	6.856	2.959	-4.530	-12.440	-24.923	-19.512	-11.466	-12.916	-15.671	-3.571	-6.094	7.102	15.174	8.693	24.022	16.566	11.481	29	ScrambledCars
1.336	-17.158	-12.367	-3.284	0.522	-6.872	2.607	2.837	18.808	16.479	19.154	16.869	4.160	-5.932	-9.186	-19.679	-23.222	-6.424	-21.665	-11.021	-8.909	-11.631	-11.516	8.248	7.408	19.609	9.563	16.294	29	Cars
-15.014	-18.312	-12.310	-18.299	-6.346	-9.841	7.175	12.613	16.449	21.314	16.066	21.556	1.373	0.352	-13.825	-3.464	-22.722	-11.579	-17.159	-9.049	-0.362	4.108	0.009	16.446	9.894	25.850	15.904	25.863	29	ScrambledFaces
-10.307	-10.501	-9.754	-8.356	1.086	-3.940	5.905	6.118	16.859	9.773	14.191	11.834	-2.045	0.200	-6.199	-18.339	3.648	-2.460	-7.661	-19.252	-16.640	-3.040	-13.846	-1.055	10.821	29.282	-6.639	17.104	29	ScrambledCars
0.218	-12.249	-6.027	-7.129	2.051	-3.011	8.716	18.108	17.034	18.155	12.024	15.143	-14.064	-12.431	-8.323	-15.937	-8.978	-7.945	-24.607	-12.279	-21.454	-17.330	-8.947	-8.982	11.878	26.775	7.791	23.964	29	Cars
-27.054	-15.513	-30.775	-6.717	-5.898	-4.146	10.069	15.905	21.478	16.555	21.767	21.662	14.194	-3.559	-14.457	-14.345	-10.761	-13.097	-6.574	-12.328	-13.715	-5.791	-10.924	18.236	20.163	39.852	22.409	16.848	29	ScrambledFaces
-6.502	6.058	-4.967	3.718	10.736	1.967	7.788	-8.951	-6.968	-2.628	3.396	9.016	19.427	13.533	-6.319	-0.466	-14.592	-10.522	-12.787	0.085	5.653	-9.366	-6.596	5.313	3.702	4.848	6.995	11.200	29	Faces
-6.634	6.872	1.977	12.757	7.238	3.287	-4.705	6.641	11.532	0.574	1.795	-2.401	-7.159	7.053	-2.873	9.084	-1.883	-3.046	8.854	9.160	2.653	-3.371	-3.693	-4.818	-2.671	6.648	-10.025	-4.891	29	ScrambledFaces
-12.337	-17.660	-22.711	-12.991	-10.484	-9.917	0.894	7.938	16.584	12.339	21.743	22.665	2.815	3.856	-11.578	-19.377	-15.207	-6.727	-7.656	-9.939	-5.449	-3.175	0.357	7.110	7.468	21.239	16.591	24.189	29	ScrambledCars
-23.359	10.325	-25.761	-0.507	-23.962	-2.183	19.360	17.976	20.819	13.099	13.908	9.845	1.589	-4.043	-11.907	0.300	-13.035	-12.730	0.067	-7.718	-8.885	0.359	-7.767	6.358	5.731	29.861	5.801	2.154	29	ScrambledFaces
-1.807	1.404	-7.978	12.128	4.334	-3.232	-2.112	-6.384	7.484	10.077	0.040	5.148	-10.762	-9.687	-2.083	-7.378	-2.204	-6.273	6.954	-4.250	-13.120	-0.541	-2.288	1.393	6.406	0.538	9.793	5.157	29	Faces
-13.280	-10.746	7.816	-0.232	3.924	3.726	3.128	13.251	13.707	21.368	13.641	17.461	-1.565	-8.236	-9.828	-14.163	-7.402	-3.144	-7.645	-5.380	0.361	-1.527	-6.833	-6.265	0.257	20.158	12.784	20.154	29	ScrambledFaces
1.249	-0.632	2.952	-6.356	1.357	-0.471	-0.362	0.888	10.682	-2.549	6.905	2.313	-12.768	-19.894	-5.006	7.480	-9.144	-7.997	-10.462	-4.321	-6.722	-14.255	-14.522	-9.908	2.697	16.771	-0.858	3.618	29	Cars
-8.360	-9.203	-9.346	-2.077	-2.574	-2.609	17.318	11.210	16.405	9.266	12.599	2.798	7.431	8.143	-6.244	-7.873	-4.812	-9.747	-4.977	-5.258	3.163	2.256	7.070	2.145	1.818	7.502	4.056	-10.569	29	Faces
-8.271	-13.195	0.175	-14.777	-18.043	-7.135	12.019	6.796	13.400	13.847	8.166	14.993	3.981	-7.947	-14.605	-12.143	-18.298	-11.812	-6.755	-12.204	-4.524	-8.511	-3.419	-5.562	12.790	20.993	0.770	26.295	29	ScrambledCars
-2.039	-7.944	-14.557	-18.977	-2.711	-0.398	5.950	7.887	24.592	15.049	21.081	14.306	-13.466	-15.416	-2.611	-2.131	-15.022	13.270	-12.197	-13.296	-15.774	-6.441	-18.820	-3.892	13.985	29.834	4.496	16.137	29	ScrambledCars
-16.258	-8.123	-3.668	0.184	-0.174	-4.450	8.623	6.449	15.880	12.523	4.396	7.902	-7.178	2.241	-2.689	-0.761	5.188	-3.954	-0.908	-2.088	-4.248	5.563	1.352	19.721	-8.901	11.483	11.165	6.878	29	Cars
3.676	-4.840	6.411	-9.447	-0.461	4.699	6.351	10.092	2.704	8.068	-1.649	-2.160	-7.572	-8.170	-3.596	-14.424	-9.200	5.580	2.409	-9.184	-3.699	-6.664	-17.217	-4.119	18.592	-5.050	7.794	-2.316	29	Cars
-4.181	-5.605	-4.380	-10.405	-1.022	0.718	13.224	-2.594	13.736	4.201	16.441	13.730	-4.415	-4.129	-6.500	-5.558	-17.320	-2.433	-10.207	-12.613	-5.449	-7.205	-5.014	3.323	0.534	-3.150	16.890	11.240	29	Faces
-5.191	-10.099	-4.084	-22.534	-1.289	0.391	8.881	13.037	15.512	24.104	28.075	27.758	1.576	-8.537	-10.304	-12.813	-9.891	-15.455	-13.257	-13.418	-22.492	-15.753	-20.122	3.184	2.529	23.593	10.972	30.038	29	ScrambledCars
2.477	-8.753	-4.832	-17.707	-17.333	-5.343	-10.417	30.956	22.347	-1.533	9.452	1.359	-9.086	-20.735	-8.053	-14.613	-18.308	16.665	-20.192	-22.901	-22.244	-17.061	2.858	-3.053	21.318	16.474	0.875	8.271	29	Cars
-9.904	2.424	10.261	-1.128	-5.700	10.339	6.299	4.058	9.561	4.217	-6.721	-2.777	-7.116	-9.070	-0.674	12.887	2.077	2.534	-5.745	-8.587	-5.613	-1.332	-0.787	-5.076	-12.559	-6.408	0.688	-0.195	29	Faces
-0.790	3.791	-3.905	14.428	-5.004	-1.934	7.961	0.095	8.335	10.289	8.383	16.340	4.029	3.571	-9.216	5.880	-19.297	-24.710	-14.538	4.421	-3.227	-22.866	-18.572	4.495	5.329	-10.505	11.527	19.588	29	ScrambledFaces
-9.791	-17.037	1.304	-8.109	-2.790	-4.784	-6.143	9.204	16.317	11.324	12.475	18.822	2.858	3.596	-16.945	-24.552	-28.227	-8.256	-8.537	-14.783	-2.065	1.897	1.672	7.255	1.038	1.831	19.462	24.393	29	Cars
-7.945	-21.491	-4.077	-18.168	-12.908	-9.478	-4.993	12.480	13.254	13.583	15.169	21.921	3.994	-3.476	-12.527	-11.289	-16.956	-2.830	-14.529	-13.686	-2.261	-12.662	-7.452	3.935	23.554	12.952	11.377	34.725	29	ScrambledFaces
-3.157	-6.388	-16.761	-16.798	1.935	-11.611	8.531	4.818	14.576	15.697	22.465	22.468	3.758	-0.891	-5.537	-4.688	-10.243	-11.470	-2.892	2.025	2.465	-13.578	-12.808	-6.828	4.795	0.665	18.028	18.700	29	ScrambledFaces
9.833	2.415	17.715	5.768	2.304	4.168	-5.244	-0.921	2.986	-1.397	0.405	-3.966	-13.334	-18.985	-3.132	-4.660	-6.390	1.161	-3.084	-12.240	-27.041	-5.701	1.913	-13.720	20.813	-15.843	2.863	-4.045	29	Cars
-27.940	-30.043	-20.427	-14.675	-6.553	-7.189	17.881	18.942	42.847	36.075	33.009	28.186	12.523	8.983	-19.846	-23.444	-16.166	-22.337	-16.824	-13.307	11.280	-2.683	-13.493	1.689	8.690	23.015	18.176	16.551	29	ScrambledCars
-19.452	-19.677	-10.114	-13.269	-1.081	-5.631	1.368	19.386	20.169	12.986	16.108	15.036	1.334	-0.276	-13.282	-13.579	-9.969	-0.604	-5.847	-8.227	-13.394	-9.643	-15.081	0.348	30.834	14.362	13.235	16.593	29	ScrambledCars
-17.183	-8.414	-19.648	-0.693	1.571	0.007	17.921	12.399	19.468	31.599	16.978	21.249	10.240	-2.992	-13.523	-13.485	-16.369	-19.477	2.553	-1.778	-5.783	-6.183	-9.093	14.282	11.555	14.287	13.756	16.153	29	ScrambledCars
-14.068	-12.498	-12.839	-12.738	-16.729	-17.435	-11.058	1.306	3.127	0.137	5.791	8.312	0.364	-4.021	-3.927	-17.957	4.524	7.357	16.796	-14.452	-4.304	8.422	16.575	17.935	9.310	14.648	18.835	9.253	29	ScrambledFaces
-18.349	-19.407	-26.416	-16.785	-13.391	-7.094	5.436	12.999	16.030	9.940	13.439	13.161	-6.641	-8.768	-3.335	-7.320	12.190	-0.583	7.997	-5.540	-2.310	1.266	-4.187	6.181	12.150	24.559	11.423	13.221	29	Cars
2.221	-7.896	-13.734	-22.292	-13.296	-11.116	-14.538	-10.233	-2.391	8.829	8.218	9.190	-11.875	-12.356	2.592	5.225	7.480	-0.465	8.767	2.471	-7.653	6.349	6.558	-0.051	18.567	5.982	10.149	9.266	29	Cars
-6.778	-0.752	-9.847	11.609	-6.125	-4.370	-12.887	13.520	11.590	-2.541	6.390	6.385	-18.777	-6.149	-4.224	-1.595	-0.706	-1.597	-6.030	-6.494	-11.335	-11.815	-5.445	-3.761	-4.867	48.327	2.909	13.839	29	ScrambledCars
23.532	-4.025	10.306	1.652	-1.954	9.048	-4.396	1.701	10.068	-2.054	11.396	2.736	-13.195	-11.011	3.180	-4.467	-2.382	-2.307	-8.979	-6.270	-12.598	-15.601	-10.978	-6.934	-10.012	11.782	-9.155	5.517	29	Faces
-5.881	-2.090	-1.522	-4.655	1.283	0.086	-1.256	6.705	10.061	9.775	13.673	12.555	-0.526	-3.972	-7.285	-2.198	-7.911	-11.056	-5.445	-2.134	-1.212	-7.255	-4.549	5.952	-3.343	12.357	0.958	12.837	29	ScrambledFaces
-8.154	-11.888	-10.496	-17.838	-3.369	-9.751	12.460	7.594	22.055	11.437	21.141	22.410	7.112	3.896	-10.777	-13.432	-17.306	-8.387	-20.667	-15.979	-9.962	-7.194	-5.074	8.979	9.118	4.906	15.520	25.807	29	Cars
-25.088	-17.401	-10.834	-6.353	-4.534	-3.605	5.779	8.270	15.318	5.669	12.821	13.909	4.929	-1.805	-12.584	-18.086	-13.651	6.466	-8.379	-11.167	5.744	0.616	10.252	10.906	15.680	13.074	24.211	13.204	29	ScrambledCars
0.659	-4.079	13.682	-9.462	1.637	5.747	-1.057	11.496	21.001	14.142	16.858	9.103	-3.092	-11.286	-13.417	-13.107	-23.221	-8.415	-23.613	-11.960	-16.355	-15.136	-8.425	-6.337	9.379	19.139	-0.512	8.159	29	Cars
-4.176	1.321	-6.556	3.002	-9.692	-9.352	-7.870	9.578	-0.358	6.241	7.088	8.281	-3.742	-1.663	-1.107	-1.073	-0.305	2.289	-4.921	-2.797	0.651	-11.283	-3.771	-1.994	3.865	15.079	11.496	8.858	29	Faces
-19.310	-11.516	-21.111	-4.609	2.265	0.358	24.301	16.348	25.514	21.010	18.231	22.476	8.764	0.044	-13.646	-12.162	-11.056	-21.239	-5.609	-11.952	2.407	-4.317	-6.354	-2.738	3.569	0.205	14.952	20.165	29	Cars
-12.638	-2.224	-3.829	-5.206	-5.813	-2.372	10.432	5.130	19.945	6.516	18.398	21.541	-12.567	-13.042	-10.333	-12.781	-7.724	-5.331	-7.580	-15.387	-15.366	-13.222	-1.213	-3.128	4.944	12.360	15.316	29.545	29	ScrambledFaces
-2.681	-5.235	-15.207	-6.238	4.551	-2.295	8.661	-2.001	8.273	8.469	8.158	14.674	0.987	0.742	-4.058	-9.886	-8.161	-7.609	-3.051	-9.734	-6.765	-5.088	-14.210	1.897	1.684	8.978	9.357	20.113	29	ScrambledFaces
-7.384	-3.480	-12.483	6.853	0.118	7.714	11.509	3.176	17.537	5.223	12.335	11.818	-0.102	3.434	-5.662	-7.370	-2.542	-14.153	-9.480	-8.296	-6.013	-9.262	-15.042	-2.074	-1.575	9.614	7.493	10.382	29	Faces
-5.581	1.698	-13.398	-8.791	1.117	-1.241	2.091	5.667	12.126	10.398	16.796	18.633	8.881	-12.419	-9.521	-16.780	-9.532	-12.988	-26.581	-8.082	-9.154	-12.683	-14.071	-3.130	19.226	38.691	14.564	22.022	29	ScrambledCars
-11.048	22.248	-13.188	12.595	4.033	0.775	-4.372	11.575	-4.927	0.293	1.760	1.168	1.659	-0.130	2.224	13.368	13.968	-6.812	3.712	1.549	8.962	3.409	8.386	-7.120	-13.368	-11.305	-6.236	-4.396	29	Faces
-5.339	1.695	-8.440	4.359	-3.208	-1.855	-3.025	3.139	3.624	-10.088	0.248	-1.569	-7.940	-0.941	-1.547	-0.969	1.296	-0.358	11.744	1.721	-5.148	-2.217	2.998	2.269	-2.016	25.434	5.261	-1.578	29	Cars
0.587	3.510	1.276	13.464	-9.501	-2.051	-2.299	5.886	6.842	2.712	19.595	21.365	-11.543	-10.166	-8.607	-6.696	-14.927	-9.473	-8.628	-11.629	-24.222	-15.190	-27.690	-9.676	-7.040	36.393	1.489	33.353	29	ScrambledFaces
-15.745	-11.958	-0.768	-10.348	-0.973	0.407	9.172	14.789	24.441	31.915	22.650	21.088	6.773	2.484	-13.633	-8.927	-17.293	-17.401	-10.978	-12.433	-4.997	-11.924	-9.514	8.443	-5.951	7.975	17.048	11.748	29	Faces
-5.113	3.129	1.135	0.050	2.596	-2.644	-0.136	-3.537	8.855	7.550	1.117	4.492	-2.149	-4.314	2.279	-0.487	16.147	-5.623	7.719	5.466	-2.438	-0.040	8.816	-10.250	-14.858	-11.799	0.865	3.192	29	Faces
-9.590	-6.721	6.522	-14.378	-3.225	2.824	8.359	7.322	22.492	21.506	20.281	18.869	4.399	-9.259	-13.928	-23.068	-23.180	-0.696	-9.798	-11.371	6.609	-13.568	-9.984	-3.668	3.002	16.881	4.751	20.800	29	ScrambledCars
-0.087	-7.090	-2.673	-5.130	-5.355	-2.692	6.622	4.687	18.229	17.027	18.831	21.466	-0.071	-9.797	-8.788	-17.840	-15.522	-7.010	-16.929	-14.456	-23.831	-17.532	-12.582	4.543	3.339	8.875	7.169	28.348	29	ScrambledFaces
19.114	18.408	17.373	7.909	3.886	11.578	-2.240	10.338	18.245	22.378	13.389	9.343	-11.830	-12.528	3.415	8.881	-7.508	-6.206	-10.205	2.907	-14.743	-12.086	-18.552	-16.787	-21.579	1.230	-3.835	6.637	29	Faces
-9.291	-0.563	6.300	12.213	-2.089	6.172	4.890	21.407	22.206	0.004	16.812	17.571	-11.923	-14.762	-13.519	-13.376	-16.821	-6.172	-22.165	-13.331	4.122	-25.483	-10.375	-9.834	-0.218	4.835	15.953	25.112	29	ScrambledCars
-17.751	11.297	-5.561	7.549	13.605	12.512	14.678	19.494	24.308	24.161	12.831	14.495	1.884	6.531	-7.963	10.724	-8.969	-13.694	-5.306	4.913	3.427	-7.778	-18.424	-9.504	-5.862	-8.859	2.037	9.449	29	ScrambledFaces
0.368	-5.716	12.157	-9.572	5.461	5.301	6.413	17.184	16.761	9.046	7.592	0.944	-10.774	-16.899	-4.192	-14.145	-7.145	15.825	-2.232	-13.614	-16.075	-9.126	9.163	-9.823	11.447	3.363	-1.650	2.654	29	Cars
-0.106	-2.442	1.037	5.067	4.415	2.016	-1.266	1.000	4.005	1.516	7.189	6.052	-6.925	-12.210	-1.026	0.854	2.067	-8.712	-0.457	-1.107	-11.638	-3.823	-16.046	-11.217	-23.307	-10.343	-4.379	5.411	29	Faces
5.110	-12.938	-8.097	-2.270	4.253	2.337	14.026	15.955	10.935	19.192	14.658	13.420	-6.674	-10.732	0.345	-3.501	-3.407	4.138	-3.448	-7.163	-10.074	-1.592	5.994	3.288	14.621	4.293	6.230	14.955	29	Faces
-32.228	-12.010	-13.910	1.334	-4.687	-14.868	20.813	1.610	27.332	25.425	14.503	23.282	12.105	12.575	-14.689	-9.190	-13.477	-13.557	-3.920	-2.832	-3.742	-1.100	-8.969	16.120	11.466	32.233	24.890	22.205	29	ScrambledFaces
-2.138	-11.871	-2.382	-6.204	9.756	-3.480	12.396	13.653	25.705	18.479	19.649	14.703	7.825	-1.658	-7.934	-8.821	-14.458	-11.305	-8.095	2.362	-14.692	-2.887	-1.057	5.268	1.628	31.980	13.778	8.154	29	ScrambledCars
-6.956	-12.521	-12.732	-11.814	-8.247	-5.367	-11.448	18.944	15.475	-4.796	10.950	6.212	-6.418	-7.822	-3.922	-3.592	5.272	3.897	-11.987	-10.250	3.731	-3.617	8.631	3.848	27.534	4.116	8.494	9.003	29	ScrambledFaces
19.110	5.099	6.349	4.190	-5.384	-5.170	-12.866	-1.947	-10.533	3.349	-2.193	-8.800	-6.745	-1.619	13.112	10.768	14.624	10.997	3.922	12.836	-5.327	4.195	3.308	-10.335	-6.444	-0.192	-15.880	-12.367	29	Faces
-6.940	-24.194	-13.522	-22.799	-9.366	-14.187	5.505	-3.181	8.792	6.954	11.159	17.194	8.491	-8.749	-3.445	-17.285	5.861	-4.432	-3.915	-21.102	-12.376	-2.979	-0.571	11.741	11.588	31.929	20.045	23.815	29	ScrambledFaces
-13.397	-23.768	-7.676	-25.637	-9.584	-4.725	19.565	25.272	40.270	19.798	22.176	15.878	-7.406	-24.691	-17.978	-36.410	-23.567	2.261	-24.159	-35.663	-31.007	-10.778	-7.328	2.345	24.775	15.216	17.258	16.392	29	Cars
-11.812	-9.919	-17.394	-7.832	-10.255	-13.168	-9.704	-3.001	8.685	5.288	10.801	15.818	-2.652	-2.939	-6.501	-4.949	-0.738	-4.842	0.050	-5.950	2.077	3.133	4.502	1.564	24.577	19.358	13.090	21.844	29	ScrambledCars
13.603	4.086	10.580	-5.089	5.866	12.027	-3.056	1.308	4.083	0.229	-1.592	-4.538	-8.475	-11.863	-3.359	-8.602	-16.317	-0.929	-18.640	-17.550	-25.452	-22.746	-18.607	-13.274	1.216	44.053	0.680	-0.398	29	ScrambledFaces
-9.794	3.520	-5.431	5.191	7.234	6.378	17.400	13.847	18.381	22.251	18.135	15.097	4.033	-2.822	-8.560	-12.991	-6.677	-11.567	-11.127	-5.501	-10.512	-9.997	2.793	-6.046	-6.326	1.781	-1.792	10.182	29	ScrambledCars
9.613	6.446	5.211	6.558	1.457	0.703	2.849	1.509	0.813	-3.050	8.918	-0.579	4.940	5.489	2.247	-0.581	0.446	-4.130	-5.775	-4.713	2.332	-7.076	-16.334	-1.696	-5.157	-22.785	-9.782	-7.673	29	Faces
-6.218	-18.074	-2.740	-11.316	-14.913	-7.808	5.975	1.150	7.024	-7.561	9.484	12.000	-8.908	-18.340	-9.061	-14.320	-14.015	3.783	-16.207	-16.910	-16.948	-10.053	-5.609	-2.011	-4.813	17.564	5.530	25.245	29	ScrambledCars
-15.686	-13.891	-16.273	-9.924	-17.900	-18.154	-4.431	-12.511	4.226	0.440	0.056	9.987	-1.205	-5.682	-8.588	-14.616	-11.258	1.638	-10.224	-1.025	-6.889	1.566	4.791	3.096	-0.952	24.301	10.602	20.085	29	Cars
-0.156	2.951	-2.308	-13.088	-16.425	-10.322	-2.365	12.751	9.270	13.273	14.990	13.753	-18.507	-14.965	0.035	-4.240	11.397	-1.231	0.505	-7.957	-34.165	-7.598	-11.818	-7.784	4.435	40.430	4.891	19.347	29	ScrambledFaces
-9.226	-10.083	1.539	-0.172	-3.109	2.731	6.408	22.628	18.498	15.264	20.367	20.873	-3.380	-1.004	-14.314	-16.664	-21.168	-3.581	-6.089	-16.311	-11.856	-1.023	-6.801	4.712	16.077	20.300	11.964	27.006	29	ScrambledCars
-14.904	-21.819	-1.837	-13.455	-12.714	-8.548	12.290	16.354	23.131	20.225	20.930	12.685	-13.839	-20.765	-20.456	-19.480	-26.775	-8.321	-18.826	-24.290	-17.080	-18.109	-3.978	-11.114	14.105	19.390	0.673	10.994	29	ScrambledFaces
-26.072	-25.529	-21.754	-19.913	-8.853	-13.612	2.262	7.764	19.610	8.929	11.369	23.547	14.180	8.511	-14.200	-5.834	-12.826	-12.662	2.949	-1.886	8.737	2.746	-3.952	13.780	8.680	38.063	26.268	31.557	29	ScrambledCars
-22.270	-15.710	-13.331	-20.790	-10.655	-4.798	3.197	18.240	26.505	11.522	24.913	23.638	2.916	-8.565	-15.163	-17.865	-3.013	-10.776	-10.936	-17.515	-13.505	-4.284	-6.912	6.375	19.463	49.211	10.937	29.468	29	ScrambledFaces
10.275	-14.791	3.345	-11.190	-13.516	-3.587	-6.821	27.779	21.392	12.504	16.741	8.910	-12.116	-7.899	-5.490	-14.532	-8.454	-3.436	-10.389	-12.315	-7.960	-11.456	-11.553	-4.944	5.595	12.699	5.813	8.496	29	Cars
-6.486	-0.973	2.424	-11.597	-6.383	-2.483	-1.659	-3.177	2.973	11.293	4.082	4.085	-4.202	1.781	-7.101	1.223	-4.121	-13.694	-1.847	-5.843	-12.863	-2.654	2.657	5.167	7.764	20.352	0.051	3.118	29	Cars
-27.619	5.224	-6.651	-13.372	-0.381	-0.719	4.718	8.928	18.199	17.303	5.983	19.446	9.305	-2.643	-16.368	-10.328	-15.889	-15.065	-11.351	-6.291	-3.334	-3.271	-4.773	6.312	7.052	35.905	28.441	24.613	29	ScrambledFaces
9.487	-6.571	6.012	-16.819	-11.182	-3.280	1.392	10.628	7.981	8.102	6.426	5.434	-6.469	-14.768	-3.776	-14.694	-10.794	5.270	-3.059	-11.567	-2.499	-8.547	1.787	-9.428	3.710	-0.719	-0.910	11.176	29	Faces
-6.469	-13.030	-17.339	-11.910	-9.891	-6.508	2.272	-4.840	8.590	10.222	14.379	14.611	-8.498	-2.459	-1.505	-4.284	-2.880	8.955	-8.327	-14.284	-25.822	-2.967	-0.094	4.719	16.164	26.522	5.711	20.761	29	Faces
-27.493	-15.800	-23.529	-22.101	-7.384	-13.164	7.799	20.953	26.331	35.459	25.379	28.975	16.303	0.415	-15.666	-18.900	-8.762	-14.599	-6.251	-10.391	9.406	-2.185	-6.833	4.342	15.076	5.721	17.127	24.435	29	ScrambledFaces
-9.838	-2.272	-9.329	4.729	-3.633	3.105	-5.327	6.313	14.215	10.165	15.151	10.791	0.018	-0.581	-5.215	2.952	-4.125	-8.068	-4.531	4.442	26.522	-6.576	-17.730	-2.782	0.293	0.358	-2.383	5.762	29	ScrambledCars
-8.230	-0.361	-5.262	-13.322	1.924	0.771	-0.362	9.311	12.626	12.012	12.188	8.198	-1.802	-2.553	-3.661	2.317	3.947	-8.417	3.864	4.038	1.394	-8.533	-8.365	-3.876	-2.599	8.441	-5.116	4.676	29	ScrambledCars
-7.595	0.372	-5.015	-4.019	-4.522	-6.932	0.054	7.811	20.199	25.003	23.754	23.510	-6.857	-3.359	-7.249	-15.465	-7.104	-7.712	-19.129	-18.969	-26.342	-9.541	-3.798	3.861	-0.429	13.220	19.555	21.156	29	ScrambledCars
-9.833	-22.568	-13.461	-5.880	2.918	4.076	23.743	18.393	19.764	19.790	12.135	15.496	3.858	0.671	-14.046	-20.511	-24.787	-10.110	-11.628	-14.706	-13.895	-1.253	-11.084	11.997	17.736	30.962	21.193	16.518	29	ScrambledCars
-18.419	-2.949	-18.547	-9.773	0.979	-12.661	8.451	15.759	28.083	31.767	17.099	18.975	-6.957	-3.891	-12.226	-5.625	-20.258	-7.814	-8.042	-8.483	-3.816	-14.852	-1.200	-5.174	-4.217	16.359	9.261	15.973	29	ScrambledCars
-15.796	-1.187	-23.447	-1.063	-2.538	-10.985	-3.584	-4.646	-1.443	4.429	7.894	13.475	-9.653	-5.442	-0.138	5.471	11.843	-4.640	18.415	10.393	-2.515	0.847	14.264	2.473	-3.094	19.162	12.074	14.422	29	ScrambledFaces
-4.341	2.740	-1.987	0.733	8.706	6.640	6.381	9.427	14.926	19.281	7.212	6.885	-3.957	0.871	-6.974	-8.627	-8.371	-11.584	-10.558	-11.480	-0.528	-9.135	-6.010	0.021	8.881	22.675	5.860	3.976	29	ScrambledFaces
-26.113	-13.969	-12.217	-6.450	0.218	-0.973	12.919	17.976	20.292	19.878	12.447	17.454	16.702	4.047	-13.903	-20.196	-15.508	-5.999	-0.963	-6.168	9.972	2.479	-8.504	11.877	-0.941	5.739	23.597	12.528	29	Cars
-12.712	-4.716	-4.954	-13.272	1.129	4.355	0.638	1.882	15.624	8.722	16.352	21.317	-3.192	-13.308	-12.029	-10.948	-8.281	-12.269	-7.625	-14.926	-14.728	-4.105	-14.432	2.277	26.527	13.119	20.780	27.570	29	ScrambledCars
11.284	-9.079	8.216	-1.707	11.926	1.391	4.200	13.726	26.671	11.466	12.213	7.625	-12.882	-8.880	-11.447	-18.841	-27.351	-14.050	-22.707	-23.428	-26.061	-12.379	-9.653	-6.972	-11.872	29.231	-0.841	10.879	29	ScrambledFaces
-6.182	-8.581	-1.689	-8.569	-12.479	-7.499	-1.920	1.180	12.739	13.496	4.614	8.449	-9.281	-4.856	-5.387	-6.547	-7.261	-3.237	1.550	-10.580	-10.725	0.226	7.024	6.594	-1.742	20.092	15.100	9.637	29	ScrambledCars
-18.767	-12.886	-28.723	-8.501	3.623	-9.740	4.654	-0.498	19.057	16.000	11.007	20.748	13.136	3.694	-9.184	-10.404	-10.851	-11.592	4.618	-1.420	0.627	3.448	-5.987	19.122	9.536	22.167	19.060	22.941	29	ScrambledCars
-7.248	-18.287	-3.853	-12.439	-2.075	-1.566	3.705	15.921	31.195	28.726	17.342	17.975	-1.455	-16.058	-12.356	-25.371	-17.376	-5.583	-7.698	-22.902	-11.418	-13.560	-10.805	-2.056	7.389	26.213	17.701	17.417	29	ScrambledFaces
-4.413	-9.338	6.411	-8.382	-1.506	-3.476	4.476	-2.038	-6.182	7.186	10.062	11.176	3.018	-8.524	-9.686	-11.526	-9.105	-12.594	10.695	-5.792	0.406	3.948	0.462	12.262	20.301	22.065	14.464	10.695	29	ScrambledCars
19.503	10.184	-8.554	5.194	-2.798	-4.341	2.173	-5.161	-1.081	2.693	-2.068	2.180	-10.441	-3.629	6.562	1.557	1.123	-6.641	1.320	-4.015	-8.249	-0.443	-3.899	2.446	-5.840	7.319	-7.841	9.420	29	Cars
-11.071	-19.531	-5.220	-12.123	-0.002	-2.381	15.897	8.765	11.143	23.024	15.971	13.617	-4.591	4.864	-11.086	-12.451	-16.922	-9.074	-18.586	-10.966	4.503	-7.962	8.973	-1.431	-3.171	35.745	15.685	7.949	29	Faces
-15.658	-5.238	-18.038	-7.989	-6.837	-9.025	-11.797	11.638	18.478	4.511	19.878	21.012	-5.192	-9.697	-8.846	-5.755	0.503	-8.009	-13.361	-2.346	-8.742	-2.482	5.482	0.454	18.709	24.273	21.310	24.231	29	ScrambledFaces
-16.785	-8.541	-17.765	3.418	5.385	3.647	15.606	34.955	32.246	37.449	30.287	27.066	7.460	-4.875	-13.067	-19.813	-16.675	-11.549	-7.937	-20.042	-17.012	-13.415	-14.723	5.451	-11.145	11.229	10.253	19.234	29	ScrambledFaces
