FP1	F3	F7	FC3	C3	C5	P3	P7	PO7	PO3	O1	Oz	Pz	CPz	FP2	Fz	F4	F8	FC4	FCz	Cz	C4	C6	P4	P8	PO8	PO4	O2	ID	Condition
1.209	-6.177	14.454	-5.219	1.759	-0.951	2.580	0.288	-0.795	5.268	-2.212	2.789	-3.603	-2.013	-3.899	-6.335	-8.369	-2.642	0.465	-0.343	-3.807	1.298	-0.568	8.549	-1.246	5.702	6.941	4.348	30	Faces
3.829	-2.757	8.718	-4.297	-2.591	-6.982	-1.134	2.899	8.230	13.132	5.385	4.534	-2.776	-2.266	1.118	5.429	0.374	-3.685	-5.078	7.137	1.036	-9.894	-1.537	-3.450	-5.229	2.569	6.738	2.704	30	ScrambledCars
-12.250	-18.138	-24.077	-10.394	4.788	-7.207	18.203	4.490	14.360	25.292	20.159	11.633	8.723	6.761	-7.515	-19.739	1.556	-19.375	1.129	-14.167	1.659	6.591	-2.404	11.432	5.646	19.180	13.658	18.344	30	ScrambledFaces
-0.635	3.499	-12.457	-5.259	-5.304	-5.809	-7.604	-0.934	2.376	-6.191	0.729	1.416	-14.854	-12.529	3.509	6.020	5.927	3.763	9.115	0.812	-7.945	7.539	7.293	2.151	-0.183	3.594	12.134	9.279	30	Cars
-8.783	-12.321	3.246	-13.878	-6.968	-0.658	6.063	7.954	19.545	13.847	21.778	16.439	-0.530	-2.491	-15.294	-23.930	-14.980	-18.580	-8.762	-18.062	-49.665	-4.812	2.001	12.003	20.342	29.480	21.118	24.508	30	ScrambledCars
3.069	-3.201	-6.372	7.532	5.817	-1.506	5.597	0.947	-1.573	9.161	6.457	3.998	9.094	8.624	4.130	18.593	7.929	-10.395	9.525	22.737	11.093	3.650	-1.842	3.728	0.507	-0.107	7.707	4.602	30	ScrambledCars
1.356	-5.956	4.736	-4.916	-6.871	-14.286	-2.737	-3.912	4.605	4.888	-3.997	1.731	-8.007	-10.710	5.102	1.220	2.707	13.784	-0.495	-4.225	-13.475	-1.619	-1.027	-8.712	-3.632	-2.018	8.179	5.755	30	ScrambledCars
-1.918	-4.808	7.431	-3.991	4.127	-2.129	2.079	-3.626	10.699	0.728	-8.785	2.827	-5.907	-2.480	-9.499	-1.813	-25.077	-7.778	-11.791	1.289	0.275	-11.826	-8.987	-2.240	-1.323	14.770	12.347	12.991	30	ScrambledFaces
-8.832	-4.340	-15.375	1.079	-3.459	-7.740	2.894	9.113	5.907	8.941	12.765	10.384	-5.411	-7.856	-7.083	-14.071	-9.280	-6.243	-10.164	-11.843	-9.208	-3.794	-8.532	2.173	7.075	13.067	14.982	16.017	30	ScrambledFaces
-5.145	-4.441	1.859	-3.181	-13.090	1.650	4.130	12.584	18.607	18.821	21.931	13.561	0.623	-2.082	-16.155	-6.724	-23.924	-27.194	-14.102	-4.998	-4.594	-16.101	-11.018	-7.653	6.381	16.205	14.413	26.390	30	ScrambledFaces
-2.966	-10.669	12.241	0.889	-2.593	3.143	10.314	4.621	13.629	13.169	8.511	6.510	-5.945	-6.700	-3.396	-9.669	-19.542	14.394	-13.679	-2.031	-7.900	-14.837	-12.787	-10.610	-6.944	11.653	6.741	9.777	30	Cars
-9.159	-12.846	-17.311	-16.607	-0.976	-5.844	5.334	-7.756	14.369	14.520	18.569	10.032	11.524	10.385	-4.938	-10.973	-17.100	3.353	-2.101	0.753	8.212	4.700	-1.146	3.207	5.174	3.637	20.487	16.818	30	Cars
-10.934	-18.754	-1.482	-9.282	-5.960	-4.239	9.721	8.710	20.843	24.775	15.899	7.296	8.555	6.325	-20.279	-13.119	-40.171	-20.957	-8.362	-6.213	0.954	-1.562	-5.181	-0.197	3.645	9.401	20.595	11.307	30	Cars
1.545	1.354	-4.748	2.149	6.850	10.032	5.212	-2.538	7.282	5.846	-2.266	-2.216	-2.085	1.200	6.212	-1.255	11.845	5.298	7.455	6.586	4.733	9.077	4.284	2.707	-7.639	-16.041	0.439	-11.971	30	Cars
8.316	13.029	8.612	6.647	8.246	8.620	0.270	-15.373	-2.052	2.553	-5.647	-7.710	-5.893	-6.135	7.514	0.324	8.253	7.849	1.047	-5.845	-7.260	-4.684	2.143	-9.792	-11.311	-5.396	-6.213	-3.797	30	Cars
6.302	5.518	6.689	10.418	15.682	6.919	4.162	-9.464	-18.373	-3.423	-12.599	-3.769	9.673	12.372	4.141	13.794	-5.194	4.628	1.806	7.456	12.012	4.325	-3.295	-9.729	-18.723	-27.445	-18.227	-8.801	30	Cars
-8.648	-8.917	-17.347	-2.112	-0.252	-8.795	17.823	-0.699	24.405	21.392	22.082	23.135	14.238	8.858	-18.023	-6.254	-25.723	-40.265	-2.601	4.513	3.640	-2.936	-5.888	9.453	12.058	26.049	24.960	20.114	30	Faces
-9.594	-8.960	-8.574	-1.353	0.068	4.861	-0.405	3.080	9.217	14.107	10.186	10.132	3.204	-3.102	-11.788	-15.075	-31.504	-1.519	-8.638	-11.947	-8.064	-4.309	-2.633	14.177	4.873	27.605	23.323	5.838	30	ScrambledFaces
-4.665	-0.293	-14.524	-4.585	-8.738	6.702	0.758	-1.579	-1.479	-2.298	6.512	14.585	2.978	1.737	-2.464	-7.913	3.818	-9.477	-1.342	-7.821	-1.697	-7.133	-3.108	0.994	8.464	5.175	20.686	9.534	30	Faces
13.204	7.308	13.050	6.463	-0.225	-3.519	-1.337	-15.047	-13.935	1.428	-7.390	-4.832	-0.662	4.995	15.492	21.070	12.355	18.562	10.931	22.133	14.293	6.782	-2.536	-2.297	-14.952	-7.736	-10.953	-15.919	30	Cars
-2.601	-5.641	-14.784	-1.212	8.872	-7.341	15.172	3.938	12.401	23.099	22.065	16.777	17.548	8.025	-1.716	9.149	-13.015	-6.492	-1.122	6.871	-0.747	-2.164	-8.060	2.841	-5.581	6.651	2.602	21.293	30	Faces
4.053	3.626	-7.248	7.469	6.178	0.180	-0.888	-14.334	-0.432	11.132	-0.761	-1.513	4.326	6.152	3.158	14.123	-2.815	-5.972	7.118	13.736	11.542	7.914	-1.542	1.042	-3.037	2.927	8.861	2.144	30	Faces
-7.054	-17.346	-11.206	-2.754	-0.887	2.769	8.699	-0.567	8.193	19.249	13.641	13.839	15.842	13.548	3.197	-10.292	-1.833	15.393	-2.537	3.363	8.913	3.401	-8.364	6.143	-0.664	15.766	11.074	8.960	30	Faces
-3.674	-7.154	0.984	-5.256	4.243	-0.111	0.945	7.745	2.893	6.110	-0.157	4.736	-1.004	-3.353	-1.570	-8.749	-4.236	5.984	-7.976	-4.567	-2.412	-9.957	-1.433	-10.516	-8.687	1.008	4.595	12.626	30	Cars
-0.167	-6.232	-5.936	-9.384	-5.092	-1.404	9.211	-4.896	-3.995	14.909	0.122	-1.113	1.648	2.608	-0.993	-3.593	12.190	-21.435	0.703	5.288	6.279	5.276	-3.468	15.741	2.639	3.875	9.690	-2.799	30	Cars
-11.922	-15.970	-17.668	-3.542	4.730	-2.933	17.301	16.999	9.458	23.832	16.268	11.747	11.248	3.532	-13.452	-10.045	-21.103	-20.575	-8.996	-13.288	-0.227	-8.209	-2.569	1.674	2.142	14.595	21.404	12.723	30	ScrambledCars
1.597	1.279	-1.324	8.564	-1.041	3.064	9.558	-9.464	-0.901	15.181	8.620	3.974	11.701	9.143	-4.224	1.129	-8.305	-16.428	3.097	6.369	7.124	2.992	5.714	8.768	1.521	7.423	6.531	11.633	30	ScrambledCars
2.727	13.753	-0.408	16.408	21.943	11.700	-2.366	9.849	5.271	13.684	4.961	8.818	-3.500	-3.618	-2.551	1.875	-8.110	-8.292	-5.685	-0.357	-3.221	-2.836	-11.074	-10.410	-5.735	3.697	-7.468	6.010	30	ScrambledFaces
-7.529	-6.040	-12.503	-10.615	-6.261	-6.338	1.714	8.074	6.688	-2.698	14.378	14.038	0.069	-3.876	-6.366	0.661	-12.446	-1.606	0.971	-0.632	-3.678	6.465	3.270	5.054	-3.768	1.793	-9.741	10.041	30	Faces
1.603	-0.777	1.489	0.773	6.169	6.407	23.107	-4.278	2.182	14.081	13.839	13.456	13.477	8.518	-0.303	-12.493	1.270	-10.144	-11.988	-2.947	4.149	-9.124	-16.311	0.517	-2.775	11.600	15.546	11.398	30	Cars
-13.406	-12.977	-9.666	0.099	-8.260	-5.696	0.712	10.224	12.593	10.609	18.372	14.555	-0.534	-6.073	-11.133	-21.898	-23.957	5.390	-13.054	-19.271	-12.339	-11.788	-9.995	1.253	11.170	15.916	14.081	12.946	30	Faces
-5.744	-7.475	-4.119	-5.320	3.311	-2.004	8.598	4.670	12.831	12.880	8.704	4.775	-3.035	-1.542	1.105	-9.305	-16.787	28.019	-7.816	-9.208	-1.181	-4.841	-0.030	-1.332	-1.783	3.833	1.426	7.545	30	Cars
-4.382	-2.073	-11.488	-4.059	1.616	-1.392	6.343	4.568	9.830	13.401	5.295	3.395	11.515	11.466	-6.737	-8.629	-8.145	-15.132	4.838	5.088	11.133	4.115	-1.248	5.198	-7.706	-6.490	2.099	5.953	30	Cars
-2.491	-4.535	7.531	-4.119	-2.074	2.078	-0.665	-3.893	23.666	12.348	13.691	6.266	-5.680	-11.430	0.087	-20.018	-9.433	19.793	-8.220	-13.638	-14.335	-9.514	-4.707	-6.633	-6.349	15.976	7.229	5.712	30	ScrambledCars
-2.949	-6.010	-17.097	-2.289	-1.410	4.168	13.385	-8.123	4.743	14.160	-0.612	8.240	-3.385	-6.890	1.258	0.693	10.746	-13.541	-0.958	-4.792	-6.324	1.865	0.695	5.490	3.621	12.872	15.244	16.068	30	ScrambledFaces
5.903	8.791	17.864	6.263	10.622	6.636	6.578	22.028	-3.005	13.644	13.507	10.054	7.140	4.370	-4.974	-14.236	3.839	-22.622	-10.618	-5.944	3.019	-11.577	-10.739	-7.575	-10.492	-4.118	5.826	8.447	30	Cars
-10.072	-6.940	-24.477	1.570	12.036	-3.303	18.564	15.041	6.194	20.660	18.516	12.734	0.246	0.719	-7.415	-10.205	-4.507	-17.301	-2.592	-2.979	0.578	0.020	-6.812	-2.538	2.472	18.084	9.902	14.593	30	ScrambledCars
-7.591	-10.324	-1.899	-6.529	-8.704	-9.015	-2.585	-4.720	20.534	1.619	3.931	5.284	-10.217	-10.553	-11.966	-10.703	-22.663	-7.007	0.015	-10.721	-11.281	10.265	10.693	11.196	15.277	25.083	22.657	15.511	30	ScrambledCars
-5.491	-6.659	5.641	-0.779	-2.954	3.802	0.557	22.920	21.333	4.054	15.982	15.716	-11.925	-15.402	-9.297	-2.864	-10.032	-8.565	-14.765	-12.948	-17.840	-21.711	-6.980	-9.341	14.452	16.565	8.266	16.914	30	ScrambledCars
-14.780	-24.241	-3.659	-23.700	-3.161	-1.493	14.656	18.194	31.539	25.102	27.144	18.913	3.889	-3.328	-21.434	-28.049	-24.405	-28.424	-16.671	-19.841	-16.332	-9.456	-5.584	4.004	10.835	24.566	27.968	22.954	30	ScrambledFaces
-4.063	-10.212	27.324	-12.956	-15.555	-2.503	-3.997	10.699	22.732	-0.279	19.940	22.155	-7.383	-11.792	-14.880	-25.671	-28.460	-1.740	-25.084	-24.366	-17.858	-18.679	-13.237	0.753	23.412	45.460	35.999	28.626	30	Faces
1.047	2.427	-0.331	-2.298	4.216	7.396	16.534	11.920	16.439	15.251	19.424	11.778	12.078	5.465	0.102	-10.331	2.642	-5.419	-3.063	-2.609	3.100	-3.514	-9.077	4.770	-10.514	-4.079	0.178	3.333	30	Cars
-0.769	-7.742	11.296	-7.176	-8.598	-4.595	-0.477	7.397	11.094	9.448	12.461	5.935	3.414	-3.161	-4.641	-6.556	-11.588	-1.153	-14.641	-7.688	-5.299	-6.546	-6.108	0.785	-3.416	-2.403	8.470	3.632	30	Faces
-7.369	-13.995	-8.717	-2.674	1.820	-4.123	12.048	2.672	7.047	13.620	1.091	5.411	12.986	10.470	-4.051	-10.542	-15.299	5.193	1.966	-1.977	1.453	2.841	-1.953	11.817	-4.248	6.285	8.745	15.459	30	Faces
-10.955	-13.553	-18.883	-8.950	-2.753	-0.397	11.731	12.067	13.026	28.665	29.802	33.027	28.927	15.043	-15.320	-9.214	-35.304	-20.939	-17.777	-6.569	2.397	-6.140	-10.733	13.647	4.425	24.292	32.429	28.701	30	Faces
-2.301	4.725	-4.624	0.482	3.219	-0.430	-3.321	-0.296	9.763	0.485	10.688	8.706	-3.602	-4.072	-2.194	-3.516	-20.001	13.965	0.384	0.190	-7.055	-1.066	3.017	9.854	-1.297	10.011	4.171	9.596	30	Faces
7.336	0.245	15.433	-0.292	6.129	1.387	-4.410	2.900	-0.573	6.671	-1.549	-1.658	-5.352	-3.684	1.198	15.189	3.207	-11.260	-4.597	6.575	0.768	-4.767	-11.752	-3.074	-9.560	-3.793	-8.992	4.492	30	Faces
-8.863	-10.253	8.086	1.227	12.310	-3.009	1.926	18.080	4.551	9.347	9.629	17.583	6.663	0.796	-14.363	-32.099	-20.562	-5.391	-3.429	-21.189	0.522	1.009	4.324	5.682	-5.779	3.447	-1.895	7.734	30	Faces
5.398	2.279	19.252	0.664	-1.667	-2.069	-2.797	3.803	7.927	4.083	6.108	6.288	-11.675	-10.079	-0.671	-7.426	7.535	-7.818	-3.003	-5.152	-7.587	-0.817	-3.733	-8.012	-2.384	-4.829	5.139	9.115	30	Faces
5.901	4.099	-7.857	3.793	7.200	-1.904	13.962	-1.692	-1.841	8.477	10.486	5.775	6.316	10.889	13.573	6.484	29.532	1.461	0.763	15.397	12.920	-6.011	-6.306	-10.210	-13.934	-16.787	-2.032	-3.126	30	Faces
-5.270	1.395	-5.991	3.781	-0.513	-1.690	-5.044	1.167	0.938	5.711	-6.240	0.795	-8.908	-5.749	-0.542	-13.756	-14.399	22.138	-4.110	-9.158	-4.450	-8.601	-6.055	-5.730	4.008	3.006	7.105	-2.881	30	ScrambledFaces
-8.999	-9.038	-7.471	1.062	2.273	4.626	18.381	13.854	12.142	28.605	21.670	28.597	14.962	8.158	-17.993	-8.394	-34.041	-27.045	-21.741	-7.792	0.096	-16.827	-18.118	0.306	-0.169	18.715	2.931	22.427	30	Faces
-3.220	-6.265	-11.036	-9.131	-7.211	-3.252	-5.898	-12.054	16.270	17.883	18.279	8.423	-13.847	-13.496	-1.139	1.685	-6.521	-1.906	0.279	-7.069	-12.301	-2.223	-1.149	-2.226	4.507	27.862	21.765	14.718	30	ScrambledFaces
-2.360	-6.221	-5.712	-13.981	-8.170	-6.882	-0.085	-8.927	-9.438	6.772	5.279	13.861	-5.821	-9.638	-1.714	-7.786	5.812	-9.995	0.174	-12.253	-13.695	-0.159	2.686	7.764	7.674	15.801	18.352	16.717	30	Faces
-7.680	-8.876	-26.671	4.491	2.592	0.061	19.360	-7.075	5.824	25.331	6.542	2.450	8.930	3.919	6.336	-3.158	-9.199	25.288	-4.127	3.489	0.100	-2.023	-0.397	7.666	-0.249	0.962	10.621	3.514	30	Faces
-9.089	-9.146	-27.057	-18.323	-6.914	0.590	16.814	-2.017	12.703	26.707	14.707	10.921	11.269	4.176	-4.928	-10.788	-4.547	-12.387	1.001	-8.070	1.277	1.071	9.270	16.447	11.454	23.106	22.521	22.809	30	Faces
-8.351	0.143	1.079	-7.787	-16.389	-1.518	3.684	18.955	15.511	9.188	14.805	30.991	8.508	-2.251	-15.397	-28.223	-29.746	-8.253	-39.257	-30.340	-12.226	-45.889	-21.353	2.600	10.520	19.551	23.920	25.650	30	Cars
2.411	2.102	7.418	-5.885	-1.724	-6.630	4.966	-0.243	3.289	13.388	3.401	8.041	11.691	9.306	-6.060	-6.479	-16.350	-11.271	-8.519	-1.094	8.537	-1.289	-7.189	-1.983	-0.140	4.203	15.656	9.502	30	ScrambledFaces
-15.037	-16.621	-24.255	-15.539	-10.772	-2.744	20.519	8.624	29.597	36.643	35.630	23.686	14.048	-1.041	-15.340	-24.104	-23.298	-19.536	-10.403	-20.739	-17.535	-7.761	5.315	21.647	11.980	32.947	29.126	30.738	30	ScrambledCars
-12.896	-22.085	1.470	-16.794	-9.941	-4.593	18.407	10.977	23.236	23.275	19.458	16.095	-5.969	-11.263	-15.292	-28.660	-33.108	0.881	-10.683	-27.095	-16.847	-7.764	-6.071	7.499	10.439	24.963	28.977	27.535	30	Faces
1.592	0.462	-1.483	4.245	1.842	-1.290	-6.843	-8.085	12.462	3.366	3.779	-0.259	-5.718	-1.289	2.215	5.340	4.663	-2.379	0.845	3.629	1.422	-0.608	0.042	3.149	-1.646	5.857	-2.690	-3.563	30	Faces
-9.915	-18.609	0.008	-11.705	-7.897	-4.628	7.882	13.896	15.628	21.564	33.298	26.275	7.405	1.876	-11.124	-17.348	-17.285	-5.638	-13.182	-14.216	-2.736	-3.337	-4.880	-0.378	10.712	24.194	11.655	31.779	30	Cars
0.249	0.893	8.935	2.762	3.383	-6.108	6.791	-3.944	3.136	15.665	9.481	12.699	2.542	3.746	-9.456	-5.296	-34.654	-2.291	-5.160	-0.493	1.401	-3.512	-3.159	4.683	6.767	5.798	15.975	4.729	30	ScrambledCars
-11.239	-6.250	-12.864	-6.814	-2.348	-1.801	2.125	15.942	18.602	4.466	22.758	21.233	-16.912	-15.564	-3.071	-17.824	-16.488	22.951	-17.289	-11.226	-14.203	-16.431	-19.140	-5.102	15.430	36.274	26.286	32.002	30	ScrambledCars
3.849	-6.415	-0.051	-3.919	5.141	-13.030	17.606	-9.834	5.136	21.552	2.450	3.269	16.619	9.840	0.384	4.400	1.437	-17.080	4.762	4.538	5.270	0.193	4.541	11.542	9.785	20.136	24.334	10.789	30	ScrambledFaces
5.628	7.991	25.739	6.319	-3.470	0.250	-4.863	5.576	-0.380	-0.979	-1.331	5.217	-14.426	-10.984	-2.981	3.020	-17.306	8.248	-14.840	-4.020	-3.675	-21.169	-19.850	-17.359	-2.394	-5.341	-14.480	5.442	30	Faces
-4.645	-8.629	-9.154	0.021	-5.573	-9.532	7.601	6.535	16.404	13.041	7.689	5.603	3.361	-3.840	0.342	-7.857	-3.424	5.863	-7.125	-13.673	-13.367	-1.327	-0.719	11.475	9.248	10.602	24.318	8.918	30	Cars
8.499	9.589	-3.364	12.904	13.181	1.474	4.328	-9.589	3.299	2.615	-4.314	-5.634	8.790	10.709	3.095	18.487	7.205	-20.872	16.778	22.883	16.938	21.544	8.976	6.986	-2.922	-7.461	8.824	-13.441	30	Cars
-5.415	2.669	4.373	10.575	0.899	0.993	-7.168	-2.813	5.119	-7.492	5.413	-2.544	-10.664	-6.598	-7.677	-8.280	-38.896	25.301	0.191	-1.185	-0.388	2.037	0.564	-5.442	4.984	-4.216	0.185	-0.567	30	ScrambledCars
-19.147	-22.016	-20.216	-13.893	-1.494	-7.540	32.859	16.020	30.889	31.928	33.849	24.568	8.671	-2.795	-21.122	-34.051	-30.670	-22.287	-17.224	-25.224	-12.622	-13.881	-11.340	11.292	17.355	32.221	28.791	36.763	30	ScrambledCars
-3.764	-3.633	-19.534	-6.967	-17.280	-9.071	-0.662	-3.464	17.795	17.373	22.897	14.813	-8.394	-10.643	4.661	1.501	7.353	6.232	0.501	-1.063	-7.495	4.666	6.278	-1.489	2.994	17.453	11.752	12.658	30	Faces
0.446	12.683	-3.669	5.573	-3.389	-0.316	-7.334	-3.464	13.197	2.213	5.568	4.873	-13.341	-11.623	-0.200	-0.390	-3.361	3.936	-7.631	-5.237	-13.220	-12.361	-4.740	-21.543	2.145	4.905	-7.220	-0.475	30	ScrambledFaces
8.212	5.169	10.446	5.366	-3.402	0.344	-2.471	-6.922	-7.951	-15.329	-12.005	-7.004	-6.029	-4.398	8.252	11.374	19.860	0.073	4.588	7.764	-1.587	-2.285	4.626	-9.247	-13.356	-4.708	-3.614	-4.120	30	ScrambledCars
2.073	5.284	5.997	3.038	-4.202	2.982	6.399	6.387	8.468	20.239	10.630	2.238	-6.173	-9.287	-4.151	-0.125	-13.847	-5.820	-12.586	-5.070	-8.658	-15.524	-7.619	-9.180	-0.502	2.431	6.733	7.301	30	ScrambledCars
-17.023	-20.369	-18.814	-16.695	-0.877	-7.252	8.875	21.788	15.825	30.081	32.292	28.459	5.774	-3.373	-16.277	-26.060	-25.890	-12.142	-12.194	-20.769	-12.235	-12.841	-10.175	5.105	10.651	21.852	29.120	28.520	30	Faces
-2.000	-4.822	3.460	-3.848	-10.338	2.822	9.191	5.881	15.952	23.742	6.905	4.283	2.365	-5.206	-2.101	-13.861	-12.506	9.337	3.864	-14.634	-11.965	2.335	-1.488	8.261	3.982	8.091	13.482	-0.167	30	ScrambledCars
8.504	11.094	4.085	10.057	0.456	6.234	-14.090	-10.431	-8.172	-17.830	-11.166	-22.165	-14.942	-1.230	16.030	22.710	17.809	27.948	12.821	18.726	8.488	12.931	5.325	-16.820	-11.199	-14.870	-21.242	-16.235	30	Cars
-1.254	-4.761	12.730	-3.460	-1.549	0.784	-1.283	1.557	11.324	1.407	14.831	7.033	-6.254	-6.482	-3.057	-14.484	-1.212	3.274	-2.655	-6.798	-9.102	-4.340	-0.379	-1.925	-3.724	6.572	-5.525	1.665	30	ScrambledFaces
-11.161	-16.410	-11.251	-8.434	-1.376	-1.988	10.097	1.539	8.873	21.800	30.008	12.616	6.284	0.594	-12.945	-10.712	-24.015	-12.438	-4.254	-8.983	-1.351	-2.248	-6.710	0.841	3.724	15.391	6.287	9.338	30	Faces
-0.030	-2.540	6.791	-7.182	-5.088	6.279	5.365	-4.878	1.622	10.221	7.253	12.275	4.588	2.173	-9.617	-4.387	-9.818	-24.004	0.492	-3.740	-1.685	-1.566	-5.622	-8.083	-3.925	-2.916	-0.035	4.375	30	Cars
-3.010	0.698	-12.006	-4.896	1.027	-5.804	1.148	-4.583	1.112	-0.846	1.494	5.057	4.881	0.357	2.954	-8.417	-0.913	13.258	5.241	-3.843	-1.079	6.499	3.725	10.657	8.279	4.708	13.389	7.666	30	Faces
-3.905	-8.975	5.450	-3.899	-2.875	0.086	6.355	5.879	-1.206	2.874	4.775	8.193	-3.413	-1.374	-7.542	-10.864	-3.912	-11.756	-4.433	-3.491	-5.332	5.058	1.174	1.091	0.693	-3.396	1.518	0.323	30	Cars
-1.553	-9.439	14.335	-3.350	-4.909	0.870	-5.310	0.415	-8.093	0.466	6.989	1.004	-9.230	-12.393	0.981	-15.819	12.100	6.305	-13.907	-11.647	-13.304	-17.007	-10.053	-7.469	4.593	-3.386	0.641	-3.457	30	Cars
-12.089	-8.178	-9.941	-14.586	-7.651	-0.810	10.591	18.738	12.735	15.967	12.443	10.625	-3.468	-8.981	-16.888	-22.967	-23.145	-17.251	-13.228	-24.179	-12.519	-4.991	-5.255	4.709	13.761	25.944	18.883	25.685	30	ScrambledFaces
-18.540	-27.033	-24.564	-20.909	0.176	-5.856	32.617	17.595	13.176	47.799	37.595	23.448	15.885	-0.052	-19.351	-26.155	-27.679	-27.583	-17.262	-18.621	-10.445	-12.427	-9.651	7.472	4.888	19.240	25.742	26.309	30	Cars
-5.587	-0.899	2.807	7.066	3.932	23.188	-0.930	6.978	11.766	13.127	3.772	-4.605	-14.570	-15.312	-8.021	-21.777	1.937	-12.019	-10.558	-17.642	-15.253	-7.589	-4.635	-15.665	-1.870	-0.322	-7.148	-1.661	30	ScrambledCars
0.337	-9.680	-4.514	-1.969	-13.248	-11.143	0.486	-8.622	-3.983	5.497	9.376	13.404	5.130	21.001	-2.079	17.505	-15.836	-7.299	1.916	12.033	2.610	6.588	3.428	12.546	7.832	14.088	29.738	17.829	30	Faces
0.665	-1.216	7.030	-6.159	-3.189	5.286	15.368	6.303	7.008	10.181	14.203	8.546	0.721	-5.724	3.082	-29.364	29.207	-6.069	-3.518	-16.381	-9.202	-1.447	2.505	-1.000	-1.639	-9.911	4.146	6.939	30	Cars
-5.892	7.324	-2.248	6.707	5.813	9.852	18.706	13.837	16.874	10.799	5.757	4.695	-4.715	-8.665	-11.859	-23.706	-28.655	-1.634	-11.835	-18.467	-18.315	-12.772	-6.343	-1.359	-0.876	9.232	9.813	-1.601	30	ScrambledCars
-13.885	-17.419	-12.231	-5.631	0.659	0.775	7.335	13.707	23.438	25.773	23.214	29.516	-0.831	-11.042	-12.147	-17.990	-25.136	-1.880	-15.545	-16.989	-10.783	-8.382	-9.678	-2.568	7.192	14.989	16.116	28.143	30	ScrambledFaces
-4.862	-5.694	-8.884	-5.603	7.391	5.435	17.685	19.150	16.146	28.328	17.876	13.817	9.277	3.343	-6.123	-10.413	-10.151	-10.421	1.284	-3.913	-1.142	4.386	-2.304	10.826	6.785	8.023	18.082	16.101	30	ScrambledFaces
-7.094	-15.594	-4.181	-11.242	-0.172	-3.475	-0.314	0.203	9.905	13.097	24.300	26.442	1.677	-3.690	-10.194	-8.450	-11.199	-18.629	-7.897	-1.199	-2.851	-5.775	-0.731	8.112	16.984	37.830	32.396	32.801	30	ScrambledFaces
2.801	13.151	-14.258	-5.171	-9.519	-10.577	-3.866	-11.618	-2.506	-3.543	7.247	9.170	-3.016	2.500	7.097	-2.442	10.272	6.546	5.781	1.709	4.152	12.048	5.756	6.107	3.318	9.454	12.490	5.876	30	Faces
8.750	7.184	21.071	-2.767	-11.706	0.096	0.693	-7.120	2.991	13.859	1.733	-0.146	-12.394	-11.277	2.904	-0.160	-0.182	3.412	-8.712	-4.394	-13.885	-13.010	-6.586	-18.832	-6.125	-3.011	1.436	-7.571	30	ScrambledCars
2.504	3.585	-5.893	-4.910	-6.988	2.963	11.358	-4.427	-0.185	6.504	-1.077	-2.299	7.075	2.294	0.640	-1.887	14.157	-19.218	7.619	-0.905	-2.719	9.725	1.604	7.946	1.624	0.683	6.276	-1.214	30	Cars
-14.211	-24.031	-13.595	-21.881	-11.354	-6.019	11.562	21.337	20.471	18.439	13.550	27.514	-1.815	-14.411	-3.823	-20.105	-12.923	17.327	-16.714	-26.698	-24.488	-15.220	-11.023	12.666	4.693	28.657	25.436	19.754	30	ScrambledFaces
-4.590	1.786	-4.451	-7.038	-5.004	-0.263	-17.410	11.213	8.839	-2.297	-1.469	-4.414	-18.199	-16.425	0.106	-3.805	-9.895	21.531	-10.006	-8.162	-13.068	-8.328	1.674	-10.324	9.683	21.272	16.058	5.725	30	ScrambledFaces
7.136	-7.559	25.359	-7.224	-2.124	0.704	18.049	0.196	10.456	16.070	0.990	7.489	0.456	1.738	3.325	-2.003	4.522	1.024	-6.893	7.811	5.002	-13.880	-13.219	3.339	-3.328	1.285	1.384	5.412	30	ScrambledFaces
-0.744	-7.496	-1.130	3.172	4.479	-3.941	19.723	6.281	4.666	26.261	13.101	15.030	19.752	16.017	-10.572	-2.109	-16.796	-32.403	-2.111	11.295	16.551	-4.235	-10.015	10.036	0.409	11.086	24.016	6.812	30	Faces
-7.628	-17.521	0.273	-16.247	-9.486	-4.551	8.040	4.984	17.390	13.829	27.490	17.028	4.782	-5.329	-7.739	-11.813	-9.670	-6.113	-12.829	-8.186	-9.537	-12.952	-10.267	-9.698	0.038	9.842	8.586	16.958	30	Faces
-12.254	-15.614	-7.911	-7.865	-7.632	-4.701	10.158	11.174	24.252	19.009	18.546	17.079	0.732	-2.992	-13.739	-19.423	-27.634	-4.162	-5.061	-12.692	-5.896	0.439	-1.960	3.599	14.908	7.508	25.118	20.330	30	ScrambledFaces
5.031	4.080	20.731	11.552	1.471	1.975	4.605	17.131	33.274	4.897	14.041	7.008	-14.710	-13.119	-8.765	3.007	-4.768	-27.533	-9.076	-7.600	-8.738	-9.657	-10.118	-13.771	-0.507	4.657	4.892	-4.278	30	ScrambledFaces
0.292	-3.716	13.173	0.349	0.400	-1.330	11.496	0.291	11.512	18.285	8.174	7.549	-4.942	-9.536	-13.362	-18.533	-6.233	-36.265	-4.591	-19.819	-13.313	0.572	6.331	8.795	7.010	12.946	20.568	16.850	30	ScrambledFaces
-7.653	-4.690	-6.930	0.406	-6.212	-0.271	-0.660	12.105	12.710	8.359	7.665	13.134	-7.891	-8.251	-10.785	-12.878	-10.412	-14.680	-1.215	-3.460	-10.403	-6.726	0.338	0.127	1.427	11.017	10.251	10.262	30	ScrambledCars
-10.652	-15.967	-1.454	-11.336	-6.473	2.832	3.091	21.410	21.551	3.531	16.546	17.681	-0.407	-3.434	-15.087	-25.948	2.370	-32.371	-16.143	-27.695	-11.077	-8.269	-4.378	10.829	8.241	21.937	17.053	23.162	30	ScrambledCars
-2.756	-11.488	-6.163	-8.629	-4.155	-7.964	11.685	-0.048	5.756	20.752	8.028	6.164	8.141	1.937	-9.434	8.692	-10.319	-31.328	-0.699	2.751	-1.487	0.677	-7.032	0.135	6.984	19.052	12.612	13.277	30	ScrambledCars
-4.859	-12.369	-5.694	-10.159	-4.167	-0.991	-2.057	-9.124	1.607	-0.884	-5.505	0.473	-1.226	1.067	-3.728	8.238	-16.938	3.282	-1.173	1.801	0.255	8.955	3.114	2.313	8.400	9.874	14.562	8.757	30	ScrambledCars
3.398	-6.043	-6.456	-5.938	-3.769	-9.234	-5.289	10.377	4.023	-4.093	-8.437	-10.343	-13.455	-9.023	17.641	29.725	20.460	29.925	7.464	19.955	-1.201	4.340	4.080	-3.178	-0.259	0.606	2.667	-12.172	30	ScrambledFaces
-0.410	1.203	-4.184	1.986	3.516	2.401	7.849	-1.734	-6.115	2.843	-1.848	-0.376	9.904	10.432	-4.115	-0.219	-7.973	-12.223	0.610	6.040	5.933	-2.616	-6.358	4.601	4.111	5.725	11.749	5.212	30	Cars
-5.203	-7.700	-1.486	-5.224	-6.416	3.421	9.808	10.887	10.612	18.087	22.770	18.683	-3.356	-8.102	-9.900	-11.288	-10.510	-18.279	-11.084	-11.261	-8.919	-8.203	-5.601	-0.341	5.979	22.650	20.452	24.360	30	ScrambledCars
-5.587	-10.441	0.580	-7.332	-6.913	2.344	17.927	11.085	12.134	12.563	7.830	9.914	3.421	-3.046	-6.273	-12.166	-13.154	-0.620	-9.139	-6.325	-9.663	-7.737	-3.400	8.720	11.857	24.717	20.494	14.013	30	ScrambledFaces
9.885	3.397	7.598	0.870	12.765	-6.922	3.714	-8.718	-10.609	6.638	-2.181	-9.421	2.087	7.636	3.604	25.772	3.535	-15.069	10.299	22.453	9.857	2.589	1.114	0.670	-13.990	-14.413	-11.954	-13.248	30	Cars
-6.500	-9.756	-11.731	-4.680	-3.435	-10.328	0.278	-3.407	9.894	8.625	16.003	19.893	2.355	0.890	-9.525	-0.424	-18.974	-16.211	-6.732	0.689	6.251	-3.893	-5.277	6.541	-2.041	10.142	13.458	7.814	30	Faces
-6.304	-9.861	-0.189	-3.522	-0.599	2.735	8.791	-3.298	10.570	12.043	17.844	18.393	-4.232	-2.408	-14.483	-10.831	-23.990	-21.881	-10.114	-3.205	-2.684	-1.808	-7.098	-3.293	-2.064	0.239	14.839	9.618	30	Faces
-9.741	-9.314	-25.814	-4.314	2.253	-2.833	11.228	0.991	16.193	23.472	15.753	9.036	10.939	4.542	-13.659	-9.864	-13.081	-37.409	-2.375	-7.007	-1.363	2.718	0.220	15.623	-0.375	19.835	23.110	11.721	30	Faces
-7.919	-11.132	-3.023	-4.743	-10.497	7.754	20.666	31.712	34.453	37.256	33.848	26.882	2.035	-12.522	-12.184	-16.975	-10.082	-22.643	-14.773	-10.622	-17.636	-18.747	-16.994	-9.570	5.744	25.900	22.571	26.721	30	ScrambledCars
-0.156	-1.406	-11.604	0.361	-1.974	-1.526	12.868	-3.532	0.129	18.424	7.688	9.875	9.566	3.863	-0.099	8.862	-8.539	-6.576	-3.720	7.136	0.440	-1.073	-2.376	8.799	6.059	8.656	15.748	10.339	30	Cars
-8.877	-13.105	-7.287	-5.409	-7.561	-1.663	7.250	16.062	16.593	14.052	13.587	17.760	2.102	-0.124	-4.542	-10.101	-7.232	4.065	-12.758	-4.966	-1.191	-12.394	1.599	-6.824	7.126	13.838	11.823	12.741	30	ScrambledCars
8.788	8.145	13.096	5.743	12.151	9.361	9.320	3.385	6.590	9.446	-1.848	-4.125	-0.804	1.396	-5.663	3.091	8.590	-42.729	0.954	6.364	2.125	-0.477	1.985	4.647	-5.869	10.923	11.396	-4.256	30	ScrambledFaces
-0.578	-6.016	3.881	-5.885	-6.002	-7.776	13.179	8.291	16.515	13.117	19.374	8.581	-12.835	-18.100	-0.323	-2.469	2.717	-1.837	-6.984	-10.632	-14.645	-13.948	-6.861	-2.226	1.899	5.535	4.784	5.686	30	ScrambledFaces
2.323	1.957	-11.927	-0.642	0.974	-4.248	2.820	3.331	-8.216	-0.451	-7.711	-7.175	1.346	2.575	9.349	15.447	13.771	5.703	-0.214	18.329	13.369	0.482	-6.620	-3.842	-4.375	-4.692	2.610	-5.368	30	Cars
-12.434	-6.553	-14.863	-11.740	-16.111	-7.806	4.498	13.060	18.668	16.869	19.530	21.575	0.105	-1.964	-20.467	-16.129	-31.373	-26.750	-12.273	-14.340	-10.951	-10.468	-5.818	4.856	16.322	22.780	22.377	16.376	30	Cars
3.295	-20.690	38.812	-15.139	-11.211	-7.875	11.310	4.928	14.399	16.840	22.914	26.008	-4.130	-11.513	-5.886	-18.453	-2.933	-8.075	-15.506	-12.760	-16.895	-8.552	0.187	12.619	20.357	33.843	38.458	29.919	30	ScrambledFaces
-4.178	-7.387	-15.245	-2.157	4.382	-8.733	8.397	-0.973	5.645	5.923	6.487	4.749	1.102	0.032	-1.089	-4.666	16.459	-19.855	6.142	3.731	0.268	3.944	-0.869	2.702	-0.858	4.499	4.385	10.304	30	ScrambledCars
-1.937	0.560	7.197	-4.456	-6.405	0.797	-1.377	-1.868	3.577	8.609	14.588	18.215	-11.806	-14.685	-9.968	-16.034	-15.100	-11.100	-1.065	-14.701	-16.792	-4.800	3.083	-3.543	2.151	1.322	16.765	14.050	30	Faces
3.601	-16.311	33.634	-6.442	-3.446	4.645	13.920	0.970	9.112	28.602	15.493	10.317	10.218	6.825	-5.615	0.488	-32.240	9.586	-8.658	6.333	4.192	-5.419	-6.363	0.956	3.681	6.363	9.246	7.410	30	Faces
-0.208	1.590	-9.595	3.982	-1.938	-3.585	-3.842	29.725	-21.987	-10.508	-10.717	-5.565	-7.938	1.237	12.008	22.373	3.425	34.734	1.765	13.465	6.481	0.831	-3.942	-1.005	-3.837	-10.859	-6.286	-9.220	30	Cars
-0.152	-4.648	1.843	4.700	16.313	3.998	9.899	12.123	1.559	12.207	5.636	-0.182	5.976	4.781	-3.224	1.171	0.701	-15.787	-3.364	1.978	5.442	-8.482	-9.002	0.182	-9.618	-6.302	-6.658	-7.022	30	Faces
-4.952	-4.846	-10.603	-0.566	-3.207	-6.674	-0.795	0.763	9.962	5.562	11.879	8.485	-4.161	-2.574	-2.866	-0.028	-5.201	-0.613	9.636	2.930	0.617	9.261	5.113	0.866	5.927	12.025	3.312	19.956	30	Faces
-0.129	3.061	-3.222	-2.966	4.989	2.748	1.835	-2.261	-0.389	-0.612	-1.384	7.899	14.057	12.063	-2.032	-6.866	-2.257	-8.799	-21.773	6.446	11.963	-5.579	-5.087	5.986	0.062	5.590	9.587	3.141	30	Cars
13.517	9.368	-5.581	2.087	4.357	-4.265	-5.023	-21.706	-10.743	1.599	-5.487	-4.448	6.984	10.045	24.760	38.381	15.000	34.170	15.109	32.513	19.003	8.016	0.894	2.278	-10.548	-1.605	-1.385	-9.265	30	Cars
-1.418	2.154	-3.487	6.290	7.270	10.736	5.626	10.421	9.504	12.627	9.422	12.215	3.475	-3.992	-5.070	-2.824	-12.084	-9.207	-6.519	-1.040	-9.291	-7.920	-3.295	0.589	-0.919	9.596	17.623	7.973	30	Cars
-15.562	-19.386	-11.245	-11.879	-6.542	-16.113	14.745	12.835	26.022	44.011	32.580	31.459	12.995	0.383	-22.568	-30.089	-41.483	-22.575	-25.075	-20.730	-10.790	-15.806	-10.222	5.282	13.317	37.506	29.194	34.765	30	Cars
0.127	-5.220	-9.337	-5.204	-4.035	-6.048	9.056	6.592	3.099	20.206	5.843	8.142	11.357	10.313	-5.977	23.615	-18.609	-21.896	-1.934	17.466	11.794	8.140	-4.520	9.480	-1.167	2.732	5.138	10.251	30	Cars
-3.192	-5.590	-9.849	0.696	5.400	4.816	8.919	-8.289	4.188	20.672	18.319	13.709	9.183	8.583	-7.434	-0.263	-13.627	-20.638	-0.622	8.706	5.948	1.973	-3.611	7.525	0.245	4.216	10.776	15.608	30	Cars
0.695	-5.303	-11.968	3.318	0.775	-5.572	1.802	-0.233	-3.211	1.853	-10.142	-5.187	6.145	7.263	8.846	16.087	8.806	9.180	4.896	18.366	15.794	10.141	1.220	9.266	-2.081	3.181	5.513	-1.591	30	Faces
0.627	2.981	4.015	-1.912	-8.579	2.028	-7.794	1.609	-0.672	-4.802	-2.068	-2.151	-10.313	-9.680	-2.905	3.954	-7.944	0.117	8.283	4.781	-4.951	4.772	4.607	2.306	7.075	9.757	8.219	7.267	30	ScrambledFaces
-4.536	-10.018	-12.250	-3.236	-4.984	-4.836	18.452	13.229	26.900	34.071	15.610	19.871	4.949	0.562	-3.078	-1.938	-12.722	-5.567	-3.577	0.974	-0.686	-8.611	-13.148	4.947	-3.750	13.529	19.604	19.165	30	ScrambledCars
-6.780	-7.536	-2.738	-1.482	1.367	2.689	20.017	19.093	23.856	25.690	20.512	17.651	-5.514	-13.668	-10.913	-12.779	-20.330	-11.384	-15.039	-19.727	-17.277	-16.245	-7.250	-11.678	-4.222	10.765	15.153	15.448	30	ScrambledCars
-3.451	-11.180	-4.386	-6.970	-18.383	-13.137	-8.465	3.166	5.953	-3.815	4.145	13.428	-1.603	-5.481	3.853	-14.028	31.043	-6.468	-7.040	-11.015	-8.783	-3.506	-0.278	6.123	7.882	17.636	15.297	9.736	30	ScrambledFaces
0.748	2.084	-17.732	1.697	-0.429	-4.498	-4.584	-6.842	-5.508	-10.513	-4.510	1.431	-5.638	-7.335	12.383	16.751	22.439	12.459	8.819	6.687	-2.415	3.337	4.390	-1.717	-0.049	-0.913	-4.310	1.018	30	Cars
-1.372	-1.495	-3.888	-8.724	11.201	-4.403	7.157	-0.639	9.121	2.610	17.342	9.421	-0.261	-0.790	-9.760	3.910	-5.274	-32.223	-0.352	6.084	1.048	1.807	-5.280	-3.606	8.396	12.214	7.622	19.040	30	Faces
2.799	6.096	7.558	3.817	7.058	6.908	12.072	-4.756	4.190	-0.646	-5.519	3.486	3.143	-3.889	-3.727	-2.716	-6.674	-8.532	3.119	-10.341	-13.008	-4.567	-0.731	-2.626	-3.611	-6.241	-6.896	-10.227	30	Cars
1.516	-0.116	-7.852	6.933	7.787	5.128	7.424	-14.389	-9.619	14.539	3.116	5.178	10.458	13.599	3.443	5.303	-6.673	2.956	3.054	10.166	12.915	5.268	-7.141	-1.765	-9.546	-1.605	3.918	5.330	30	Faces
0.992	1.036	-9.601	1.886	2.978	-0.348	-3.350	-9.667	-11.341	-1.161	-12.680	-3.827	3.060	0.529	15.233	4.540	2.584	43.639	4.524	5.147	1.619	6.088	7.821	5.422	-5.034	-10.374	5.555	-0.890	30	Cars
1.699	-2.741	21.698	0.871	-2.313	6.774	0.413	8.404	1.365	-2.357	6.883	6.973	-17.768	-12.573	-3.036	-7.395	-5.576	5.519	-3.364	-9.115	-12.900	1.761	4.722	-3.110	-2.006	2.868	0.613	-4.595	30	ScrambledCars
-1.278	-10.134	-4.074	-7.348	-9.230	-8.228	-9.961	7.582	9.066	-5.931	7.516	12.843	-0.577	0.530	6.375	10.517	17.041	6.455	3.900	1.836	-1.154	-0.722	-1.833	-5.880	-1.761	-0.634	-0.671	18.116	30	ScrambledCars
-0.574	7.792	-10.018	8.390	12.055	2.779	-1.488	-1.219	-5.364	-4.222	-0.334	-6.785	-10.655	-5.694	1.642	8.208	3.606	1.207	7.873	9.187	-1.038	3.941	3.622	-0.115	8.543	4.383	-11.133	2.003	30	ScrambledCars
-15.916	-16.780	-8.584	-5.948	-9.788	-0.150	-5.697	-0.040	10.120	-1.831	10.440	16.920	-6.471	-12.643	-9.764	-26.320	-22.467	18.181	-13.075	-26.711	-21.430	-5.564	-0.283	-7.701	22.175	34.082	23.259	22.191	30	ScrambledFaces
-12.131	-8.067	-28.206	-11.053	-9.355	-9.042	11.795	28.132	5.879	26.738	23.621	19.214	2.003	-6.370	-13.235	0.922	-30.103	-16.922	-14.739	-10.804	-14.383	-8.319	-13.111	7.397	16.410	31.860	36.578	31.558	30	Cars
-2.105	6.998	-1.243	6.135	5.023	1.992	4.776	2.723	3.656	5.722	21.382	12.996	-0.565	-3.035	-7.816	-17.426	0.278	-17.462	7.257	-14.882	-8.301	1.961	7.759	-1.918	0.639	-15.434	-9.121	2.507	30	Faces
0.488	-5.225	-3.989	3.215	9.534	0.617	9.324	10.543	15.424	10.773	12.964	15.669	-0.647	-2.620	2.034	6.791	15.319	-14.680	-0.723	5.173	-0.065	-12.105	-8.113	-16.444	-7.043	-8.584	4.273	5.861	30	Faces
-4.793	-7.335	-10.580	4.508	-3.511	-7.374	8.356	-7.534	-0.212	16.271	4.735	9.470	15.503	15.797	1.815	-1.410	-21.358	23.329	-6.607	9.952	14.627	-7.374	-8.479	4.270	2.626	4.634	4.870	3.885	30	Faces
5.990	5.381	-6.017	-1.225	-4.972	-18.633	-2.210	-3.276	-5.206	5.293	5.095	15.932	4.658	-1.691	16.464	5.910	18.429	24.943	5.193	7.712	-1.041	-4.381	-9.231	-7.677	-3.245	6.721	13.050	13.659	30	ScrambledFaces
-5.373	-6.392	-8.947	-6.312	-5.580	-5.010	-6.437	9.318	12.327	8.083	15.065	15.135	6.015	4.466	-8.597	2.822	-22.034	-10.147	-6.992	3.770	2.052	-6.598	-12.776	8.702	3.361	16.957	19.172	14.869	30	Faces
-7.777	-9.220	-6.102	0.223	0.835	5.433	6.936	7.400	14.911	12.643	10.795	13.998	6.557	1.873	-5.105	-9.920	-17.999	8.018	-11.773	-8.015	-5.612	-13.794	-9.141	0.865	3.783	6.631	7.123	11.105	30	Faces
-4.991	-9.465	-10.023	-8.234	-13.378	-4.940	-2.418	3.718	-4.335	11.572	-0.754	-1.650	-13.319	-12.052	2.801	4.968	0.363	13.072	6.018	4.871	-3.737	-2.538	-11.943	-6.583	-0.306	3.043	-4.316	3.475	30	Cars
-5.437	-8.584	-3.695	-2.086	8.839	-2.122	17.269	26.711	21.002	24.535	17.645	21.915	0.060	0.767	-7.921	-7.919	-9.508	-13.059	-2.175	3.397	3.289	-4.154	-4.696	-4.503	-6.182	0.761	3.830	14.103	30	Faces
-8.204	-1.212	-7.717	4.299	9.274	4.522	16.168	26.200	5.006	17.783	14.246	16.398	6.842	4.083	-10.654	-19.720	-19.347	-6.683	-9.662	-12.362	1.660	-7.688	-14.613	-1.437	1.108	7.833	3.012	6.097	30	Faces
7.313	4.827	10.069	11.403	8.086	12.885	13.842	8.979	3.879	19.002	8.924	7.108	-0.358	-2.766	-1.712	10.448	-1.139	-22.493	-4.459	10.869	-2.434	-4.884	-6.627	3.019	-13.421	4.634	2.630	-0.850	30	ScrambledFaces
6.341	16.461	11.838	5.379	1.713	8.555	11.139	13.950	3.848	11.690	-1.513	0.405	-6.646	-6.960	-1.905	-3.842	-5.801	-5.249	-5.230	-11.031	-7.545	-11.496	-5.498	-15.230	-17.287	-17.476	-13.297	-12.965	30	Faces
4.852	4.244	2.466	-2.522	3.415	-4.102	6.520	-3.725	7.102	13.905	16.757	11.197	-2.606	-2.040	13.243	-1.403	7.795	30.314	-6.784	-0.830	-1.011	-13.152	-9.073	-3.558	-1.169	1.590	1.829	1.833	30	Cars
-12.873	-12.141	-17.751	-6.817	-3.976	-13.321	9.177	9.986	16.709	18.322	23.004	18.238	9.543	-1.867	-10.882	-19.116	-25.152	-1.660	-19.347	-15.303	-11.510	-16.659	-4.927	10.978	7.292	20.736	20.778	25.267	30	Faces
-5.373	-3.717	-11.991	-14.157	0.754	-2.943	2.952	2.511	-0.834	3.631	2.730	16.666	8.209	3.741	-3.517	-8.992	-4.577	-2.491	-1.356	-6.903	-8.055	4.466	7.724	8.829	15.607	16.337	20.897	18.924	30	ScrambledFaces
-9.436	-5.652	-5.750	-3.398	-8.285	-8.102	-6.862	16.676	5.228	1.334	11.514	14.495	-5.003	-10.377	1.078	-33.476	3.805	26.281	-12.369	-22.293	-11.714	-6.398	-5.746	0.409	7.003	13.289	11.714	10.256	30	ScrambledFaces
-8.314	-13.285	-6.403	-18.175	-16.528	-16.873	3.618	8.737	25.864	20.362	26.130	23.847	3.708	-5.816	-7.950	-16.479	-10.286	-4.097	0.145	-9.985	-9.240	0.827	1.167	5.188	16.621	14.227	19.635	15.433	30	Faces
-2.470	-7.649	-6.859	-7.589	-4.982	-7.098	-10.769	-10.795	-7.967	-4.651	9.947	0.373	-4.047	-1.842	6.889	3.920	3.461	22.181	4.022	10.054	0.427	3.634	3.272	4.366	4.551	4.527	6.090	4.389	30	ScrambledCars
-2.451	-2.600	-0.589	-5.195	-4.293	0.080	-5.360	-7.181	7.107	0.347	14.785	-2.234	-12.092	-11.838	-5.454	-0.433	-3.474	-9.973	3.862	-5.935	-9.407	-1.337	6.597	-9.346	3.951	6.105	3.459	15.880	30	Faces
-4.692	-6.451	-11.084	1.458	-5.593	-6.635	-0.251	5.739	-4.977	-1.018	-3.921	3.314	-3.114	0.472	2.943	4.046	-2.649	15.432	2.574	7.406	2.287	5.575	-2.291	3.290	2.014	10.210	2.054	12.295	30	Faces
0.221	-5.868	5.790	4.642	10.326	-3.952	-0.363	0.727	5.440	15.212	15.236	10.600	10.294	11.066	-3.749	-4.494	-14.913	-2.938	-1.157	1.278	7.680	6.210	-1.474	9.539	-0.221	4.221	14.612	9.445	30	Faces
1.945	-6.397	2.898	-12.351	3.799	-13.620	4.535	-14.930	3.882	9.813	-0.309	0.840	4.720	-1.711	15.022	-0.871	-10.447	55.694	-7.062	-3.346	-3.923	2.776	-7.962	-6.416	-13.929	-11.198	-0.483	0.325	30	ScrambledCars
-4.212	-2.193	-20.566	-1.580	-2.797	-5.927	-7.645	-3.028	-11.775	-7.524	8.241	8.416	2.765	1.833	11.271	4.944	2.653	34.960	4.583	6.685	-2.444	0.458	-1.188	-7.344	-11.785	-1.519	2.768	0.831	30	Faces
-19.604	-22.442	-26.900	-1.984	-4.125	-4.082	23.382	17.744	36.516	46.496	47.777	42.913	28.097	14.553	-26.476	-39.191	-36.110	-44.246	-13.973	-24.050	-1.585	-8.094	-8.630	20.910	11.676	53.382	54.317	53.973	30	ScrambledFaces
-13.393	-12.666	-13.119	-19.978	-6.124	-4.228	8.691	3.297	17.261	23.888	23.571	28.265	-0.927	-3.597	-12.643	-31.021	-22.513	-2.198	-9.637	-21.992	-13.249	-1.330	-5.501	10.461	14.817	25.873	18.439	20.114	30	Faces
2.846	-1.793	-7.655	1.275	-0.141	-13.245	-2.308	-1.631	-1.459	-3.320	0.983	2.837	4.913	0.467	1.829	14.543	4.816	-13.868	13.325	16.097	4.745	11.925	2.709	16.515	-2.295	3.332	20.206	7.676	30	ScrambledCars
2.113	5.508	-15.703	3.369	7.766	0.348	4.641	-0.226	3.275	3.551	2.288	16.541	-3.231	-3.677	4.597	12.656	14.383	-12.992	5.363	9.859	0.823	2.990	-2.813	-2.866	-3.099	3.047	6.741	3.544	30	ScrambledCars
-9.505	-17.303	-11.025	-6.625	-0.746	2.733	11.442	0.946	12.076	13.256	12.880	11.664	13.756	11.190	-11.863	-8.895	-9.901	-24.630	-0.595	-4.059	3.481	2.767	3.497	10.937	6.546	12.929	10.244	11.186	30	Cars
6.079	7.103	0.217	8.602	12.318	10.688	3.833	-3.602	9.509	10.500	5.213	1.476	2.731	3.855	1.837	9.892	9.891	-20.998	-2.339	10.569	7.024	-9.853	-17.612	-9.245	-9.871	-8.836	-2.354	-6.934	30	Cars
-3.754	-11.907	7.987	-4.435	0.290	-3.263	1.096	14.522	12.262	6.380	9.166	6.078	-7.513	-9.037	-4.615	-19.189	5.422	-8.216	-7.212	-12.411	-7.104	-6.563	-3.421	15.778	8.017	17.476	20.675	5.218	30	ScrambledFaces
4.239	5.150	-5.980	-1.233	-5.383	-3.582	-7.738	8.387	-8.452	-1.612	-4.148	1.520	-0.733	-3.431	9.207	18.875	11.224	9.375	4.399	4.903	-5.390	0.824	3.873	0.592	0.437	4.870	4.853	3.827	30	Faces
-12.090	-6.151	-1.370	-8.764	1.989	11.624	6.753	12.030	15.653	-0.089	19.567	9.593	-9.801	-13.563	-11.245	-40.403	-14.748	7.547	-3.577	-30.953	-16.057	-2.130	-0.878	-3.351	2.891	19.063	12.007	15.057	30	ScrambledFaces
-12.258	-11.483	-6.426	-13.369	-10.177	4.039	-9.901	8.797	8.908	1.948	4.573	8.291	-4.484	-13.798	-6.726	-25.421	-13.372	15.246	-16.709	-22.768	-16.594	-11.632	-0.055	6.107	10.601	18.200	16.363	13.862	30	ScrambledFaces
-3.855	-0.924	-16.746	4.662	-1.508	-0.028	14.891	20.664	20.234	27.595	28.286	10.837	2.188	-3.544	-0.441	-5.199	6.391	-9.804	0.937	-5.703	-7.869	5.265	-3.930	-1.081	-2.563	2.002	5.695	12.970	30	Faces
2.378	-2.486	-0.423	-1.155	-1.143	-11.706	3.371	-1.514	11.298	9.205	2.163	4.913	-1.499	-6.618	2.436	12.074	-3.850	1.794	0.266	1.155	-5.524	6.043	0.413	0.112	-0.414	12.967	4.557	11.320	30	ScrambledCars
-5.225	-9.574	-7.050	-9.270	-0.089	6.984	3.190	4.607	2.257	12.306	14.527	10.852	6.364	0.854	-7.079	5.030	-12.516	-11.010	-1.738	7.180	3.988	1.745	10.630	-5.974	8.052	9.265	14.340	14.970	30	ScrambledCars
10.104	-2.122	19.234	-4.709	-20.386	-20.450	-24.503	-22.481	2.818	-5.845	9.266	14.104	-17.597	-22.495	10.711	19.910	10.982	13.106	1.071	2.494	-16.152	-17.842	-13.088	-18.418	-2.994	0.078	10.032	18.699	30	Cars
-6.632	-7.888	-8.720	-4.621	-4.056	-2.275	-2.050	-8.236	16.337	0.352	11.824	14.681	-5.384	-6.362	0.318	-13.282	-11.842	20.378	-13.669	-8.676	-13.153	-3.035	9.022	14.815	13.798	31.937	33.752	29.267	30	ScrambledFaces
-7.113	13.357	-18.450	3.131	-10.324	7.008	7.512	2.282	3.146	7.365	10.468	12.987	1.246	0.449	9.349	-18.526	-44.171	81.866	-20.574	-12.384	-1.087	-15.265	-14.376	9.830	13.839	24.561	24.235	28.859	30	ScrambledCars
-0.851	-0.545	-3.876	-1.988	-11.889	-10.790	-13.305	-2.522	-2.817	-5.784	2.608	4.286	-1.735	-2.658	-1.224	4.343	3.826	-9.556	-16.683	-1.120	-7.549	-18.947	-7.315	2.993	4.728	17.594	6.190	13.289	30	ScrambledFaces
-11.868	-4.728	-34.468	2.797	-0.673	1.333	9.369	14.118	8.016	7.972	11.685	13.582	2.262	1.565	-0.822	-8.056	0.029	3.464	-0.085	-1.713	1.463	4.107	1.742	10.535	14.911	26.605	22.596	19.428	30	Faces
-11.468	-27.120	-4.293	-14.902	-11.603	-3.481	6.914	21.853	12.404	13.796	18.245	15.878	-4.388	-14.178	-0.331	-18.964	9.943	10.307	-12.172	-22.303	-20.705	-9.034	-10.592	-0.412	7.813	21.979	19.099	18.264	30	ScrambledCars
-19.034	-26.350	-19.845	-10.587	-5.725	-8.854	10.456	16.796	11.944	9.341	11.107	29.469	10.803	0.932	-12.012	-29.833	-14.465	-1.044	-8.975	-20.932	-8.858	2.258	3.452	17.976	16.549	34.665	29.191	26.133	30	ScrambledFaces
-0.661	-4.065	-9.895	0.152	6.890	-2.573	-1.731	-4.388	-2.881	3.673	4.137	3.376	-3.684	-2.083	5.130	21.247	-6.202	13.949	2.996	8.879	-1.241	5.289	2.130	1.124	-0.775	-6.948	-8.065	-1.378	30	ScrambledFaces
-1.300	-6.874	-27.168	-3.590	10.988	-7.343	7.510	-8.331	-10.188	-1.586	-4.306	4.315	16.038	16.422	2.657	26.899	6.070	-20.182	9.189	25.613	21.518	9.144	0.290	7.982	-4.490	13.291	10.928	-2.499	30	Cars
-0.528	-3.326	9.749	-7.700	-10.034	1.442	-5.257	-3.670	-7.048	3.557	8.489	12.721	-5.472	-8.652	-1.373	-10.057	-12.934	13.533	-8.390	-10.461	-10.134	-5.578	-0.747	-1.792	13.501	20.685	30.048	23.183	30	Faces
-6.609	-10.845	4.048	-9.293	-10.132	-3.695	16.612	18.144	20.874	21.802	19.255	17.468	7.557	3.274	-16.436	-26.205	-22.599	-24.535	-13.053	-14.650	-1.040	1.535	-6.229	19.569	12.157	23.640	35.449	19.735	30	ScrambledCars
10.254	19.504	-2.759	12.143	-0.968	2.156	12.606	-7.122	-2.665	8.447	-4.959	-0.201	-8.595	-7.398	5.642	13.233	12.594	-14.543	12.964	10.193	-6.544	7.562	7.214	1.898	-7.040	5.067	-1.861	-4.710	30	ScrambledCars
13.696	13.969	4.444	16.309	10.300	5.469	4.885	-17.572	-5.356	-2.318	-2.951	-5.347	-5.828	-6.895	13.486	29.852	16.816	-1.268	2.871	22.206	2.815	-13.064	-12.946	-10.926	-10.440	-12.108	-2.358	3.072	30	ScrambledFaces
0.513	-6.711	-19.077	-4.849	-1.360	-9.650	-0.547	0.304	-9.117	16.788	8.626	-6.849	8.323	10.578	11.104	16.195	18.882	4.090	10.914	16.595	12.267	13.850	-4.999	3.750	10.550	22.608	16.397	15.147	30	ScrambledFaces
-0.547	2.233	1.697	-3.971	1.490	4.508	2.175	10.764	-7.799	3.962	7.759	10.913	5.889	5.877	-7.872	-8.529	3.204	-26.575	-0.674	-5.045	1.321	-0.381	0.727	0.168	1.767	-1.208	2.429	4.250	30	Cars
0.308	-2.403	2.185	7.003	10.263	-3.960	7.147	13.953	20.587	10.611	27.128	12.722	1.961	-1.708	-3.675	6.303	-14.242	-8.128	-16.835	11.229	1.462	-20.328	-22.385	-4.355	-4.190	16.897	16.052	13.242	30	Cars
-0.938	-6.017	-6.512	9.974	12.251	-7.185	14.663	15.488	10.498	21.232	19.366	12.506	13.732	7.374	-11.335	12.533	-21.052	-37.925	-16.886	5.524	0.320	-10.593	-13.988	10.431	-0.121	12.451	28.301	12.040	30	Faces
3.381	5.925	-1.888	-3.824	7.256	0.119	7.604	-6.300	-1.003	11.024	0.505	-2.093	-7.043	16.799	11.404	1.080	-8.901	39.613	4.450	5.318	14.128	6.241	-1.343	3.197	-4.779	-4.332	-1.458	1.288	30	Cars
-7.948	-22.996	-25.266	-12.815	-7.084	-14.160	8.473	-2.691	8.423	8.495	7.299	11.141	3.784	4.386	-1.071	21.184	3.697	-16.853	-3.982	8.580	3.857	3.799	0.988	13.576	10.818	20.340	14.107	12.276	30	ScrambledFaces
-7.642	-11.428	-20.839	-10.525	-3.422	-9.824	6.054	0.700	9.833	16.966	17.401	18.971	0.723	-4.268	-3.915	0.705	-4.628	-10.672	0.399	1.674	-3.488	-7.691	-4.968	1.963	-1.848	0.989	10.377	14.489	30	ScrambledFaces
-0.433	-4.137	-3.028	1.832	-4.131	-1.524	-7.300	-6.106	-7.693	-4.420	-8.072	-8.129	-12.904	-13.766	8.172	10.164	0.026	27.514	5.449	0.660	-6.244	8.159	8.844	-3.915	-7.057	-6.273	-2.965	-8.316	30	Faces
-4.851	0.798	-11.684	-1.403	-4.472	6.442	6.985	12.198	13.121	16.181	18.128	15.908	-4.769	-8.595	-11.463	-1.557	-7.557	-33.208	-9.552	-10.191	-10.689	-13.892	-21.271	-12.628	-6.488	1.070	-1.412	3.687	30	ScrambledCars
-6.198	-5.549	-6.803	-7.491	-15.765	-1.374	-8.367	5.253	3.755	0.212	11.605	5.316	-8.842	-6.718	-8.419	-0.034	-15.394	-7.569	-5.099	-0.034	-3.615	-6.751	-1.992	-3.604	6.139	18.929	19.176	19.189	30	ScrambledCars
0.240	-0.688	-4.964	-0.631	5.395	3.260	4.706	5.749	1.519	0.587	-5.030	-7.640	-10.957	-4.776	-4.084	5.451	9.884	-26.744	13.126	4.743	-2.017	19.777	14.554	3.816	-5.798	-4.401	2.631	0.969	30	ScrambledFaces
-3.149	0.069	-1.556	2.794	6.228	3.564	8.438	6.770	23.389	17.275	11.473	11.685	-6.103	-5.583	-7.114	-0.821	-26.356	-2.215	-21.824	0.441	-5.481	-34.164	-25.107	-17.235	-10.920	19.174	4.186	8.361	30	ScrambledFaces
-2.920	-6.374	-4.905	-1.754	2.622	-7.065	11.077	-14.761	1.406	12.780	16.428	9.603	21.663	14.412	-3.851	-11.191	-12.296	-4.216	-5.131	-4.544	1.708	-2.592	-3.124	13.089	1.598	2.310	6.318	13.831	30	Cars
-3.780	-0.583	-6.843	0.431	8.729	10.660	4.647	6.631	4.028	13.257	4.454	4.755	-0.571	-7.680	-11.316	-1.575	-15.158	-25.550	-0.866	-7.076	-10.977	8.155	-3.083	3.991	-0.533	7.266	5.977	5.313	30	ScrambledCars
-11.917	-12.470	-23.789	-10.902	3.865	-1.803	3.206	4.606	7.678	9.774	13.140	13.334	4.724	3.893	-4.248	-5.349	-16.932	10.258	7.784	6.084	7.117	4.864	4.363	1.603	3.362	9.768	13.379	17.862	30	Faces
-13.025	-11.249	-10.719	-7.471	-14.701	-3.212	2.258	20.259	13.102	5.970	18.022	10.975	-5.796	-2.204	-14.629	-17.594	-15.999	-13.150	-11.322	-12.040	-3.565	-1.773	0.017	4.414	9.762	16.622	8.700	13.932	30	ScrambledCars
-6.489	-6.487	-6.101	-2.869	-6.320	2.060	1.505	9.357	17.413	5.697	21.199	20.184	-1.854	-3.535	-15.465	-4.303	-13.808	-35.490	-9.735	-6.056	-4.130	-9.308	-4.256	9.068	0.250	6.436	9.806	5.569	30	ScrambledFaces
1.643	3.748	-1.650	-3.454	-9.818	-5.889	-5.884	-5.634	11.235	-7.903	-8.668	4.921	-14.571	-12.066	1.374	8.352	7.440	-4.159	1.882	1.964	-2.974	-1.347	2.775	-8.806	-5.002	-0.740	-8.881	0.760	30	ScrambledFaces
-1.353	-5.906	13.983	-3.749	5.611	4.780	5.244	5.377	12.038	13.463	10.921	11.146	3.255	1.803	-8.139	-6.870	-14.661	-5.228	-2.905	-4.081	-2.598	0.954	4.598	1.583	6.884	0.222	-9.102	8.718	30	Cars
15.105	20.132	10.334	9.982	15.905	15.310	4.021	-4.778	-8.234	3.641	2.039	-5.037	-7.654	-9.324	11.163	26.765	9.718	0.772	2.579	11.791	-0.806	-9.857	-1.059	-10.228	-19.927	-20.886	-11.771	-0.058	30	Cars
-6.374	-12.545	-6.749	-6.284	-11.299	-8.531	3.340	7.008	8.296	18.420	21.617	24.411	4.449	0.541	-6.103	-6.569	-10.598	-6.939	-7.759	-2.225	-5.160	-7.034	-4.215	4.227	3.250	15.688	15.746	22.453	30	Faces
-11.513	-5.927	-7.481	-7.641	-1.744	6.332	19.324	35.173	31.019	24.850	18.611	22.251	-7.624	-19.986	-18.271	-34.258	-8.652	-32.890	-19.169	-35.655	-24.959	-9.455	-4.664	6.709	10.842	26.652	23.060	17.977	30	ScrambledCars
-3.737	1.843	-9.827	0.693	-10.042	-4.437	-1.287	-7.107	-0.166	9.506	28.789	18.113	2.299	-7.412	6.399	-22.439	0.491	30.702	4.075	-18.631	-8.182	1.420	8.981	8.312	7.356	18.474	16.369	16.728	30	Faces
-27.414	-29.819	-31.674	-19.755	-0.319	-5.673	38.081	28.965	34.974	48.964	38.658	38.078	22.420	5.597	-24.275	-58.148	-35.779	-15.908	-21.978	-47.249	-16.725	-7.212	-3.259	26.207	16.466	33.158	36.747	32.730	30	Faces
-2.695	-0.911	-8.638	-2.417	1.737	-3.501	8.329	-3.235	-7.429	1.379	1.656	11.330	3.796	2.027	-4.886	-3.512	-5.716	-12.462	3.917	1.725	2.139	3.938	2.045	6.917	-2.432	3.437	3.781	12.046	30	Cars
3.981	-5.022	3.032	-6.460	2.461	0.858	-3.637	-1.900	-1.220	-5.180	-1.474	-2.473	-6.328	0.736	8.336	13.585	18.272	3.992	4.586	11.176	7.624	7.141	8.702	1.429	-5.945	-0.818	-0.733	0.355	30	Cars
1.227	-3.384	7.225	-0.849	1.313	-7.882	-12.524	-7.064	-13.226	-1.630	-10.768	4.017	-3.793	-3.877	7.319	-2.997	-15.852	41.015	3.317	-9.309	-5.079	12.160	10.196	8.312	1.121	9.934	22.074	13.167	30	ScrambledCars
-10.250	-8.949	-12.983	-15.604	-9.601	-8.294	9.608	6.666	18.023	22.530	40.370	24.344	6.620	-3.410	-15.949	-28.310	-14.726	-29.949	-21.914	-28.970	-19.462	-9.768	2.889	19.098	19.910	33.492	41.093	29.207	30	ScrambledFaces
3.149	11.403	-0.636	6.047	2.868	5.306	6.675	5.814	9.063	10.164	2.546	4.226	-2.148	-8.901	1.190	-1.245	-3.165	-0.472	-11.600	-1.360	-9.121	-14.642	-12.807	-3.417	0.810	6.919	8.560	1.297	30	ScrambledFaces
1.618	0.591	1.748	0.115	-2.967	0.252	-3.409	-0.983	1.418	-12.951	-4.224	2.747	-6.412	-7.130	5.920	6.954	7.841	11.907	-1.483	9.030	-4.960	-6.310	-8.099	-6.158	-3.193	2.025	-2.675	-5.629	30	ScrambledCars
2.641	-3.831	5.327	0.407	3.445	4.061	-2.351	6.469	0.417	9.155	9.369	8.923	0.959	-1.645	13.408	0.431	-0.317	42.352	-3.263	-1.983	-4.367	1.638	-4.631	3.264	3.827	12.343	22.557	7.492	30	ScrambledCars
-3.891	6.081	-8.191	1.785	11.133	0.672	5.719	3.756	-4.916	4.934	4.036	18.969	8.460	5.705	-21.032	-9.149	-19.762	-55.277	-8.915	-7.347	-3.061	-5.897	-2.049	3.999	2.218	13.681	14.315	10.093	30	Cars
3.352	10.217	-12.320	8.570	-3.066	2.113	-15.573	-4.911	-19.946	-17.111	-11.027	-11.626	1.708	1.905	10.355	16.819	16.551	10.067	11.920	6.507	4.106	7.173	2.349	5.867	-4.056	-16.071	-11.167	-6.486	30	Cars
0.268	3.138	-6.947	5.543	0.577	4.568	-0.247	8.622	-4.055	4.481	-0.864	0.110	-6.772	-4.905	4.908	7.353	5.750	9.406	14.511	2.806	0.395	13.150	1.204	-2.683	4.389	-4.830	-1.667	-0.147	30	ScrambledCars
0.380	8.486	-16.957	2.804	-3.586	6.041	-1.040	-5.618	-1.634	-8.942	5.970	4.819	-2.588	-1.504	6.524	11.503	7.575	6.194	3.078	10.920	7.485	-2.550	-4.781	-4.629	-6.099	-3.178	-3.212	-4.382	30	ScrambledFaces
-0.294	3.843	3.434	9.107	2.462	11.258	8.504	7.764	13.754	6.339	6.109	2.260	0.122	-3.521	-5.882	-14.735	9.385	-24.408	-5.028	-4.740	-3.772	-13.403	-8.352	2.212	5.797	3.828	4.810	1.357	30	Cars
12.655	9.025	8.470	10.636	0.582	-4.967	-7.559	-6.435	-18.683	-8.688	-3.370	-11.174	-11.257	-3.750	11.639	40.711	8.496	5.218	10.090	27.046	5.249	-1.667	0.199	-13.701	-16.612	-19.404	-11.825	-9.097	30	Cars
7.721	8.109	-1.251	2.335	-2.843	-4.599	-2.744	-10.060	-7.499	-1.999	-6.810	-6.918	-5.158	1.008	12.685	20.218	6.291	20.594	9.718	16.854	6.520	13.030	8.563	5.453	-6.159	-1.676	-5.345	-10.801	30	Faces
10.007	11.012	4.378	0.811	-1.796	-13.561	-6.199	-1.598	-4.741	-12.893	-9.546	-6.520	-10.191	-6.372	7.857	25.975	11.000	-2.490	9.015	21.122	0.028	3.044	-7.437	-8.726	-8.463	-4.058	-3.313	-13.730	30	ScrambledFaces
0.795	-5.234	18.019	3.235	-2.260	-3.823	-9.160	13.208	-6.464	-9.267	-9.462	3.413	-4.909	-7.586	-9.557	0.019	1.282	-26.549	-8.015	-2.973	-6.128	-6.744	-1.148	-3.627	1.967	5.140	0.940	4.159	30	Cars
-14.944	-15.521	-11.380	-14.127	-12.338	-3.890	-3.313	10.973	8.638	0.708	22.323	24.748	-2.254	-6.536	-9.045	-31.535	-10.082	7.506	-11.583	-23.242	-14.188	-2.283	-1.028	10.970	16.797	40.895	22.771	33.429	30	Faces
0.540	0.249	17.192	4.789	20.318	16.561	39.853	10.805	11.144	44.143	26.947	16.367	-3.485	-13.649	-6.539	-27.943	-17.278	-2.737	-21.569	-21.765	-21.614	-27.969	-21.433	-13.545	2.429	12.460	12.180	18.873	30	ScrambledFaces
3.874	-1.349	6.976	-0.622	-6.985	-4.031	6.442	-2.599	-11.804	14.955	7.522	14.079	3.692	1.811	-3.361	0.231	-0.842	-20.800	-5.203	4.771	-0.672	-4.853	-1.149	1.701	-2.242	10.592	16.031	2.582	30	Faces
-12.708	-13.262	-25.985	-11.260	-8.345	-3.928	6.239	14.143	10.817	16.261	27.727	20.296	-0.922	-4.255	2.819	-5.824	-13.573	33.157	-9.858	-6.477	-11.161	-10.366	5.814	-3.175	0.505	10.065	16.379	23.294	30	ScrambledCars
