FP1	F3	F7	FC3	C3	C5	P3	P7	PO7	PO3	O1	Oz	Pz	CPz	FP2	Fz	F4	F8	FC4	FCz	Cz	C4	C6	P4	P8	PO8	PO4	O2	ID	Condition
-3.304	-4.507	-3.170	-3.894	-9.209	-8.515	-13.683	2.139	7.773	3.875	6.051	10.073	3.560	-4.061	-1.318	-6.714	-4.275	-7.414	-8.939	-5.515	-5.408	-7.771	-6.957	-3.281	2.428	20.020	6.351	15.741	31	ScrambledCars
-0.317	3.545	9.653	8.278	-2.469	5.793	-5.503	5.456	4.397	-1.974	0.554	-2.832	-5.862	-7.681	2.457	-2.088	-14.667	3.515	-4.723	-8.388	-9.662	-6.927	-5.183	-2.385	-0.579	7.422	-7.129	-0.500	31	Faces
-6.595	-4.823	-4.950	-3.819	2.729	-2.788	-9.353	1.023	10.507	-3.433	4.241	3.771	-1.371	1.373	-10.335	-1.739	5.467	3.812	-5.312	-3.890	1.702	-2.628	2.554	-5.157	4.466	9.511	2.811	4.879	31	Faces
-9.315	-2.890	-3.603	1.443	-0.296	-5.854	-6.267	9.118	4.072	2.239	-3.727	5.067	-5.192	-1.615	2.520	-1.680	-4.036	2.842	-5.396	-0.589	-3.087	-6.728	-6.388	-6.173	6.896	8.340	0.722	5.442	31	ScrambledFaces
-8.207	1.581	-11.180	3.181	6.570	0.747	-1.280	-1.953	-1.009	5.659	7.547	-1.440	5.191	-0.459	-9.799	4.711	-2.231	-11.254	3.596	6.568	3.942	3.067	-3.464	1.899	1.070	1.541	12.459	4.679	31	Cars
-0.530	-4.112	-5.782	-3.019	-11.993	-1.360	-1.726	-5.498	0.357	-4.688	0.836	5.877	-8.169	0.564	4.321	-6.312	1.821	2.241	4.367	1.046	0.210	-0.463	-2.855	-6.338	4.501	7.259	1.797	6.537	31	ScrambledCars
7.491	7.808	5.923	6.052	3.527	1.834	9.724	-5.747	-5.792	-3.187	-3.174	-5.342	-5.700	4.460	-9.201	8.574	1.186	2.030	1.349	4.138	9.438	3.336	8.283	-7.911	-4.263	-3.839	0.249	-5.067	31	Cars
-0.186	-5.438	0.226	-1.771	-10.436	-2.779	-8.013	6.750	11.013	1.770	8.899	0.366	-11.973	-11.219	-0.887	-15.409	-9.786	-2.080	-9.910	-2.397	-7.162	-6.584	0.566	-1.342	6.697	10.976	-0.168	8.662	31	ScrambledFaces
-3.709	2.969	-3.464	5.723	8.402	2.690	-4.956	4.015	1.616	3.761	11.852	-0.718	-2.095	2.701	-4.852	1.030	4.807	-14.302	-0.636	7.986	5.487	-0.164	-4.977	-0.311	2.236	1.648	-0.508	4.482	31	Faces
-10.733	-5.393	-7.486	-0.754	10.835	-5.688	-19.584	5.930	4.720	2.149	11.430	1.745	0.462	-3.000	-9.788	-9.735	0.287	-8.988	-2.873	3.115	-5.623	-0.316	-2.681	10.114	8.934	11.391	8.267	11.043	31	Faces
3.948	3.758	-2.869	6.702	6.053	-1.195	16.010	-1.125	2.237	-1.078	3.995	2.102	-2.165	-2.358	1.673	0.517	-11.134	-4.632	-8.243	-9.410	-7.315	-7.405	-7.432	-0.658	-4.295	0.062	0.977	3.650	31	Faces
0.714	-2.610	-4.823	-4.537	-11.392	-4.235	-0.230	-6.686	-2.314	-6.781	-3.722	-9.313	-4.418	-4.518	3.435	0.962	12.003	8.341	8.463	4.946	8.470	2.544	0.875	-8.234	3.716	3.834	7.756	5.642	31	Faces
1.363	-5.313	0.011	-5.775	0.168	-5.208	-9.964	-0.455	-7.294	-0.630	-8.915	5.907	-6.676	-7.420	5.186	-3.403	4.772	5.557	-0.107	-21.739	-6.901	-1.321	5.390	-0.139	7.746	4.660	2.298	4.647	31	Faces
-9.826	-3.119	-10.628	-1.811	-4.436	-5.519	6.053	5.228	12.522	13.618	16.093	15.597	10.332	2.040	-13.805	-4.742	-24.076	-16.540	-5.300	8.598	3.650	1.393	-4.805	12.709	5.458	13.364	15.571	13.301	31	ScrambledCars
-0.074	1.112	2.517	3.918	9.637	6.858	-9.638	-3.322	-5.426	-4.576	-7.647	2.347	1.526	2.396	-2.578	-5.079	-3.087	-3.351	2.273	1.805	4.777	4.779	5.550	4.823	3.853	3.447	-2.128	-3.864	31	Cars
-5.395	0.967	0.919	3.780	-2.759	-0.736	11.084	-3.921	-3.005	0.773	-3.471	-2.155	2.211	5.248	-4.323	-3.397	-6.386	0.305	-2.034	3.721	5.212	0.034	-0.605	-0.766	4.671	9.895	6.291	1.568	31	Cars
3.880	-3.809	5.594	-6.480	-12.308	-2.094	-13.263	0.791	1.456	-3.051	1.549	-3.516	-4.249	-5.482	9.271	-2.186	-6.706	12.097	3.372	-0.754	-6.819	-1.477	-0.299	-3.568	0.041	-0.725	-3.631	-0.746	31	Cars
-1.657	1.374	-6.005	3.321	3.629	-4.510	-4.642	-3.266	3.258	-5.238	-8.247	-1.008	9.086	3.071	0.639	11.435	12.447	1.825	7.827	5.275	8.503	7.966	9.439	1.248	5.735	6.278	-56.943	5.110	31	Cars
-7.952	-1.487	-9.127	3.385	7.372	-6.133	7.792	-0.536	9.959	0.457	4.322	0.911	-4.554	4.463	-7.582	-3.230	-1.073	1.860	-0.249	5.043	-0.817	5.030	9.053	6.755	3.028	-0.459	2.970	4.965	31	Faces
0.670	-1.193	-3.052	-0.652	-4.149	-6.130	-8.249	-7.612	-2.212	-3.249	-2.995	3.422	1.639	-8.039	-1.670	-1.883	0.380	-0.061	-4.891	-5.313	-3.748	-1.211	1.813	8.874	7.458	9.319	1.227	11.562	31	ScrambledCars
-8.472	-5.080	-2.376	-3.321	1.912	-6.083	-0.657	1.751	7.357	0.723	4.875	1.774	0.531	0.963	-9.990	-5.340	-11.750	-4.798	-11.992	-7.247	-5.197	-6.026	-2.031	2.935	13.106	18.050	10.161	15.689	31	ScrambledFaces
-4.985	-1.923	-3.678	-3.203	-0.056	0.525	-18.627	6.337	2.953	-1.765	1.823	-0.912	-3.212	-4.908	1.453	7.862	11.130	0.561	4.184	-0.068	10.101	-0.078	-1.249	-9.655	3.036	-0.972	0.425	1.475	31	Faces
-5.190	-2.259	-3.291	-0.972	2.335	-8.678	-11.818	-3.014	3.867	-2.429	8.247	0.928	4.944	-6.792	-1.982	-1.276	4.284	-5.247	10.857	-4.285	-4.519	5.382	0.856	4.578	4.430	9.678	1.329	0.211	31	ScrambledCars
-7.032	-10.113	-8.272	-7.721	-8.760	-1.345	23.288	7.986	10.384	8.486	14.130	2.896	2.355	1.870	-9.058	-12.104	-6.627	-6.779	-5.630	-13.069	-5.393	-4.901	-5.669	-0.131	8.457	9.630	-23.465	13.038	31	Faces
-2.051	6.529	0.211	6.931	4.366	2.717	-0.879	-1.486	-5.784	-4.671	-3.909	-3.618	-8.738	-1.696	-5.096	11.584	3.353	-11.819	0.255	0.342	-2.971	0.680	3.947	-5.159	1.019	6.317	1.026	2.892	31	ScrambledFaces
-4.250	-3.674	-2.805	-6.914	-1.078	-11.201	7.031	-2.835	7.266	0.173	6.005	1.281	-1.194	4.234	-6.107	3.055	-5.768	-3.084	0.395	-4.010	-0.256	0.169	-8.358	12.785	5.090	10.394	4.004	7.667	31	Faces
2.921	2.332	7.776	0.791	-0.903	2.373	-8.447	-2.420	-8.073	-8.772	0.820	0.562	-4.772	-5.063	4.296	4.763	8.353	4.983	1.456	4.056	0.074	-1.928	-2.267	-3.154	0.841	-3.252	-10.641	-3.535	31	Faces
-9.113	2.830	-4.088	3.542	-4.101	2.917	-0.500	-0.663	3.140	0.983	2.392	2.542	-2.657	1.878	-7.841	7.675	2.221	-10.344	-0.290	5.547	3.175	2.410	2.878	-0.898	0.802	6.003	6.177	4.426	31	ScrambledCars
-13.344	2.818	-14.346	6.932	6.979	-7.543	8.423	-9.165	-19.991	3.861	6.281	9.739	8.293	12.990	-15.472	3.897	0.767	-10.914	4.527	11.374	14.398	7.663	-0.987	7.294	7.694	13.380	19.514	16.658	31	ScrambledCars
-5.427	2.512	-5.752	4.968	-2.143	-2.954	-8.990	-5.234	-4.025	-0.971	6.087	-0.701	1.079	2.323	-3.740	4.041	0.348	0.570	8.125	11.378	10.476	10.252	9.874	5.378	3.216	0.835	3.406	0.354	31	Cars
2.939	5.548	0.489	7.307	4.998	-2.065	-8.403	-2.465	0.211	1.109	3.995	-3.091	-0.619	3.702	2.823	2.762	-7.708	-7.961	-1.247	3.786	5.971	-0.034	-1.882	-2.467	-4.413	0.445	2.651	0.250	31	ScrambledFaces
-5.665	4.612	-3.880	8.443	8.213	-9.469	2.746	-7.332	-4.363	-7.180	-10.011	-7.767	-1.484	2.762	-2.176	4.752	13.810	1.092	10.175	12.616	11.877	8.017	1.645	5.506	5.241	4.167	2.472	-1.477	31	Faces
-8.651	-3.062	-5.627	-0.482	-1.711	7.765	7.818	2.473	-3.110	1.752	0.512	2.411	-5.319	-0.218	-6.304	-3.257	2.184	-4.080	-1.323	0.238	-0.200	-2.961	-5.539	-3.868	4.576	8.156	-3.168	6.602	31	Faces
-4.641	-1.621	-0.395	0.528	-0.399	-2.675	-0.548	-6.774	1.555	-6.073	2.624	-2.006	-10.268	-9.787	-3.233	-4.009	5.672	-2.326	6.682	0.623	-5.828	1.362	1.790	-4.333	7.999	9.250	1.999	3.892	31	Faces
-4.788	4.474	-2.082	6.653	5.631	-2.397	-10.617	0.584	-1.694	-3.107	5.324	-12.364	-3.849	0.085	-9.129	9.809	12.775	5.172	12.261	9.334	6.199	8.105	7.171	-3.707	4.112	-2.879	-1.138	-5.577	31	ScrambledFaces
-7.470	-1.800	-1.825	0.107	11.979	3.782	2.475	2.685	3.364	-2.244	1.147	4.154	-6.301	-2.532	-10.357	-0.839	-9.673	0.639	-5.039	5.107	-5.575	-2.954	-4.337	7.875	7.927	11.996	6.858	11.137	31	ScrambledFaces
-11.663	-1.880	-8.978	-1.989	-3.043	-1.879	10.402	-4.829	-4.515	2.521	-5.989	6.387	12.482	7.431	-12.841	1.824	6.541	-7.878	4.422	1.908	11.071	8.409	3.164	11.936	9.323	10.636	15.020	3.756	31	ScrambledCars
-3.026	-5.284	2.478	-3.886	-2.553	-0.861	-3.962	1.798	1.721	1.293	2.122	-0.647	-0.563	-5.927	3.789	-12.560	6.155	-2.493	-2.653	1.221	-3.543	-1.787	0.772	1.727	10.292	5.979	6.595	7.482	31	ScrambledCars
-5.338	4.651	-4.645	7.763	2.551	0.608	-7.853	-7.005	-3.516	-3.690	-1.445	-9.423	7.807	10.719	0.239	4.270	0.345	-2.543	8.627	19.320	21.868	9.208	1.907	0.565	-1.758	1.920	-1.675	-2.495	31	Cars
1.912	-1.634	-0.518	-4.027	-0.230	-1.652	-9.327	-1.213	-3.602	-2.882	10.645	2.873	-3.798	-0.332	3.133	4.794	-10.571	-0.765	-4.820	-12.010	-9.043	-3.877	0.667	-2.100	2.966	5.178	4.093	2.718	31	Cars
-1.234	0.254	-5.228	0.944	0.710	-0.366	-20.118	-0.863	-0.657	-1.973	3.083	-2.728	-0.996	-0.147	-4.514	2.990	5.158	2.977	8.020	7.339	3.240	5.703	5.206	-1.964	-3.140	2.541	-2.270	6.641	31	ScrambledFaces
0.994	-0.896	-0.841	0.778	7.861	-1.405	2.199	-1.628	-3.839	-5.160	-8.971	-7.244	-2.293	-1.432	9.255	-0.197	4.389	5.173	17.942	-1.162	1.566	8.457	5.800	-5.779	-0.846	-2.691	-13.401	-4.234	31	Cars
0.949	-0.438	-5.175	-2.363	1.947	-2.806	-4.926	-5.873	2.951	-1.438	0.457	-1.041	-1.440	3.425	-1.583	4.808	0.320	-3.394	2.109	-0.216	-0.363	-0.776	-4.717	-3.729	1.204	0.202	-2.203	5.238	31	Cars
1.950	-3.239	-0.393	-2.286	2.384	2.234	-14.542	0.941	21.487	-0.045	7.351	4.034	0.409	-3.159	-2.807	-8.652	-12.277	-9.580	-8.322	-6.237	-6.443	-4.020	1.708	-0.747	9.247	6.096	10.130	9.343	31	ScrambledCars
3.217	-2.693	1.609	-5.632	-8.037	-1.653	-15.479	-0.332	2.867	-3.080	-1.864	4.077	-0.834	-4.494	-5.227	-1.412	3.181	-2.965	-9.678	-0.142	-3.660	-7.202	-5.858	1.381	11.802	11.329	-1.133	8.732	31	ScrambledFaces
-4.094	-3.040	-1.164	-5.036	-7.491	-9.287	-17.909	-8.274	-7.337	-11.674	-4.884	-4.042	-10.958	-3.723	2.195	1.999	1.229	4.706	0.247	3.851	-0.608	-0.288	2.040	-1.331	12.000	11.472	23.457	7.926	31	ScrambledFaces
-3.762	0.912	-2.207	3.493	0.617	0.417	2.938	-5.875	-3.059	-2.612	-9.830	-7.484	-1.513	1.352	-0.635	-0.474	0.239	4.381	7.519	5.056	5.154	7.775	8.701	2.761	1.549	3.692	-0.828	-4.077	31	Faces
-6.544	-2.410	-2.788	1.856	-1.273	1.219	3.394	1.235	-0.770	-0.460	-4.300	-1.351	-1.342	-4.964	3.582	-6.085	2.110	2.756	1.423	0.607	-0.295	0.409	1.350	-0.281	6.010	1.499	0.063	0.176	31	ScrambledCars
8.240	1.819	1.402	0.328	-6.707	-11.187	13.607	-3.401	-4.441	-1.249	8.499	3.853	-0.029	-0.648	1.993	-0.979	-3.942	-4.069	-8.955	-0.095	-2.214	-5.595	-2.777	-0.918	3.923	6.485	1.572	4.443	31	Faces
-9.256	-3.783	-4.024	-2.365	1.535	-3.067	-6.943	-2.150	-0.815	-5.397	-1.555	-1.767	-5.266	-3.066	-2.202	1.485	4.678	7.454	3.559	1.016	-0.431	1.506	3.321	-3.169	5.343	1.587	-0.950	0.156	31	Faces
-4.894	-5.714	-4.862	-5.563	-8.155	-7.263	2.233	3.731	-8.514	-2.747	-2.708	-1.161	-1.617	-11.729	-0.667	-6.295	5.124	-2.771	-2.658	-3.075	-10.402	-2.809	-4.334	10.052	6.879	11.659	6.938	-1.009	31	ScrambledCars
-2.668	7.451	2.085	11.810	7.696	9.283	-5.147	-2.983	-5.465	-0.438	-2.875	-4.937	-0.820	7.169	-5.831	5.720	-9.454	-0.404	3.362	14.073	3.170	1.954	-5.898	4.340	2.575	4.052	-15.059	4.463	31	ScrambledFaces
-4.723	-8.552	-7.650	-6.426	1.992	-5.285	5.511	2.111	6.299	3.632	-3.711	10.429	6.929	6.565	-7.732	-13.816	-11.434	-0.799	-6.813	-9.963	-2.034	-1.532	-1.369	8.627	6.338	10.368	8.508	7.808	31	Faces
-1.532	4.220	-3.846	6.766	4.939	-0.578	-12.228	-2.159	-3.091	-2.855	-6.826	-4.059	-1.530	1.679	-8.176	4.391	3.232	-7.469	3.056	5.343	5.309	7.431	9.650	6.805	6.114	6.318	-0.553	6.317	31	Faces
-0.722	3.659	-1.351	4.463	1.460	-0.839	-13.248	-0.066	0.532	1.477	0.862	1.456	-3.246	-0.774	-8.879	6.050	11.705	-2.865	10.304	-3.204	-1.137	5.497	4.726	-3.424	1.782	4.808	6.029	4.209	31	Cars
-0.994	2.715	-4.528	4.384	3.925	-1.567	6.270	-0.407	-2.808	5.218	5.956	13.326	2.214	-0.325	-2.609	1.096	3.478	-4.772	7.720	8.211	0.806	1.342	-8.081	-1.213	-1.196	1.639	1.074	3.524	31	Faces
-5.220	-4.888	-0.854	-3.280	-3.691	-1.962	6.153	-0.301	0.426	-3.463	2.290	-5.176	-2.138	-1.970	-7.116	-8.900	-10.657	-7.556	-4.130	-3.579	-6.443	-3.447	-2.758	0.410	5.358	44.815	-0.161	8.175	31	ScrambledCars
-0.724	-0.902	-0.563	0.835	2.885	0.988	1.420	-0.760	-8.805	-4.281	-10.817	-10.770	-0.406	2.524	-1.371	-4.667	3.760	1.369	2.369	2.212	-2.433	0.875	-1.151	1.343	3.884	-2.982	-0.150	0.670	31	ScrambledCars
-10.702	-5.493	-11.284	0.102	2.895	-0.945	2.481	3.851	11.676	0.755	1.796	1.118	0.131	-1.166	-7.933	-8.577	-0.453	1.658	-6.511	-1.023	-0.268	-2.271	-2.472	7.808	6.491	5.768	4.547	6.621	31	ScrambledFaces
0.766	4.038	-1.330	3.212	-2.281	-4.054	0.011	-8.464	-5.798	-8.455	-0.013	-5.499	-3.642	2.544	-5.009	9.169	9.018	11.483	8.824	9.445	9.957	3.442	-1.063	-6.238	-5.446	-0.992	-0.082	1.142	31	ScrambledCars
-4.618	4.716	-6.144	2.786	-2.518	-4.234	5.066	-4.289	-2.655	7.398	1.938	-4.998	5.792	4.727	-6.389	13.638	3.347	-5.904	5.191	8.561	3.395	5.081	-2.655	8.146	1.824	2.654	2.537	3.362	31	ScrambledCars
-8.210	3.231	-9.762	7.285	7.339	-3.344	-8.364	-1.141	3.560	1.150	6.212	-3.240	7.371	5.073	-6.691	4.813	17.677	-1.774	7.022	11.719	11.775	8.593	4.373	7.312	-0.582	3.931	3.599	4.036	31	Cars
-4.539	-2.502	-0.084	-0.889	-2.847	-4.535	-5.011	4.322	3.738	1.321	7.547	7.162	-1.483	-5.471	-0.240	-5.895	0.280	-9.003	-9.133	-1.016	-1.674	-8.740	-11.212	-1.412	2.608	11.087	2.823	12.075	31	ScrambledCars
0.754	0.211	5.148	-3.568	-3.203	-1.867	-1.730	-2.765	-3.682	-3.406	-12.128	-0.997	-6.170	-7.089	3.619	6.305	-4.646	0.879	0.937	0.419	-2.417	-0.162	2.237	-2.185	-1.984	0.649	-4.937	-0.227	31	Faces
-3.414	6.259	4.494	8.242	5.971	0.685	1.541	-6.565	-7.505	-5.663	0.899	-10.397	2.511	0.687	-2.406	5.308	6.975	-1.157	7.591	10.613	11.436	4.967	2.286	-5.599	-1.011	0.305	0.110	-8.264	31	ScrambledFaces
-4.784	-5.718	-3.410	-5.710	-3.996	-8.315	1.175	-3.747	-3.039	2.738	1.359	2.025	5.807	2.131	-5.242	-7.301	0.410	2.406	-0.431	2.922	-1.024	0.704	3.556	-3.179	9.198	6.168	5.927	11.263	31	Cars
-3.925	-3.714	-9.548	-2.879	1.798	-1.812	11.977	-4.673	4.215	0.479	2.394	6.199	3.296	4.253	-8.392	-5.638	7.296	-10.447	-4.067	-3.385	1.517	-0.089	-2.100	7.055	6.235	8.510	4.449	13.256	31	ScrambledCars
-4.511	0.515	-2.231	2.035	7.914	-1.532	10.683	2.291	-4.207	-2.629	-5.977	-5.541	6.562	3.330	-1.068	3.559	2.747	-0.031	6.374	3.323	3.217	4.929	3.674	0.103	4.342	2.627	-5.638	0.465	31	Cars
-12.183	-3.522	-12.524	0.488	1.496	-2.163	7.912	-0.500	8.922	0.689	6.292	1.954	3.134	1.768	-6.995	-0.495	-4.522	1.903	-3.593	1.909	0.103	-2.606	-4.764	-0.199	4.972	9.016	4.063	6.461	31	ScrambledCars
-11.540	-4.338	-11.148	-5.351	-1.449	-7.381	10.199	-2.051	1.950	-4.037	4.273	2.551	2.095	8.328	-6.883	7.413	-10.905	-4.577	3.718	7.969	6.759	9.476	9.357	11.357	9.872	13.513	-5.536	14.124	31	Cars
-2.682	-0.636	-8.757	1.119	-1.507	-3.534	-19.823	-6.807	-2.807	-2.071	1.018	2.045	5.088	2.363	0.504	2.552	8.130	5.878	7.475	8.815	10.173	7.521	4.609	5.748	1.717	4.523	-12.139	2.230	31	Cars
-8.201	-4.923	-5.548	-0.946	-0.464	-5.473	-1.028	-0.474	1.282	0.634	7.441	7.898	-5.304	1.958	-7.347	-8.665	-0.509	1.362	1.834	2.425	0.452	1.944	1.098	2.996	8.357	14.258	1.112	9.703	31	ScrambledCars
-3.147	-0.077	6.171	2.852	9.514	6.504	15.732	1.884	10.469	3.362	2.699	4.419	-3.434	-4.331	4.018	-8.532	3.089	-9.740	-3.563	-5.434	-6.231	-5.169	-3.684	-6.589	-0.147	-1.309	2.524	-1.259	31	Cars
-6.391	-5.230	-6.402	-1.258	4.633	-4.139	-2.628	-0.958	2.262	3.440	-3.576	11.808	3.266	2.879	-1.490	-8.833	5.785	0.913	-2.307	-5.129	4.582	2.624	5.875	6.491	3.305	6.472	-8.910	8.818	31	Cars
2.000	-0.371	4.023	-1.392	-3.204	3.221	-4.260	0.251	-5.999	-7.063	-2.455	1.789	-0.281	-3.185	-3.309	1.371	10.243	8.840	6.095	-0.074	-0.466	2.178	5.068	-6.106	1.858	-0.265	-7.522	-4.839	31	ScrambledCars
-0.317	-0.560	-1.349	2.077	-6.013	-8.080	-6.106	-4.537	-1.519	-3.474	-3.236	-1.237	-4.361	-1.899	4.435	-1.391	7.446	8.249	3.255	-0.388	1.202	1.043	4.044	-5.558	2.813	1.479	-13.464	-6.629	31	Faces
-10.626	-8.894	-7.896	-6.124	-5.695	0.350	-0.215	9.603	14.782	8.789	8.561	8.816	6.580	-2.240	-7.505	-11.049	-13.200	-5.363	-7.570	-6.465	-8.078	-3.913	-1.458	2.692	9.277	10.653	6.338	15.809	31	ScrambledCars
5.996	9.348	4.073	13.660	6.354	2.171	-9.908	-0.618	0.824	1.302	-7.814	-4.493	-6.877	-5.431	-0.039	4.318	-3.196	2.080	5.239	5.234	5.549	1.897	0.235	-3.060	-4.698	0.965	-7.755	-0.504	31	ScrambledFaces
-8.386	2.476	-4.084	4.441	6.329	-3.324	-9.940	-1.986	2.000	1.511	12.324	4.484	-1.101	2.492	-8.710	6.581	-4.997	-7.240	-5.705	4.671	2.650	-2.396	-7.423	8.388	10.275	15.108	9.388	9.353	31	ScrambledFaces
1.139	0.014	-1.307	0.215	-5.312	-5.363	-1.379	-0.975	-2.839	-7.294	-0.014	-7.253	-14.506	-8.734	0.057	4.603	5.654	14.909	5.519	6.781	-4.474	1.391	4.366	-2.199	3.735	3.508	-7.617	-4.305	31	Cars
2.429	-0.059	-4.106	2.495	5.366	-1.762	2.792	7.982	1.851	-0.294	4.074	-8.946	1.291	-2.979	-2.950	-0.928	-6.771	-3.696	-4.078	-3.652	-1.816	-2.087	-2.396	5.754	6.465	3.087	-11.255	2.624	31	Faces
-9.471	-10.378	-13.547	-9.773	-9.490	-9.332	-1.129	-5.198	6.342	4.095	7.253	15.278	2.685	-6.531	-4.343	-6.752	-2.491	-2.443	-1.289	-12.802	-4.258	1.051	3.832	7.077	15.866	18.669	6.541	15.111	31	ScrambledCars
0.261	1.984	0.111	2.746	-2.374	-4.130	7.256	-1.605	-2.324	-4.265	-1.734	-4.708	0.743	-2.255	-0.032	2.750	-5.142	2.548	-3.947	-1.509	-5.928	-1.909	-1.760	7.591	0.567	4.519	-0.974	-0.596	31	ScrambledFaces
-13.074	-3.023	-13.410	-0.829	-4.863	0.592	-2.955	-6.382	1.266	3.196	3.580	1.450	8.065	3.503	-1.930	3.641	8.614	4.130	0.601	2.301	8.782	5.073	6.190	5.603	7.255	6.291	6.988	7.075	31	Cars
-6.266	-3.809	-5.903	-1.848	-8.547	-6.898	-13.452	-2.510	23.776	-0.216	5.638	4.650	-0.375	-4.216	2.795	-1.537	7.402	3.350	2.842	-3.939	-5.491	0.976	1.622	2.577	5.522	11.127	0.997	2.833	31	ScrambledFaces
-1.808	-1.850	-0.640	1.474	2.432	0.304	0.478	4.341	7.979	0.489	1.985	10.553	0.904	3.748	-8.464	-9.855	-11.451	-5.311	-2.915	-3.439	1.236	-2.054	-4.151	-0.281	2.656	3.494	9.187	7.094	31	Cars
4.201	-4.291	2.674	-1.816	-4.005	-3.223	0.868	4.769	12.935	-0.893	-5.187	6.291	-10.496	-4.234	5.452	-12.726	3.686	-1.658	-2.400	-17.560	-9.908	-4.009	2.058	-3.571	6.226	7.917	3.504	9.606	31	Cars
-0.302	0.449	0.316	-2.800	-1.834	-3.409	-9.123	-6.390	-2.909	-1.987	-4.736	-1.809	-6.206	0.119	-4.058	5.776	6.464	-2.807	4.254	0.831	-2.115	2.037	-1.103	3.267	4.364	8.746	5.100	4.607	31	Faces
0.768	4.743	2.610	1.947	8.481	11.142	12.854	-0.586	2.077	-0.673	2.789	-8.300	-2.674	8.617	-2.873	7.588	8.759	-11.321	7.496	16.091	9.742	4.226	-2.200	-7.026	-6.402	-4.353	-6.691	0.620	31	Cars
1.200	9.010	5.284	11.583	12.701	10.319	-24.377	-1.482	5.391	6.149	4.651	6.018	4.513	4.524	-2.380	7.005	-0.487	-11.102	-6.918	6.136	11.930	-7.038	-13.044	-8.908	-2.151	2.623	-9.759	7.540	31	ScrambledCars
-3.170	1.079	-5.592	2.568	0.856	-2.655	-10.981	-3.410	-0.087	1.146	3.525	1.680	-0.371	0.446	0.145	3.265	2.712	0.846	2.764	4.712	4.087	0.554	-2.972	-1.909	2.897	5.841	6.538	3.991	31	ScrambledCars
-3.481	-7.931	-4.933	-9.335	-8.034	-25.394	8.352	9.179	5.467	5.359	8.129	1.493	1.456	-3.800	-5.226	-3.429	-5.314	1.528	-5.822	-11.514	-7.940	-1.343	5.490	5.481	8.084	6.721	2.509	10.207	31	Faces
1.969	3.449	11.387	3.648	-2.801	4.871	-4.439	0.785	0.902	-8.570	-12.823	-17.067	-7.308	-2.231	1.059	0.765	7.715	5.320	2.412	3.659	1.332	0.208	3.746	-8.071	-2.631	-5.382	-4.658	-13.333	31	Faces
-9.260	-8.223	-9.441	-6.005	-10.419	-3.532	1.270	-1.451	7.384	0.615	6.834	7.096	-1.302	-0.597	-1.488	-8.591	-18.623	3.510	-7.203	-1.187	3.440	-3.049	-4.371	6.793	8.580	11.566	8.446	12.594	31	ScrambledFaces
3.397	-2.308	4.771	-4.725	-11.635	1.870	-11.200	-1.909	1.132	-5.946	-2.308	-4.084	-11.017	-13.068	1.920	0.554	1.062	14.873	0.284	-3.913	-6.848	-4.969	-3.657	-2.780	3.065	2.132	1.825	3.113	31	ScrambledCars
-3.540	2.861	-2.041	1.278	-9.598	1.437	-2.143	-3.369	-7.953	-2.182	-7.677	-5.870	2.255	0.691	-3.098	6.225	6.336	-10.781	-2.188	7.162	3.737	1.969	1.798	3.508	2.427	2.783	5.007	1.643	31	Faces
0.685	-0.867	-6.200	-1.545	4.405	-1.719	-3.322	-4.710	-4.425	-6.542	-1.449	-14.642	-0.424	-2.542	-3.994	2.250	7.393	3.499	7.894	4.951	1.791	5.758	5.900	-0.192	0.682	1.272	1.782	0.075	31	Cars
-8.805	-3.913	-8.174	0.927	0.956	2.103	8.202	6.553	2.063	0.385	-1.681	4.462	-0.101	2.107	-6.722	-6.281	-5.564	1.140	1.283	-4.717	1.075	2.287	2.969	1.007	3.916	-0.501	6.022	-2.712	31	ScrambledFaces
-9.946	-5.401	-3.588	-1.333	-10.598	2.220	1.157	5.566	4.307	-1.278	-4.059	4.797	-13.724	-11.907	-1.209	-15.524	-9.196	-3.207	-0.790	-5.532	-5.448	-4.027	-6.932	0.676	6.852	8.354	53.861	3.650	31	ScrambledFaces
4.865	8.577	4.054	8.885	1.455	1.914	9.209	-6.536	-3.831	2.126	-0.784	-3.071	-2.998	-4.575	0.059	8.091	5.771	-0.165	1.991	2.465	-9.080	-5.886	-11.357	-8.517	-4.702	-1.813	-2.321	1.485	31	ScrambledCars
2.162	2.923	2.173	-0.089	-9.079	-5.679	-7.507	-5.182	-8.804	-8.960	-11.221	-7.264	-4.818	-5.308	9.390	11.827	15.305	8.778	5.672	2.691	-4.523	1.222	0.555	1.156	-0.066	-3.286	-5.551	-4.166	31	Faces
-3.755	-1.327	0.451	-0.855	1.169	-2.358	8.772	2.996	8.972	1.638	4.609	3.767	6.518	2.162	-9.161	-2.590	-6.612	-4.058	-7.347	-1.620	5.014	-2.060	-1.275	3.963	5.137	10.429	6.103	5.089	31	ScrambledCars
-3.229	3.729	5.461	4.870	-1.995	1.517	-7.108	-3.260	-0.337	-7.614	-5.819	-8.996	-7.003	0.040	0.430	4.351	8.053	5.955	6.733	11.542	4.625	3.072	-0.070	-1.542	0.197	-1.813	-2.883	-7.864	31	Faces
2.234	0.655	1.359	4.940	3.857	-6.585	-11.278	0.588	6.883	0.288	4.884	4.141	-0.005	-7.512	-1.275	-3.748	2.045	3.385	-8.374	-12.454	-12.524	-10.812	-5.703	-10.498	5.852	3.878	-5.521	9.393	31	ScrambledFaces
-4.589	-1.566	2.630	2.190	2.857	-5.802	-8.846	-1.486	0.052	-2.464	7.141	1.549	-2.278	-2.214	-3.958	-5.530	-2.320	3.225	-3.026	-1.562	-2.846	-3.143	-0.564	-2.543	8.598	11.202	-1.605	9.964	31	Cars
-1.229	2.462	-10.600	0.927	-1.678	-2.747	-14.181	-4.721	5.014	-0.178	2.116	-0.183	0.783	9.976	-7.400	11.614	3.404	-6.359	2.407	0.966	6.827	4.951	0.669	6.013	-3.071	1.070	-1.032	5.777	31	Faces
-1.259	1.048	2.118	1.437	-5.571	0.762	-8.306	-1.748	2.477	1.151	-6.190	-0.211	3.177	-7.492	-3.562	0.886	5.601	-3.782	-3.457	-8.960	-0.445	-1.337	4.848	-3.319	5.724	3.472	4.214	4.345	31	ScrambledFaces
-10.056	-0.597	-1.721	1.611	-3.890	-1.118	-7.491	4.955	7.038	4.511	3.218	2.149	-3.322	0.844	-11.967	0.227	-5.854	-5.488	2.822	7.194	1.780	2.216	-1.301	1.397	7.741	10.130	4.681	11.507	31	ScrambledFaces
-12.763	-7.697	-13.792	-6.455	2.498	-4.646	10.746	6.020	13.818	11.763	14.653	15.074	4.848	6.138	-10.194	-7.962	-12.299	-20.625	-2.515	3.415	6.759	0.252	-3.949	-2.563	6.595	14.239	15.806	21.572	31	ScrambledCars
-1.995	-7.662	-0.384	-7.951	-5.278	-3.506	-1.709	4.595	-1.564	0.986	11.119	1.241	-5.319	-8.415	-1.707	-5.567	-5.902	2.303	-3.872	-15.548	-12.921	-4.796	-3.158	6.269	8.820	9.029	-14.790	8.094	31	ScrambledFaces
-3.592	-1.767	-3.001	1.060	2.623	-1.057	6.048	9.035	-3.309	-4.712	3.684	-3.614	-6.562	-2.709	-5.203	-1.650	6.023	-1.430	-0.332	-4.005	-1.159	-1.437	-1.876	0.877	4.078	0.693	-6.731	3.349	31	ScrambledCars
-1.818	-1.094	-0.110	1.210	4.959	5.555	-2.517	8.360	5.815	3.496	2.979	0.967	9.647	0.890	-9.148	-7.367	-5.532	-7.598	1.746	-0.726	1.710	1.228	-5.144	6.985	1.140	5.577	2.551	6.807	31	Cars
9.810	7.078	5.739	3.833	-4.686	-1.137	-3.548	-8.748	-3.360	-5.596	-13.196	-6.775	-3.692	-6.472	8.709	9.696	7.723	1.724	2.936	2.919	2.545	-2.860	-4.580	-10.830	-7.354	-2.584	-1.361	-5.534	31	Cars
-0.017	0.416	-0.621	-1.455	0.066	-3.289	12.205	-6.962	-1.479	-5.354	1.665	-4.480	-1.128	-0.600	-0.002	4.231	0.238	5.092	1.070	7.217	6.143	-0.879	-4.871	-1.858	-2.233	-3.485	-4.564	-1.766	31	Cars
-8.602	-10.615	-9.677	-9.878	-1.647	-0.492	10.005	-2.198	3.307	-2.684	1.379	2.245	-2.037	-0.562	-7.209	-10.964	-4.587	2.852	6.641	1.104	-5.164	5.133	6.082	2.104	9.993	12.973	5.718	9.708	31	Cars
-2.508	2.747	-10.262	6.221	-3.592	-3.473	-9.603	0.122	-1.637	-0.081	8.652	-1.982	3.181	4.694	-8.278	1.877	0.798	-12.661	4.607	4.748	4.708	7.383	9.496	-1.285	5.413	8.679	5.028	5.724	31	ScrambledFaces
-1.367	2.198	0.044	4.332	5.812	-3.072	2.404	-1.359	-0.722	-1.342	6.495	-14.430	-7.311	-4.055	3.235	0.336	0.713	-2.326	-9.641	2.635	-5.042	-5.428	2.151	-5.660	-1.921	0.985	4.642	-0.971	31	ScrambledCars
-2.388	-9.357	-2.836	-10.124	-10.728	-3.157	4.360	9.029	11.432	3.868	8.090	2.719	-2.231	-6.083	0.385	-8.900	-4.873	-1.006	-7.824	-12.793	-9.511	-8.343	-3.929	-5.756	13.339	13.057	4.472	7.436	31	ScrambledFaces
-8.712	-4.209	-4.262	-4.563	-8.936	-5.423	16.532	-3.681	-1.067	1.988	6.742	11.974	-0.407	-5.473	2.042	0.581	3.199	-0.819	4.647	-12.116	-4.207	0.086	-1.543	-0.547	7.346	13.506	13.057	9.863	31	ScrambledFaces
8.674	5.049	10.150	6.708	0.884	7.676	6.452	2.997	-5.067	-4.658	-4.572	-12.347	-7.387	-9.821	4.427	-3.798	5.659	-0.423	4.299	0.638	-0.072	0.358	1.331	-3.422	-6.089	-3.316	-9.114	-7.916	31	ScrambledFaces
-17.726	-5.243	-13.440	-3.738	5.033	-4.605	-9.396	0.910	5.383	1.214	7.764	2.497	3.691	8.196	-15.972	0.531	-3.295	-16.974	0.825	2.731	8.435	6.683	2.328	11.467	13.919	14.074	20.622	18.489	31	ScrambledFaces
-5.392	-2.580	-4.808	-0.940	4.364	-7.064	1.398	0.894	0.998	-0.937	-3.219	9.069	2.287	3.134	-6.735	-1.832	-2.360	-5.338	1.140	2.728	2.387	2.511	2.439	0.734	8.797	8.480	-3.388	5.906	31	Cars
0.425	2.577	2.346	4.211	0.603	-3.747	-20.559	-7.692	-5.384	-7.059	-6.688	4.778	-7.946	-6.942	4.850	1.160	15.586	7.777	8.634	6.294	-5.719	0.999	-0.915	-3.987	-1.991	3.109	0.916	3.240	31	Cars
-0.711	4.823	-1.039	7.260	2.246	3.430	2.547	-3.157	-0.115	-2.260	-3.636	-6.260	-4.403	-0.072	-5.187	3.014	8.894	-1.770	9.688	10.354	3.974	4.790	1.431	-5.872	-3.673	0.918	-7.818	-1.266	31	Cars
1.296	-5.231	0.988	-3.274	-6.892	-3.248	-13.074	2.443	-5.427	-2.069	3.017	-0.444	-8.178	-8.226	2.426	-10.856	2.464	11.987	4.820	-4.242	-2.276	0.209	3.869	-5.505	4.903	2.522	6.866	4.956	31	ScrambledFaces
-7.586	-8.528	-2.755	-9.668	-5.730	-4.849	0.649	0.029	8.154	3.558	4.234	6.707	-9.557	-12.206	-7.410	-7.617	-10.531	-7.515	-6.781	-10.448	-13.784	-6.422	-6.026	6.906	17.553	21.575	16.825	23.288	31	ScrambledCars
0.289	7.713	0.441	10.800	0.202	2.839	-3.481	-3.957	-3.167	-0.507	-1.473	3.401	-1.496	-3.336	5.901	7.505	8.636	1.117	-0.574	4.815	7.041	-2.334	-5.579	-2.741	-3.395	-5.370	-4.762	-1.733	31	Cars
-5.207	-7.154	-5.556	-3.159	-6.012	-12.127	13.823	-4.491	-4.233	-3.206	-7.158	-4.322	-4.504	-0.872	5.258	-12.212	5.815	13.674	10.061	-2.433	-0.590	7.737	9.634	5.485	7.048	4.132	-1.413	0.562	31	Cars
1.358	6.305	-1.082	8.851	-0.611	-4.419	5.057	-3.732	-3.209	-3.517	-10.341	-5.529	-5.950	-0.869	3.136	6.298	8.424	3.489	5.702	5.962	6.099	4.938	6.845	-2.923	-5.572	-6.103	-5.060	-3.656	31	Faces
2.153	10.288	1.823	11.455	-1.142	-3.603	-5.598	-4.602	-2.922	-11.232	-8.274	3.345	-5.343	0.071	-0.537	14.256	-1.291	-4.493	8.953	8.736	0.262	5.112	2.286	-1.416	-4.148	2.909	-1.446	7.934	31	Faces
5.623	3.577	2.046	3.560	-3.667	-8.475	1.705	-11.156	-2.569	-1.951	-5.259	1.745	-3.717	2.391	7.482	2.046	1.476	-0.619	3.219	1.792	2.196	0.881	-1.323	-1.345	2.811	3.452	-6.998	5.773	31	Cars
-0.262	3.167	-2.370	2.532	1.826	-2.717	1.448	-2.245	-3.998	-3.438	-10.611	-4.406	-4.815	-0.325	-2.393	7.942	1.144	0.582	11.299	12.225	4.018	5.207	-3.215	1.497	1.684	0.152	-5.008	2.304	31	ScrambledFaces
5.775	4.250	-1.566	3.379	-3.434	-2.225	-2.320	-4.803	-11.354	1.950	-6.919	2.045	4.077	3.173	1.496	5.213	3.513	1.881	1.681	2.490	1.535	0.015	-3.274	-0.040	0.055	2.185	0.998	7.068	31	Faces
0.624	-1.817	-4.393	-3.032	-3.366	-6.739	-5.395	-0.999	6.897	-0.661	1.752	-5.071	-0.465	-2.736	3.047	0.817	0.439	2.608	-4.343	3.590	-3.447	-1.738	0.570	2.451	0.867	-4.013	3.610	-2.182	31	Cars
0.892	-3.877	-0.150	-3.706	-9.408	-3.239	-8.715	2.086	3.208	-6.654	-3.708	1.139	-10.566	-10.645	-0.255	-4.097	-6.069	1.837	-2.633	-1.734	-4.188	-2.297	4.905	-5.288	8.086	4.103	-2.395	2.701	31	Faces
-8.562	-5.613	-7.338	-3.120	-5.185	-6.581	-12.192	9.413	7.053	-4.376	5.207	0.631	-7.217	-7.850	-5.931	-1.650	-5.462	-4.053	4.063	-5.001	-6.012	0.407	-3.006	4.799	13.445	9.593	1.569	7.161	31	ScrambledFaces
1.934	1.756	2.109	2.086	5.726	1.853	17.310	-6.692	-6.843	-5.080	-11.223	-2.404	1.856	-3.610	5.591	-1.981	9.358	0.903	-2.306	3.959	-1.731	-4.587	-7.731	-1.241	-3.637	-0.257	-2.791	0.814	31	Cars
-2.874	8.012	-2.375	5.946	12.087	1.087	13.934	-3.153	-0.596	-0.334	3.597	-7.856	2.490	0.407	-2.872	17.418	-2.536	-29.931	5.705	3.814	6.939	5.591	-0.482	0.227	-0.394	-3.069	-10.860	-1.294	31	Faces
-5.728	-2.963	-3.888	-1.285	-2.883	-1.760	-16.496	0.444	5.899	-0.413	-4.664	3.315	-0.618	2.170	-5.815	-4.076	-5.995	-6.685	3.994	-2.262	2.722	4.192	0.884	5.377	6.184	8.821	6.249	3.681	31	ScrambledFaces
-2.144	3.406	-4.591	2.871	-6.684	-8.821	7.781	-7.743	-6.281	-3.797	-2.964	5.014	0.317	3.101	-2.659	8.798	-11.180	-2.910	3.513	8.312	6.288	4.402	-0.424	6.102	4.170	5.973	1.497	8.682	31	Faces
-2.869	1.302	1.177	2.691	3.212	0.410	-3.331	-4.489	-9.816	-6.185	0.943	-9.262	-7.177	-4.055	6.245	2.876	6.944	-1.087	-1.124	1.517	-3.629	-2.394	0.793	-6.240	3.107	5.597	-5.305	-5.113	31	Faces
-6.028	3.212	5.555	2.840	5.611	1.752	1.941	-8.168	-6.104	-4.679	-12.921	-12.659	-5.131	1.279	-5.029	7.670	4.958	6.849	4.936	7.763	3.123	4.595	5.521	0.541	3.261	3.406	-0.752	-3.979	31	ScrambledFaces
-1.354	6.974	1.949	10.510	7.302	3.619	2.954	-2.065	-4.297	-1.607	5.165	-3.551	0.677	-4.927	-5.808	5.464	1.713	2.943	-2.480	1.027	0.185	-1.665	-0.935	1.965	3.186	4.426	9.242	1.304	31	Cars
0.542	-0.972	1.919	-1.649	0.976	-0.469	1.537	0.823	-0.948	-2.102	-0.606	-5.340	-3.619	0.627	-1.718	0.198	1.804	11.546	-2.116	4.218	1.467	-0.456	4.199	-2.449	1.370	-6.489	2.994	0.489	31	ScrambledFaces
-2.201	-2.970	-4.771	-4.612	-2.098	-0.196	-2.404	-3.774	1.589	-1.503	-7.181	-13.424	-4.046	-2.372	-4.689	1.001	10.259	6.439	6.933	-0.534	2.344	3.932	0.517	4.589	5.122	5.904	8.520	-4.027	31	Faces
-0.880	2.668	-10.228	3.993	1.818	-4.478	0.480	-11.758	-1.613	-3.328	-8.158	0.004	0.544	5.440	-9.370	3.264	-2.365	0.246	6.324	10.725	6.582	5.963	0.437	3.638	1.752	7.341	7.880	2.775	31	ScrambledFaces
-6.834	-10.836	-10.030	-12.286	-4.915	-8.326	4.769	5.360	10.055	6.859	8.084	-6.748	-2.733	-3.370	-4.279	-5.603	-2.861	-2.038	5.258	-4.978	-5.972	4.239	5.875	2.965	6.341	13.578	-6.087	11.658	31	Cars
-0.556	-3.361	-5.568	-1.073	-5.444	-11.124	-6.074	0.625	6.895	-0.088	4.777	6.559	-8.316	-7.518	-0.598	-5.049	4.219	1.219	2.849	-5.090	-6.928	-0.981	1.608	-4.548	7.651	10.969	4.909	9.764	31	ScrambledCars
-4.034	1.340	1.348	5.436	2.291	4.035	-3.016	4.833	0.190	-0.444	-2.042	-12.041	-8.402	1.101	0.487	-0.732	-6.170	1.467	8.324	5.751	-0.838	4.053	4.484	-6.843	4.140	0.584	-4.705	0.651	31	Cars
-2.526	0.566	-2.858	3.251	4.803	3.568	-10.195	-4.590	0.153	-1.124	-5.305	4.583	-2.526	3.133	-6.578	-1.912	-8.396	0.400	-0.050	9.105	0.935	0.911	0.521	-0.346	9.478	11.218	3.157	5.107	31	ScrambledCars
5.292	2.894	6.911	3.688	0.810	4.252	1.047	2.102	8.052	3.537	2.597	2.558	-3.804	-7.148	-0.525	-4.708	-10.007	-9.218	-5.977	-5.254	-4.868	-9.068	-13.841	-3.370	-4.176	0.709	0.803	7.550	31	Cars
-6.275	1.450	2.580	2.629	9.512	4.394	6.052	-2.708	1.580	1.536	3.940	0.755	-0.276	-1.453	-5.015	0.922	-5.665	-6.313	-2.137	-3.298	-5.320	-2.133	-3.930	2.250	-2.201	9.356	6.173	6.616	31	ScrambledFaces
1.415	5.740	0.932	5.226	0.967	-4.379	-8.244	-0.090	-1.193	-1.337	-3.608	-10.395	-2.885	1.454	7.453	11.206	2.067	-1.518	7.464	9.107	8.378	2.086	-2.411	-9.820	-5.633	-6.895	-5.825	-4.664	31	ScrambledCars
-9.691	-1.574	-9.374	3.241	10.624	-3.770	10.682	-2.722	0.941	-3.063	-6.426	-1.663	7.554	6.474	2.475	-2.085	-9.430	-6.067	2.650	1.487	7.661	4.834	-0.569	8.959	7.024	5.464	2.952	4.183	31	ScrambledFaces
-10.027	1.520	-10.070	2.599	-1.515	-3.797	-10.630	-5.165	1.016	-0.954	-0.245	7.558	1.885	6.203	-7.322	8.720	17.159	-1.996	8.124	15.439	7.382	8.399	8.113	-2.970	0.810	0.206	-0.263	5.100	31	Cars
3.677	-3.054	2.295	-1.769	-6.917	-7.199	-3.340	6.736	-2.591	0.266	-3.409	10.483	-5.827	-3.842	6.704	-7.939	-3.999	3.554	2.886	-3.702	0.018	-0.625	0.722	-4.416	4.961	6.871	1.755	4.192	31	Faces
2.237	3.804	3.700	4.098	-8.703	1.113	-5.967	-6.775	-1.180	-5.371	-5.253	-13.156	-8.728	-5.507	-0.453	4.901	17.003	6.567	16.214	0.534	3.730	7.641	4.901	-2.978	1.182	0.412	-8.447	-1.184	31	Faces
-2.947	-3.165	-5.281	-1.649	3.400	1.596	-4.110	-1.280	1.022	-2.847	3.007	2.919	0.144	-4.787	-9.358	-5.435	-6.867	-3.082	0.034	5.160	-6.213	-0.548	-0.261	-0.630	8.774	9.897	4.762	6.313	31	Cars
-5.662	-1.013	-9.828	-1.010	1.957	-5.611	8.752	-7.762	6.155	-3.305	-6.412	-2.499	-6.804	2.833	-1.347	7.488	8.246	4.340	0.971	0.345	6.488	0.849	-0.427	-1.576	-1.931	0.372	-5.492	2.127	31	Faces
-4.821	-2.013	-1.888	0.959	-0.701	-5.003	-8.708	-3.130	2.189	-2.848	2.433	1.917	-2.222	-4.614	-3.044	-0.627	9.044	4.489	7.003	-5.185	-6.946	3.835	4.282	5.737	9.599	9.812	-14.994	7.391	31	ScrambledCars
-6.102	-1.770	-9.381	-1.336	-4.092	-2.185	-2.463	-3.239	0.476	1.072	-7.287	2.065	1.363	-1.807	-1.150	0.535	1.997	-1.988	-0.405	-0.890	-7.676	0.472	4.485	-3.454	2.494	5.129	25.492	2.292	31	ScrambledCars
5.456	-5.081	2.687	-6.000	0.959	0.536	7.393	2.914	2.846	2.979	6.820	4.776	3.150	0.799	-4.159	-12.818	-8.441	-4.113	-5.801	-9.719	-9.419	-4.551	-2.931	1.419	4.801	1.319	3.552	6.990	31	Faces
7.742	3.453	2.849	0.140	5.922	-0.086	-23.152	-8.541	-2.012	-12.964	-10.800	-13.743	-4.625	-4.174	1.037	8.733	0.386	6.191	4.439	7.713	-1.349	-1.078	-3.015	-7.222	1.737	-3.223	2.825	-5.586	31	Faces
-8.239	0.593	-4.521	3.553	3.513	0.399	-41.771	-0.963	2.484	-5.996	-8.652	-1.505	3.027	5.103	-3.462	5.078	-4.212	5.185	3.319	12.812	6.681	6.482	8.164	2.435	3.611	1.768	1.314	6.174	31	Faces
-19.500	-9.769	-14.922	-5.639	-5.430	-2.387	-5.600	4.311	12.300	4.494	6.373	5.427	1.663	3.144	-18.221	-9.162	-1.792	-5.957	-1.828	2.094	5.289	2.503	1.265	5.010	14.863	17.454	13.086	13.738	31	ScrambledFaces
-2.037	4.771	-1.019	6.661	-4.141	0.061	-12.399	-5.870	1.282	-3.920	4.012	5.127	-3.853	-1.215	-0.882	3.701	-4.646	-6.749	-0.154	-0.837	6.018	-1.494	-8.403	2.691	0.900	3.236	18.346	8.018	31	ScrambledCars
0.960	1.855	-0.228	2.213	-6.045	-8.203	18.814	3.185	3.685	0.665	6.356	-5.691	-2.535	-0.341	0.020	1.444	8.142	4.307	6.425	8.458	-2.565	0.644	-4.245	-3.261	-5.569	-7.250	-7.834	-8.288	31	Cars
-10.121	-7.112	0.009	-4.847	-6.364	0.047	-6.919	7.015	-1.421	0.052	6.179	2.063	1.958	-2.824	-5.756	-10.232	-7.690	-4.983	0.638	-7.087	-4.196	1.414	-1.042	11.549	13.794	13.341	7.602	9.255	31	ScrambledFaces
-6.418	-4.718	-0.481	-3.796	-2.495	0.696	-7.613	1.927	3.937	-1.111	4.202	2.307	-2.186	-5.069	-6.164	-6.932	1.409	-4.409	4.025	-1.552	-3.593	0.503	-0.705	-2.021	9.578	8.872	11.860	10.853	31	ScrambledCars
0.587	-0.191	-2.934	-0.347	4.870	3.697	9.687	-6.324	1.429	-3.356	18.339	5.636	-1.020	-1.996	-1.149	0.407	6.507	3.067	-1.493	2.597	0.203	-3.351	-5.595	-3.209	-6.486	-5.590	-8.422	-6.385	31	Cars
8.205	5.079	3.807	7.168	2.195	-2.715	-17.380	-4.958	-4.696	-6.500	-6.658	-2.953	-3.639	2.307	-0.001	0.873	-0.164	6.940	-2.339	0.890	-2.588	-2.976	-1.501	-3.238	0.282	0.325	-4.721	-2.223	31	Faces
0.193	7.467	-3.349	9.244	0.915	-0.832	8.783	-4.091	1.062	-0.031	-3.572	4.990	2.226	13.482	-1.198	5.479	3.205	-10.210	11.674	13.920	17.706	8.090	-4.602	-0.047	-8.157	-5.067	-0.883	2.508	31	Cars
0.260	-3.440	3.675	-4.928	-0.898	6.224	-1.531	7.601	5.404	-2.267	-2.883	-1.228	-7.519	-3.910	0.184	-1.507	-8.920	-0.650	-0.184	-10.075	-2.765	-4.442	-8.331	-0.293	6.584	3.510	4.377	1.657	31	Cars
-6.786	-5.280	-8.871	-3.122	-2.400	2.364	13.671	0.425	4.016	10.136	4.178	1.927	6.114	1.546	-6.910	-8.755	-0.263	-5.368	-5.592	-4.985	-0.444	0.847	0.738	13.228	5.542	14.652	0.007	6.543	31	ScrambledCars
-2.415	-1.614	-1.568	2.506	7.974	2.334	-0.985	-2.344	-3.873	-2.869	-8.081	-1.760	-5.414	1.605	7.451	-5.105	4.524	10.700	11.940	-1.197	3.198	4.422	2.924	-8.570	-0.049	-8.476	-1.075	-6.972	31	Cars
-4.777	-3.216	0.453	-1.490	-0.514	-2.720	-9.114	-2.280	-3.797	-0.773	-0.079	-2.273	-2.091	-0.383	-3.879	-6.258	20.233	5.568	8.128	-3.483	-3.691	5.701	7.799	2.307	3.118	0.372	2.826	3.376	31	Cars
-2.662	4.418	-0.771	6.185	9.705	-4.118	0.754	-4.819	1.560	-0.447	-5.090	-0.583	-7.412	-1.521	0.127	9.010	2.579	3.336	7.965	2.617	-3.259	3.761	3.552	-2.926	-2.177	-2.116	-7.009	1.261	31	ScrambledCars
1.133	0.363	1.238	3.308	-0.873	2.102	-2.371	2.260	0.307	1.349	3.162	2.167	-6.238	-7.489	-4.880	-1.973	-6.492	10.900	-4.693	-7.763	-5.474	-5.283	0.384	-5.409	4.534	-1.412	1.798	4.212	31	ScrambledCars
0.716	-3.359	-0.102	-5.850	-7.987	-0.479	5.484	3.586	-7.374	-1.910	1.450	-1.358	-5.578	-3.176	0.931	1.383	-0.351	-2.332	3.008	-10.135	0.748	1.092	0.167	2.956	7.687	5.362	-2.834	4.726	31	ScrambledCars
2.602	3.331	0.756	4.232	-2.819	0.120	-16.843	-15.669	-7.664	-4.883	-6.861	-5.812	-0.056	-1.669	-4.743	0.875	5.916	5.738	3.273	1.441	3.045	3.064	-0.887	9.732	1.624	4.181	-5.358	2.768	31	Cars
6.316	6.215	3.883	1.805	5.166	5.122	-2.129	-3.104	-2.783	1.606	1.102	-7.420	-5.492	-3.398	-5.836	11.169	12.037	-0.976	-0.362	7.268	-4.017	-3.974	-6.688	-5.368	-6.241	-2.078	2.073	2.544	31	ScrambledCars
-1.103	-0.602	-5.594	2.152	0.120	-7.039	0.157	-7.814	-4.370	-6.978	-4.924	-2.162	-3.053	4.300	3.515	-2.150	14.834	12.813	12.125	5.140	6.001	6.824	4.487	-3.155	-4.366	-1.874	-1.744	-5.010	31	Faces
-1.545	-2.712	-0.158	-0.667	-0.377	-5.088	-15.751	-4.087	1.072	-1.458	-2.411	0.085	-2.825	2.895	-3.243	-9.118	-1.264	-4.111	0.441	1.325	5.529	1.208	-3.752	7.172	6.837	7.709	-0.112	7.602	31	ScrambledFaces
-5.925	-7.988	-13.742	-6.796	-4.112	-11.760	-5.178	-4.330	3.512	-1.011	6.741	1.445	-4.810	-7.361	0.020	-4.298	4.593	6.885	0.806	0.879	-7.557	0.425	2.223	5.459	10.619	14.710	2.980	10.684	31	ScrambledFaces
5.660	-3.224	2.395	-4.168	-5.853	-0.695	1.492	-7.128	-0.143	-3.796	-6.893	-5.450	-4.773	-6.270	8.330	-0.387	1.222	27.792	2.003	-6.427	-5.165	-1.163	5.296	-1.985	2.441	1.450	-11.050	6.302	31	Faces
-7.781	-6.323	-4.803	-4.226	-6.224	-5.129	3.294	3.714	4.254	4.158	6.793	5.443	-2.079	-4.736	-4.490	-4.498	-6.680	18.918	-4.236	-1.936	-2.257	-4.390	1.696	-8.008	2.050	5.339	7.016	2.869	31	ScrambledFaces
-6.903	-9.728	-0.613	-8.755	-7.599	-5.409	-15.521	6.277	9.279	-1.322	3.965	3.239	-9.441	-5.910	-8.541	-8.897	1.305	14.811	-4.264	-7.024	-12.754	-7.264	-5.606	0.059	12.008	11.997	3.143	10.915	31	ScrambledCars
-9.130	-7.054	-4.213	-5.493	-4.625	-6.918	13.154	9.208	-0.856	-0.743	2.480	1.584	-6.649	-4.618	-1.275	-5.828	2.737	-3.341	-0.307	-0.180	-5.075	-3.619	-2.314	-8.546	9.939	6.470	-1.066	10.191	31	Cars
6.391	6.733	-1.118	5.372	1.224	2.656	-8.755	-4.807	1.183	-4.726	-11.714	-5.561	-9.644	-2.174	-5.688	12.646	6.982	7.539	5.901	9.758	5.799	1.885	-1.370	-3.008	-1.030	0.571	-6.327	-5.784	31	Cars
6.194	4.108	-0.886	6.490	5.245	0.792	-12.431	0.178	-4.015	3.989	-3.415	-0.146	-1.532	-4.446	-10.422	-5.216	0.946	-11.574	3.676	-0.442	0.516	1.611	-8.979	13.938	2.918	5.958	4.289	6.170	31	ScrambledFaces
-0.150	2.785	-0.411	5.064	8.608	-0.267	9.748	5.023	3.001	1.619	5.882	-5.392	0.404	4.773	-5.113	-1.900	1.246	-10.787	-5.903	5.286	6.926	-3.225	-5.941	-2.167	-2.992	-1.638	-3.241	0.974	31	Cars
-12.365	-5.822	-12.403	-2.469	-3.282	-6.151	18.190	9.778	14.818	5.966	15.544	2.601	0.345	2.257	-4.363	-0.783	-0.626	-2.057	4.777	-6.219	3.332	-2.731	-13.200	-5.240	1.488	4.375	-5.636	10.416	31	ScrambledFaces
-7.101	-2.895	-3.549	-1.089	-6.658	-4.640	-15.675	-0.243	5.200	3.653	11.161	8.922	-7.100	-8.785	-4.040	-0.272	4.913	-2.301	-2.889	-3.849	-13.204	-3.216	2.938	-2.768	12.879	14.566	1.823	17.211	31	Cars
-5.149	-2.441	-4.464	-4.627	-7.319	-10.677	-8.621	-5.540	-8.685	-5.308	-10.322	-8.516	-1.146	-1.247	7.788	7.246	-3.534	4.547	9.075	6.621	2.450	9.998	11.922	6.977	1.599	3.481	-4.476	0.538	31	Cars
-2.913	0.024	-4.372	4.245	5.883	-3.343	-66.358	4.338	1.950	-0.299	5.174	6.646	-3.249	0.404	-5.649	-2.012	7.634	0.681	3.091	5.036	-3.826	0.249	-3.105	0.990	3.241	5.794	7.824	4.883	31	ScrambledFaces
6.969	9.220	8.302	1.517	-0.179	0.371	-12.832	-3.831	1.958	-1.513	-9.457	-5.581	-8.628	-1.391	-5.179	24.047	6.958	6.048	-0.953	10.486	-4.396	-2.261	-2.902	-0.991	-6.720	-4.224	-6.095	-4.340	31	Cars
1.273	-1.013	-3.252	-3.665	-2.903	-5.532	5.080	2.106	0.110	-4.077	-2.002	-2.774	-4.285	-6.084	-5.704	7.574	7.064	5.702	2.280	0.926	-1.479	-0.886	-2.148	0.020	3.599	7.405	-10.212	-0.598	31	ScrambledFaces
-0.282	-1.699	1.613	2.758	4.371	-1.089	-17.751	-0.694	3.717	0.191	7.819	-8.051	-6.754	-4.410	4.912	-9.997	-2.468	-0.406	5.256	-2.137	-5.305	1.990	2.511	0.009	2.985	5.193	-2.903	-0.460	31	Faces
-3.150	-0.151	1.604	2.726	-0.771	1.570	-10.817	1.495	5.719	-6.077	-1.229	9.588	-8.237	-5.479	-1.055	-2.150	5.679	-0.106	4.619	2.795	-6.760	-0.400	-0.148	-4.791	7.363	4.259	-2.478	3.020	31	ScrambledCars
9.815	6.363	14.107	7.332	-5.283	-1.403	-3.847	3.943	7.323	-5.715	-3.223	-2.959	-13.238	-15.135	5.592	4.133	2.160	14.094	4.484	-9.391	-15.107	-6.422	-5.950	-7.491	-4.565	-2.132	-6.149	-3.186	31	Cars
0.439	3.565	2.610	1.042	-0.132	-1.931	-17.577	-4.537	-7.521	-3.873	-11.392	-0.873	-5.881	-4.175	-0.901	10.770	1.561	2.589	3.037	4.463	-2.130	3.796	6.886	3.114	-1.315	3.522	0.189	2.555	31	ScrambledCars
-13.592	-5.589	-8.074	-3.699	0.881	-4.302	-6.508	2.716	8.551	6.123	5.888	1.399	-0.362	1.438	-8.506	-4.166	1.786	-5.506	0.619	1.546	-0.529	4.694	4.837	9.699	4.356	14.666	10.541	5.845	31	ScrambledFaces
1.860	3.941	-0.612	3.978	-1.240	-4.523	-3.175	-7.272	-5.161	-5.268	-1.170	1.987	-4.184	5.816	0.657	5.431	13.621	-0.524	10.854	8.808	5.828	7.022	1.927	0.629	-1.926	-5.958	-12.572	-5.174	31	Faces
1.012	-4.438	-5.824	-2.176	-1.038	-6.133	1.950	-1.938	3.599	1.292	3.563	2.086	-4.917	-4.295	4.064	-5.286	15.257	-1.142	-2.136	-8.717	-3.179	-3.216	-1.343	-0.122	10.600	6.576	-24.587	10.803	31	Cars
-2.639	-1.175	-10.573	-3.834	-8.702	-12.565	-9.967	-5.525	3.304	-6.123	0.291	8.355	-3.735	0.868	-2.701	10.426	-1.215	-2.024	9.136	0.062	2.827	5.801	-0.472	5.977	6.212	9.063	8.649	10.060	31	Cars
13.313	14.303	7.574	13.113	5.873	-2.306	1.684	-10.395	-9.319	-12.053	-14.089	-13.461	-3.982	-0.029	3.493	16.789	5.549	-1.223	16.582	11.396	0.901	7.381	2.062	-5.761	-2.296	-5.957	-9.766	-5.307	31	ScrambledCars
-3.616	2.464	0.851	1.837	-1.510	4.523	2.280	9.747	-0.212	4.029	-6.131	1.394	-4.595	-3.295	-0.772	4.271	4.752	-9.853	-2.882	9.780	1.189	-4.356	-6.338	-9.011	-5.429	-0.858	2.053	-3.312	31	ScrambledCars
-0.831	-0.341	-5.137	-1.752	1.849	-3.471	-6.210	-3.602	-3.874	0.382	8.143	5.377	0.411	2.481	-5.011	5.003	-0.574	-0.591	3.438	-3.233	5.261	3.834	1.445	4.979	5.166	2.697	8.901	2.054	31	Faces
-6.556	-8.748	-4.077	-7.462	2.788	-3.553	-5.576	0.995	2.474	-1.583	-1.327	0.645	-1.105	-0.424	-11.145	-11.956	-8.245	-1.125	8.028	0.499	0.044	4.535	-1.071	5.366	10.997	12.917	0.861	9.874	31	Faces
0.703	-4.892	1.214	-6.935	-3.101	-10.365	-11.361	-1.228	-0.045	-7.816	-1.590	-3.913	-2.953	-4.332	0.120	-1.991	10.247	7.823	-3.824	-6.646	0.099	-6.212	-3.260	-8.863	3.663	8.383	3.700	5.033	31	Faces
5.145	2.977	6.535	-0.017	-1.613	-2.391	-17.931	-5.734	-0.723	-4.686	-4.393	-8.253	-12.214	-5.134	2.862	6.713	-4.580	-2.042	2.678	3.617	1.203	0.108	3.289	-10.121	1.791	-0.166	-2.850	-2.034	31	Cars
3.104	4.144	-1.134	6.745	-4.921	-2.448	-14.061	-6.636	-2.695	-0.194	5.142	3.199	-3.030	-9.378	5.857	-1.702	11.226	-2.668	2.943	2.897	-0.397	1.104	-1.720	6.158	-1.573	5.772	4.674	3.046	31	Faces
-7.390	1.887	-0.112	5.215	0.943	4.567	-10.073	-0.685	-0.765	-0.969	6.189	-9.253	3.845	3.028	-8.987	0.767	12.970	2.084	7.627	1.051	0.837	8.309	10.203	4.764	2.739	3.925	4.683	-0.982	31	ScrambledCars
0.533	0.405	-2.035	1.537	2.964	-0.432	12.359	3.097	2.400	-2.558	2.189	6.095	-4.620	-5.368	1.597	2.229	-7.915	-1.990	-13.832	-2.982	-5.788	-13.060	-6.641	-16.690	1.630	6.117	-1.994	6.321	31	Faces
-3.890	-6.287	-0.138	-3.914	0.397	0.189	-2.488	11.223	8.752	1.656	-0.459	20.860	-7.312	-8.443	-9.413	-5.405	-5.578	5.709	-9.748	-14.191	-11.950	-7.221	-2.422	7.669	11.933	11.698	-15.959	9.966	31	ScrambledCars
-1.574	1.272	-1.776	2.411	7.966	1.676	-5.637	2.387	6.614	1.464	-4.707	-1.514	0.501	3.011	-1.592	4.710	7.460	2.141	1.607	-1.991	0.845	0.585	-0.971	0.873	-1.444	2.794	-10.136	-4.761	31	Faces
-14.204	1.619	-9.365	5.393	13.987	0.406	5.431	-12.949	-0.812	2.311	0.194	-2.407	4.427	10.540	-9.307	2.622	2.284	-8.910	6.388	9.838	9.205	8.163	1.305	6.593	6.672	4.171	10.097	5.928	31	ScrambledCars
-1.891	2.588	-3.381	5.560	1.338	1.375	-7.868	-1.276	0.551	1.550	3.104	1.675	6.408	5.279	1.842	0.925	-5.057	-3.561	2.612	4.520	5.863	0.914	-1.556	-7.259	-0.939	7.442	1.871	4.456	31	ScrambledFaces
-2.933	1.888	1.631	2.654	-1.180	-2.373	7.361	-4.736	-1.614	-4.275	-1.117	-1.823	-4.893	-1.777	0.046	2.579	8.925	2.849	3.607	1.802	-1.456	-0.625	-3.036	-3.084	2.319	4.624	4.122	-3.908	31	ScrambledCars
-1.755	4.808	-2.962	7.565	5.519	-1.727	-5.052	-4.818	4.436	1.238	-1.050	2.445	0.760	4.835	-9.438	4.639	4.401	-5.247	1.972	5.457	5.825	2.178	-0.572	-0.371	3.608	12.144	-6.363	8.355	31	ScrambledFaces
0.152	5.112	-0.979	8.089	0.916	-0.552	24.540	0.704	2.880	-0.530	-4.135	2.701	-5.675	-0.731	-0.643	2.391	0.226	-6.694	1.726	5.528	2.280	-0.649	-8.136	3.589	-2.591	-2.154	-14.858	-0.909	31	ScrambledFaces
-5.621	-3.068	-6.662	0.270	-2.722	-3.761	-11.930	0.010	1.360	-1.186	4.100	1.130	-0.380	5.615	-7.068	-5.294	2.202	4.682	2.773	0.092	3.737	4.724	3.493	7.792	4.123	6.761	6.357	1.744	31	Faces
-5.284	-2.780	-1.937	0.712	1.881	-1.354	12.980	1.316	-0.268	-0.088	-4.479	-4.237	1.566	5.680	0.107	-9.331	-2.115	-3.434	-2.401	2.965	5.384	-1.047	-5.903	4.404	6.732	6.091	1.005	1.559	31	ScrambledFaces
-2.596	-1.642	-3.156	0.945	4.546	-1.715	7.034	2.705	0.031	-3.806	5.146	1.507	-6.255	-4.237	-5.811	-5.179	-1.015	-3.829	-3.627	1.165	-1.568	-5.906	-9.131	-4.165	2.175	3.492	0.855	1.364	31	ScrambledFaces
5.779	-3.773	3.435	-3.803	0.027	2.182	5.245	8.141	7.945	7.572	11.249	10.377	-0.374	-9.105	-2.224	-14.618	-2.644	-7.728	-17.306	-7.550	-6.769	-12.923	-11.779	3.429	-5.159	6.789	-0.320	6.997	31	ScrambledCars
-2.175	3.721	-5.419	7.039	1.644	-3.053	12.241	-3.781	-2.877	-3.066	1.746	3.671	-4.569	-0.657	-5.086	3.852	0.155	0.862	1.222	-5.492	0.146	0.789	-2.316	7.574	6.527	11.640	14.920	5.480	31	Faces
-8.853	-3.507	-8.319	-0.090	1.327	0.924	-1.608	10.151	11.761	4.581	3.612	-0.996	3.107	3.941	-8.093	-3.408	0.532	-5.268	1.303	8.385	7.069	-0.703	-8.033	-0.762	13.511	10.120	2.052	14.259	31	ScrambledFaces
6.374	5.365	6.073	3.141	-7.776	-2.433	-6.732	-4.873	-2.802	-6.254	-9.565	-12.142	-10.431	-2.855	6.311	7.125	9.595	0.491	9.398	3.635	-3.965	2.521	-1.977	-0.714	-1.364	-5.507	-2.073	-8.559	31	ScrambledCars
-17.120	2.436	-8.463	5.877	10.068	7.151	-17.626	0.060	-1.407	-1.228	-4.953	0.600	1.265	8.587	-15.888	9.393	-0.022	-9.373	4.299	10.658	13.375	5.869	-2.544	4.787	1.544	5.341	3.831	5.201	31	ScrambledCars
-1.850	-9.115	1.979	-10.326	-5.945	-7.873	-5.785	1.358	2.159	-2.870	0.723	3.970	-0.780	-6.518	-7.601	-9.572	3.183	10.285	-0.808	-14.210	-4.112	0.713	8.231	2.973	3.653	5.781	-3.577	6.190	31	Faces
-9.566	-4.812	-6.158	-5.535	-2.668	-3.549	12.610	-2.388	5.639	1.071	6.646	-0.633	7.508	2.247	-11.517	-2.171	1.076	-7.835	2.671	-0.900	4.961	6.235	7.041	4.879	8.757	7.956	9.517	6.384	31	ScrambledCars
3.590	5.428	-4.976	9.286	-5.411	-2.548	2.831	-6.304	-6.348	-3.198	-11.622	2.472	3.452	2.533	4.668	0.320	2.053	7.703	3.949	10.600	3.984	4.967	4.160	5.062	-0.245	0.298	4.584	-5.632	31	Cars
0.436	6.089	-0.543	5.571	-6.848	1.637	-37.719	-9.959	-4.821	-6.632	-8.703	-9.294	-1.640	6.006	0.476	11.472	6.130	8.273	17.091	18.023	14.783	13.035	8.138	-0.341	-2.148	-0.823	0.546	-6.507	31	ScrambledFaces
-9.474	-3.015	-5.542	-4.251	-3.407	-3.105	-12.054	-3.699	2.605	2.417	1.077	4.225	5.591	2.305	0.153	6.229	2.681	4.502	4.904	-2.187	-2.943	5.362	4.745	8.264	2.280	6.560	6.502	6.854	31	Faces
-6.260	-7.681	-1.860	-7.241	0.125	-9.569	-5.755	7.902	5.733	1.478	2.766	3.483	-4.112	-6.229	-1.587	-6.838	1.579	3.144	0.338	-0.473	-6.596	-0.640	2.553	-0.746	1.943	2.909	-4.095	6.482	31	Faces
4.688	0.778	3.637	-2.306	-1.297	-0.965	-5.663	9.128	3.656	1.221	0.789	-6.930	-5.076	1.905	-3.604	4.118	-6.001	0.603	2.979	6.937	5.050	-0.146	-3.592	-5.294	-2.402	0.096	-2.593	-1.992	31	ScrambledFaces
-4.672	8.120	-1.992	7.534	9.085	-0.048	3.021	-7.085	-4.870	-3.382	-0.666	8.439	-9.556	-3.518	-10.352	17.853	10.205	-6.497	4.210	8.149	-0.865	2.567	3.902	-5.960	1.096	4.894	2.497	-0.194	31	ScrambledCars
-6.789	3.122	-0.327	7.290	2.839	7.385	-2.305	1.059	-0.005	-3.603	-3.034	-6.691	-1.102	5.328	-14.019	0.565	-11.966	-2.840	2.820	6.983	6.997	9.716	10.202	14.519	3.736	3.817	-2.531	-3.932	31	Faces
0.834	0.997	-1.211	3.060	6.776	-0.096	0.744	-5.558	-2.567	-5.524	-2.922	-3.690	-4.983	-1.537	0.511	-3.660	9.349	-3.750	3.456	1.923	1.435	-0.281	-2.414	-5.890	0.092	0.185	1.620	-0.471	31	Faces
6.138	10.006	5.018	11.743	8.574	5.425	-18.206	-7.887	-3.838	-7.454	-4.458	-0.300	-1.863	0.761	-0.495	8.472	13.879	6.364	12.068	12.423	1.771	7.349	4.475	-0.138	-11.688	-12.771	-13.883	-12.159	31	Cars
-7.891	-0.103	-5.342	2.655	-0.075	-3.514	-1.760	-3.973	-2.044	-2.671	-6.107	-1.504	0.773	3.723	3.704	-1.663	-4.186	-3.162	6.492	12.359	4.807	6.869	2.065	6.490	-3.362	0.461	4.844	3.358	31	Faces
0.160	-0.860	-6.666	-3.238	-6.292	-6.915	7.863	0.127	-2.231	3.236	2.065	-5.991	-5.445	-1.556	-1.415	4.977	5.357	1.271	0.288	2.480	0.436	-0.286	-7.265	11.598	3.064	4.203	2.333	6.410	31	ScrambledCars
4.335	0.514	8.301	-0.094	-2.530	1.660	-0.105	2.545	-0.513	-2.830	-5.025	-0.661	-8.986	-15.978	11.826	-0.550	6.540	-0.008	-2.554	-11.438	-0.219	-8.312	-6.308	-12.201	-1.749	-1.823	-4.088	-4.965	31	ScrambledFaces
0.476	2.769	-3.005	3.212	-6.286	-5.909	-15.781	-2.325	-1.441	-1.791	15.667	-2.899	0.975	-0.600	-4.988	6.545	0.738	-0.381	7.511	2.790	0.301	3.404	0.363	-1.878	2.609	7.865	-2.771	4.469	31	ScrambledCars
2.425	-1.951	-0.917	-0.873	-9.875	-1.617	-1.692	2.183	12.458	-0.422	13.762	0.480	-8.377	-8.914	1.247	-5.576	-5.811	-4.787	-5.605	-1.393	-8.185	-5.925	-0.627	-8.376	3.493	1.740	-2.616	6.839	31	Faces
1.063	4.932	2.696	1.787	6.310	-0.624	6.049	-7.337	-6.863	-10.889	-1.684	-10.080	-3.460	1.355	2.399	13.378	4.465	4.670	12.084	17.486	15.841	5.450	-1.625	-7.904	-2.357	-6.279	-4.620	-8.593	31	Faces
-11.519	-7.416	-8.137	-4.687	2.615	-2.588	-37.074	6.723	-2.161	-0.119	11.104	10.555	-2.497	-1.041	-11.082	-3.479	4.287	5.575	0.836	0.572	-0.470	4.675	6.478	13.137	12.139	7.618	1.727	9.013	31	Cars
-0.233	1.087	-1.841	1.121	-8.081	-2.552	6.701	-2.128	-1.074	-1.498	-4.667	-5.693	-2.048	-0.487	-0.334	4.164	2.379	5.151	4.187	1.493	2.554	4.372	8.271	-1.472	5.132	7.425	0.359	0.512	31	Cars
0.112	5.345	-1.881	7.060	3.690	-1.572	4.592	-7.056	3.038	1.649	0.142	-4.027	-0.006	-0.405	-5.345	3.022	7.271	-4.934	-1.655	2.331	4.374	0.635	-2.384	6.648	-0.266	4.035	4.222	0.046	31	Cars
-3.789	-1.533	-3.777	1.428	-2.062	1.532	9.366	4.535	10.085	1.402	7.932	5.420	-1.339	-4.698	-7.599	-3.267	-11.700	-6.335	-5.405	-8.989	-2.933	-2.041	0.790	4.154	6.903	12.650	2.556	13.300	31	ScrambledFaces
-6.099	-3.871	-3.227	-3.796	-7.702	-3.778	2.655	-2.149	0.892	-0.299	7.100	7.142	-2.710	-8.821	-5.390	0.147	-4.306	7.185	4.849	-6.774	-9.439	4.329	6.202	11.823	8.644	8.279	7.827	11.483	31	ScrambledCars
-1.392	-3.176	1.449	-3.170	-3.767	-5.634	-13.323	2.214	3.231	-0.778	6.004	4.305	-2.209	-11.522	-0.275	-0.543	-5.852	2.962	1.422	-2.091	-8.898	-1.212	6.183	-8.392	10.001	10.219	-2.352	8.809	31	ScrambledFaces
-16.332	-8.707	-13.565	-6.398	-3.768	-6.736	-0.962	-0.181	10.069	7.898	0.602	12.679	5.367	-0.837	-7.240	-6.660	-10.720	-7.649	-3.022	2.929	2.676	2.459	0.242	12.074	13.898	21.150	10.817	16.173	31	ScrambledFaces
11.601	7.058	8.743	8.457	-3.270	0.285	-38.226	-5.214	-5.118	-8.477	0.276	-6.105	-6.817	-6.150	4.886	2.736	11.319	2.742	5.343	-1.811	-3.782	-6.392	-10.260	-16.893	2.600	3.628	-4.391	0.750	31	ScrambledCars
-1.820	3.252	-4.965	6.305	4.508	0.025	-6.988	-5.808	-9.199	-2.343	1.170	-1.282	-2.681	3.400	-8.550	3.419	11.222	4.620	-1.220	3.280	-4.523	-1.811	-3.524	1.162	4.106	3.140	-2.450	-0.102	31	ScrambledCars
-3.366	-3.828	0.993	-4.865	3.129	1.511	-23.100	4.497	5.612	-3.456	2.784	1.832	-5.522	-2.184	-8.118	0.817	-8.431	-0.919	-6.992	4.861	-1.968	-3.814	2.733	-6.543	10.053	8.308	-5.811	7.586	31	Faces
3.765	7.714	4.613	5.951	-6.193	-1.010	10.139	-8.447	-0.485	-2.740	-4.417	-6.024	-5.528	-5.727	4.813	15.639	3.849	12.436	2.589	-3.161	-2.916	-2.220	-3.640	-1.621	-3.729	-3.663	-2.516	-1.630	31	Cars
-7.858	-4.930	5.279	-2.446	-8.114	-1.095	-0.399	7.183	7.783	0.916	5.637	7.659	-10.413	-8.642	-0.618	-9.089	0.414	-2.896	-6.140	-11.160	-9.170	-8.799	-5.621	-8.670	5.930	4.893	4.056	4.222	31	ScrambledCars
-1.593	2.088	9.448	3.968	-5.117	3.552	-3.455	-3.498	-3.178	-5.132	6.001	-7.635	-4.456	-9.181	6.796	-3.023	6.474	1.584	-0.388	-2.047	-6.397	-2.907	-4.221	4.733	-1.993	7.165	-2.644	0.279	31	Faces
-0.305	-6.124	-7.507	-8.081	2.727	-4.383	17.048	-1.884	-7.577	-3.965	-4.723	-2.962	-6.246	-3.504	-0.458	1.731	-7.111	8.553	-0.226	-8.011	-7.198	-1.405	1.395	0.068	5.515	1.377	-7.757	3.941	31	Faces
-3.865	-1.403	-6.606	-0.054	-5.010	-6.610	-3.360	-3.892	3.507	-0.251	10.882	6.031	-0.717	0.265	-2.176	-1.330	-10.118	-5.920	0.572	0.714	-0.426	-0.316	-3.258	0.536	8.173	16.858	16.259	18.823	31	Cars
-8.906	5.429	-2.630	5.896	10.656	8.498	16.249	-5.415	1.645	-3.119	-14.553	-4.853	0.617	0.271	-6.880	10.002	8.521	-4.940	2.282	23.576	11.749	4.780	3.560	-3.123	-4.461	-7.510	-5.775	-10.110	31	ScrambledFaces
0.667	3.159	-0.548	5.264	0.523	-2.172	-7.870	-3.435	0.613	-3.249	9.091	1.854	-9.599	-7.068	0.820	3.101	14.821	5.865	4.876	-3.368	-7.639	-3.057	-6.295	-5.065	-4.696	-5.101	1.308	-1.326	31	ScrambledFaces
-0.428	5.770	-3.686	10.537	-2.852	4.935	35.607	2.192	0.161	0.511	0.618	-0.540	-4.872	-7.230	3.640	3.098	-4.011	-4.995	0.626	0.875	-1.294	-0.961	-0.797	-2.610	-3.118	3.653	-10.558	5.124	31	ScrambledCars
3.939	0.135	-0.176	2.472	4.908	1.447	-7.453	2.918	2.255	3.877	-0.109	-1.990	4.609	-5.667	-1.926	-5.531	-6.925	1.045	5.355	0.261	-2.122	-0.886	-6.633	-1.495	4.403	6.454	-0.948	4.062	31	ScrambledFaces
-7.933	-2.148	-8.838	1.388	4.108	-6.681	-3.166	-2.894	2.474	-3.981	0.448	3.245	2.096	5.053	-1.751	-1.640	2.325	-6.492	7.536	3.333	2.121	5.007	1.710	-2.140	5.289	7.731	-2.488	0.840	31	ScrambledFaces
5.920	3.683	2.163	2.308	3.738	-2.722	-19.155	-1.891	-3.389	-2.836	0.446	-6.629	-0.532	0.031	-9.617	1.758	6.630	-11.305	-2.030	6.490	-3.849	-0.899	2.376	-6.244	3.943	9.056	3.090	5.194	31	ScrambledFaces
-2.199	1.224	-4.569	1.148	-0.093	2.424	-26.320	-6.069	1.418	-2.284	0.955	-2.547	-8.159	-4.627	0.469	9.631	1.998	11.155	-0.569	5.580	-4.389	0.603	5.274	2.010	5.854	5.215	2.594	6.099	31	Faces
-1.413	1.264	1.181	2.803	-0.532	-2.289	-10.366	-1.941	4.297	4.313	2.739	-3.029	2.032	-5.672	-4.639	-0.125	6.069	-3.646	3.032	-1.969	2.619	0.343	-1.781	-1.283	4.990	7.392	-6.300	8.435	31	ScrambledFaces
-12.510	-3.326	-7.700	-3.035	-10.183	-5.297	-3.977	-1.252	8.947	0.289	14.277	7.807	-2.947	-10.712	-8.135	4.385	-11.225	-6.346	-7.379	0.974	-11.372	-3.904	5.004	-5.522	17.567	17.657	21.857	14.579	31	ScrambledFaces
-3.523	1.874	0.707	4.348	-3.653	1.423	6.946	1.405	3.306	2.605	2.794	2.188	4.422	1.516	-0.102	-1.668	-4.348	-7.358	4.814	3.277	-2.973	1.993	-2.961	1.299	-1.245	0.523	-4.748	8.847	31	ScrambledCars
1.835	-2.215	-0.473	-4.591	-2.638	-4.535	1.578	-6.892	-10.064	-10.374	-6.096	-13.283	-2.887	-5.684	6.206	2.258	10.140	8.377	4.458	1.034	-0.361	2.803	6.033	-0.298	3.521	-1.306	-3.611	-6.072	31	Faces
-2.216	0.297	-3.912	-0.615	-7.121	-4.257	13.834	-0.700	2.742	3.686	1.427	5.699	2.814	1.047	4.176	1.654	-1.219	-10.820	-3.789	-3.486	-3.342	-2.153	-7.098	8.073	-2.438	2.014	4.005	2.501	31	Faces
-7.435	-0.783	-1.677	-0.606	0.188	-1.353	9.009	3.649	2.494	1.856	-1.864	0.069	3.332	5.412	-10.724	0.106	-3.725	-10.487	-3.893	2.997	3.222	1.212	-1.688	9.900	8.166	12.747	7.392	7.905	31	ScrambledFaces
-4.703	-1.992	-8.248	1.311	11.016	-1.362	0.136	-0.556	5.924	1.070	2.763	-2.937	5.434	5.032	-6.677	-3.410	4.107	-7.474	-2.826	-2.369	2.883	-0.976	-1.501	-1.572	7.849	8.194	0.285	10.458	31	ScrambledFaces
-3.766	4.132	-3.372	2.565	4.146	0.405	-2.692	-5.962	-6.262	-7.170	-6.791	-9.817	-4.844	-3.319	-5.843	12.353	12.014	-3.002	8.824	4.083	3.334	5.613	2.099	2.105	5.023	4.094	15.843	-0.855	31	ScrambledFaces
1.672	-3.053	-0.502	-1.093	5.903	-4.292	-30.587	3.611	2.557	0.831	1.873	-4.627	-4.708	-6.591	-0.617	-4.826	-1.284	6.072	-4.125	-7.832	-8.408	-1.762	5.767	2.162	1.777	5.614	-2.264	1.286	31	Faces
-2.609	-2.515	-5.094	-3.122	-1.169	-4.345	-6.156	1.708	4.370	-2.305	6.496	9.151	-0.038	-4.058	-2.886	1.352	0.845	-5.531	-4.559	-3.204	-6.674	-4.406	-2.781	-2.188	5.465	12.339	7.245	11.182	31	Cars
-14.525	-1.161	-8.037	3.907	3.647	-0.986	6.594	4.686	3.902	6.786	-4.788	-6.572	-2.883	0.436	-10.290	-6.708	-2.380	-10.361	2.370	-0.922	-0.459	5.512	5.179	6.632	3.460	5.106	40.412	4.478	31	ScrambledFaces
-4.911	-8.505	-2.481	-7.825	-5.853	7.248	10.046	13.646	11.630	0.956	9.784	-3.385	-8.654	-11.368	-0.214	-6.946	-14.581	5.751	-7.161	-10.962	-14.846	-8.196	-7.211	4.398	4.831	-0.027	-2.460	-1.853	31	ScrambledFaces
