FP1	F3	F7	FC3	C3	C5	P3	P7	PO7	PO3	O1	Oz	Pz	CPz	FP2	Fz	F4	F8	FC4	FCz	Cz	C4	C6	P4	P8	PO8	PO4	O2	ID	Condition
-1.929	-0.113	-5.451	-2.979	-1.534	-3.079	3.835	3.710	8.248	-1.334	6.601	12.873	10.244	5.904	-22.349	-7.774	-11.267	-8.740	-2.320	0.594	-8.661	5.142	-6.113	-0.794	5.995	6.368	5.484	8.336	32	Cars
-5.779	-4.615	-2.719	-10.651	-3.561	-2.033	6.657	12.828	12.799	10.577	12.425	9.741	2.987	1.800	-12.063	-22.848	-18.421	-18.932	-3.996	-7.618	-0.795	2.650	-1.325	6.197	8.906	10.282	9.674	9.051	32	ScrambledCars
-6.281	-3.880	3.554	-0.851	1.206	2.364	-2.088	3.260	5.315	-4.874	1.642	-3.288	-11.948	-11.512	3.826	0.311	2.518	-4.507	4.096	-4.518	1.736	1.954	1.292	-5.690	5.170	3.329	-1.169	-2.634	32	ScrambledCars
3.049	8.527	-0.979	5.287	-1.062	0.439	-2.838	-2.731	9.623	-3.131	-2.683	-0.865	5.115	0.053	-0.821	8.137	-4.258	-9.810	4.198	7.407	-4.552	17.334	1.161	4.509	-8.305	-1.450	0.528	1.452	32	Faces
-3.218	-12.795	-0.624	-10.724	-6.694	1.626	-1.225	9.713	3.332	12.337	6.744	6.630	1.240	-4.441	-16.095	-14.413	-10.983	-0.741	-11.201	-12.001	-7.911	-2.598	3.175	-3.320	9.206	11.679	-3.054	1.850	32	ScrambledCars
3.350	1.627	6.008	0.487	6.951	3.117	-0.266	0.474	-1.638	6.278	-0.057	-3.578	-1.209	3.618	-6.648	0.245	4.787	-0.246	0.786	-3.691	-1.478	0.677	-3.849	0.187	2.542	-3.650	5.871	-5.121	32	ScrambledFaces
-12.035	-1.644	-7.152	-5.838	-9.805	-3.989	-1.453	3.223	3.498	0.286	17.714	2.993	-2.953	-5.012	-6.351	-3.267	1.604	-6.018	8.684	-6.614	-7.597	-7.420	-2.887	3.045	7.887	8.958	3.462	7.509	32	ScrambledFaces
-2.948	-4.744	1.915	2.165	0.033	1.075	0.600	3.978	17.782	-2.886	5.472	3.770	6.810	1.431	-3.996	-3.142	-9.027	-3.693	0.590	2.054	4.326	-7.142	-1.126	-0.736	-0.162	2.748	-0.959	2.102	32	ScrambledFaces
-0.755	4.394	-7.633	8.649	6.625	-1.590	-0.556	-1.449	-1.298	-0.025	4.077	-0.251	2.785	4.153	0.180	9.177	8.887	-3.567	-4.162	10.977	3.245	1.004	-3.297	1.426	-4.052	-2.583	-4.817	3.242	32	Cars
-16.453	-17.432	-14.433	-11.847	-4.726	0.249	12.015	11.280	17.884	12.430	17.776	18.602	10.831	2.154	-20.325	-14.463	-27.637	-7.057	-9.977	-14.191	-1.263	-0.338	-7.400	6.480	9.096	12.068	13.452	16.824	32	Faces
2.062	1.353	-1.481	-6.601	0.927	-2.610	-2.840	-4.793	2.545	-6.033	3.144	2.762	-2.744	-0.477	2.567	2.363	12.573	3.746	-0.337	-1.202	-1.390	0.302	6.024	5.950	0.744	-1.068	4.822	-2.714	32	ScrambledFaces
-8.234	-14.655	-12.550	-4.526	-5.824	-2.539	5.957	2.301	10.880	12.122	-0.148	2.191	-2.134	0.202	-0.573	-11.359	6.968	-2.580	-6.058	-3.865	0.965	6.056	5.089	5.845	8.379	1.760	2.234	3.736	32	ScrambledFaces
-3.480	-6.443	10.668	2.132	-0.653	-0.951	-0.151	0.308	8.704	-6.022	3.354	2.030	-1.767	-8.824	-1.207	-2.219	5.356	-8.867	-6.163	1.619	-10.420	-13.320	-6.518	-6.184	-0.254	3.839	-2.766	4.715	32	ScrambledCars
1.170	4.154	6.820	1.398	1.247	0.649	-5.861	-7.314	-21.078	-17.434	-7.209	-7.884	-1.015	1.165	7.227	7.520	7.965	1.266	13.404	0.423	3.623	6.920	5.599	-0.599	-0.369	-3.632	-2.160	-2.396	32	Cars
1.229	1.902	-2.466	4.124	-1.138	-1.089	-1.912	4.254	3.431	0.223	4.240	-5.894	-2.955	-2.297	-1.172	-4.942	2.954	-2.902	-0.988	-11.687	-5.635	1.822	1.040	1.665	-1.481	3.425	-4.754	1.871	32	ScrambledCars
4.595	6.909	5.268	6.920	1.110	1.729	-2.924	0.305	-3.393	-6.749	-0.114	-5.772	-7.750	-5.022	4.565	7.830	6.799	-4.375	4.962	9.430	2.053	-2.084	-0.277	-1.296	-1.134	0.723	-2.692	-6.047	32	ScrambledFaces
8.278	5.303	-3.177	0.057	1.661	-1.965	-4.200	0.205	-4.877	1.189	-2.692	-4.029	-3.474	3.818	-0.874	4.141	3.406	4.732	4.117	1.568	0.574	0.137	0.071	-1.520	1.161	-0.050	1.070	-1.182	32	ScrambledCars
-1.863	1.541	-0.752	2.318	0.429	-2.306	-1.570	5.526	0.360	7.309	4.132	-1.785	-0.328	-3.248	5.088	-3.211	0.926	-5.675	1.026	1.398	-1.043	-5.743	-1.705	-1.010	-1.736	5.848	-3.620	-2.266	32	ScrambledFaces
-7.260	-0.056	-11.260	-2.496	1.151	1.117	7.361	-0.276	11.784	7.599	8.241	4.651	9.087	9.367	-7.540	1.669	-7.401	-5.321	2.427	-1.773	6.163	1.430	-5.291	5.026	-1.563	8.623	13.144	12.712	32	Faces
-5.132	-3.092	-2.580	-1.523	-0.681	2.836	4.862	4.244	17.264	4.514	7.344	1.889	6.042	-0.980	-4.356	1.929	-29.281	-5.058	-8.783	7.774	1.061	-0.775	-1.538	1.570	4.502	2.615	1.609	6.260	32	ScrambledCars
0.152	-11.217	6.892	-4.615	0.868	-2.989	-3.587	3.095	8.960	-4.552	5.641	2.140	4.777	-7.807	-0.087	-12.851	4.073	-0.257	-13.991	-2.264	-8.719	-12.748	-9.445	-6.438	5.141	2.618	1.565	6.302	32	ScrambledFaces
-8.424	-6.839	0.702	-7.562	-3.043	0.607	0.778	1.964	5.124	13.546	2.594	1.665	3.177	-3.056	-3.567	-10.151	-1.820	-3.101	-4.757	-6.921	-5.219	-0.565	3.538	1.112	1.651	3.028	5.528	7.643	32	ScrambledCars
-6.376	-1.435	-4.293	2.047	1.403	-0.405	-0.682	-0.982	2.284	-3.420	6.837	3.930	-0.839	-8.141	-6.205	-7.589	-6.989	-2.865	-4.721	-8.107	-7.274	4.001	5.028	3.419	5.991	8.752	5.770	1.162	32	ScrambledCars
-4.422	-7.622	-8.232	-4.474	-4.751	1.383	3.266	6.304	12.756	5.601	10.623	4.157	3.620	1.517	-8.183	-2.053	5.534	-0.616	-0.520	2.674	2.981	4.452	0.950	-0.129	2.589	4.132	0.587	3.769	32	ScrambledFaces
3.392	2.727	12.752	-3.165	-3.929	-0.158	-0.457	0.170	-8.686	0.690	4.629	0.495	-4.410	0.526	5.724	-6.073	6.911	4.048	2.333	3.988	-6.469	-1.579	-0.945	-3.116	-8.092	-6.940	-8.088	-2.230	32	Cars
1.269	2.512	-5.475	-0.495	-6.117	-7.971	-3.326	-1.160	-0.036	-0.763	-1.198	1.299	-1.241	0.118	1.721	0.940	-7.026	-0.359	0.181	0.752	5.514	1.730	8.062	2.605	10.968	8.970	5.733	2.579	32	ScrambledCars
2.366	-1.284	6.535	-0.798	-4.486	-0.768	-2.310	-6.703	-6.550	5.124	-2.172	-4.430	2.251	-5.015	3.172	3.156	12.198	0.755	12.838	3.963	-1.067	1.301	2.876	-0.332	-6.148	-5.990	0.440	-3.185	32	Cars
2.685	-11.042	3.011	-7.225	1.176	0.041	-0.825	1.054	9.686	-6.119	-2.754	-6.136	-2.374	-2.737	1.663	-4.103	5.161	7.097	0.853	-7.493	-0.979	-4.884	1.004	-4.571	2.726	0.081	-3.588	-1.479	32	ScrambledFaces
5.401	1.797	-1.527	-1.041	-3.068	4.364	-2.084	8.154	13.433	-0.261	4.940	-0.778	-12.696	-11.066	1.219	-2.861	6.225	2.941	-2.741	-7.166	-9.393	-11.100	0.394	-7.009	1.081	-5.900	-9.625	0.512	32	ScrambledFaces
-9.612	-2.990	-6.763	-2.604	-2.478	-4.392	1.588	-4.243	7.656	-5.516	4.731	10.724	-4.237	3.425	-2.229	-1.925	2.086	-0.594	2.898	-3.300	2.671	-5.680	-1.561	3.897	5.111	11.149	8.644	-0.661	32	Cars
-6.609	2.886	1.634	2.048	0.024	-1.553	-1.957	-1.936	-1.757	-5.080	-0.805	-0.985	5.671	4.214	5.230	3.938	-15.756	11.281	8.723	0.168	2.474	9.227	9.525	0.651	-5.253	-6.335	2.474	3.787	32	Cars
-4.074	0.706	-1.965	-11.847	-4.989	-2.262	4.533	0.166	-0.562	5.417	2.918	4.766	7.250	-1.844	0.207	-1.113	-3.898	4.344	-3.493	-9.434	2.403	-6.931	-0.234	5.798	3.788	7.464	2.449	5.962	32	Faces
-10.752	-11.921	0.911	-16.659	-6.348	-1.102	-1.002	5.900	7.145	-1.391	9.287	5.951	-1.208	-3.783	-9.287	-9.843	-18.529	-13.310	4.584	-8.575	-10.105	0.386	4.311	4.464	7.705	10.642	7.838	14.735	32	ScrambledFaces
-5.378	-6.224	-9.324	-12.119	-2.031	0.022	3.409	10.333	5.769	-1.893	9.331	3.968	-4.489	-9.538	-10.895	-14.690	-7.176	4.235	-11.663	-16.561	-7.369	-2.745	-1.232	0.124	7.780	10.000	7.906	6.849	32	ScrambledCars
-0.344	-0.667	0.217	-0.943	-1.407	-1.869	0.507	-5.523	-5.080	-6.589	3.560	5.599	4.013	6.744	-1.230	2.130	-1.025	6.643	8.380	-3.480	6.308	-2.789	2.985	2.606	-3.856	5.362	1.302	6.082	32	Faces
6.071	-0.199	-2.199	-6.660	-4.854	-4.214	-2.916	-4.440	-3.394	3.624	3.123	-3.331	-0.880	0.057	8.993	-5.403	-5.361	4.623	-3.140	11.339	-2.633	1.458	2.524	-0.205	2.109	3.533	-5.750	-1.428	32	ScrambledFaces
-6.734	-20.396	-2.108	-14.245	3.231	6.239	9.281	12.021	10.870	5.533	9.808	4.805	6.125	0.134	-12.299	-13.150	-21.195	-8.618	-26.447	-1.165	4.208	3.065	-3.047	11.688	12.431	5.843	7.151	8.207	32	ScrambledCars
-8.285	-1.005	-3.959	-1.569	2.285	3.258	8.166	1.299	12.650	12.597	12.203	13.564	11.373	4.187	-11.976	-6.763	-21.435	-7.267	-9.608	-1.406	1.457	-2.807	-1.655	9.240	2.716	6.712	7.747	11.357	32	Cars
-4.635	-5.349	-2.446	-9.138	-6.436	-2.671	-2.137	-1.583	1.889	10.023	1.009	0.605	5.810	-1.021	-3.922	-1.799	9.791	-4.283	10.227	1.914	-1.621	4.585	7.101	0.889	2.101	2.147	4.060	-0.872	32	ScrambledCars
-3.944	-0.371	2.231	2.844	2.134	1.653	2.833	-6.074	-8.533	-9.274	-5.837	-1.679	-2.349	2.032	0.303	8.174	13.256	-0.557	19.856	1.279	-0.005	9.466	1.073	-1.748	-3.697	-6.282	-1.590	1.808	32	Faces
5.737	2.798	6.921	7.010	2.102	0.774	1.163	-3.223	-1.387	-6.740	0.178	-6.051	4.527	5.556	5.381	6.598	5.143	1.671	0.775	8.334	3.212	2.433	1.209	-7.325	-3.254	-7.206	-6.193	0.885	32	ScrambledFaces
-9.111	-5.472	-4.668	-2.578	7.395	2.298	7.285	1.147	5.730	-3.655	13.961	12.228	5.206	7.703	-11.206	-1.055	-17.906	-13.160	-5.072	-7.849	0.623	7.171	1.573	8.503	0.543	2.556	6.680	5.740	32	Faces
2.631	-3.543	-2.397	-1.618	-0.935	-0.319	2.418	-3.265	-2.381	0.868	6.755	5.410	4.787	7.388	-0.134	5.629	15.676	-0.181	4.555	6.878	8.456	4.187	-3.809	3.354	-9.721	-1.167	7.763	-1.122	32	Faces
4.496	7.979	2.160	-2.568	-3.435	-3.043	-3.300	-0.928	-0.911	-8.896	-5.722	-9.372	-6.318	-3.360	13.273	0.438	5.259	12.078	-2.694	-1.294	-5.029	2.205	2.235	-3.022	0.534	-3.949	-10.705	-16.504	32	ScrambledCars
-11.476	-7.747	-9.038	-0.702	-5.619	-2.508	9.068	5.128	5.509	7.279	6.949	8.336	1.319	-2.254	-2.697	-10.519	-5.608	6.457	-17.759	-14.782	-4.493	0.191	0.268	4.501	0.636	1.968	10.812	5.153	32	ScrambledCars
-1.901	3.187	5.277	-4.555	1.787	3.033	2.778	1.083	-1.382	5.673	4.544	4.258	-0.541	-3.250	-3.582	-2.961	-1.234	-1.942	-3.803	-11.541	-5.252	-1.051	2.402	2.315	-1.499	0.395	1.156	2.460	32	Faces
7.967	12.083	15.607	12.760	0.002	3.536	1.384	0.514	2.617	0.375	-3.895	-0.684	-5.992	0.481	5.129	9.004	-7.667	-1.814	-9.780	3.848	-1.071	-5.085	2.592	-7.949	-7.697	-3.231	-4.142	-0.841	32	Faces
5.517	8.546	-1.145	0.407	0.180	0.918	-6.680	-0.410	-11.681	-1.139	-3.825	-1.408	-5.525	1.807	3.739	2.042	-5.190	6.738	-6.690	11.514	-2.214	-0.763	-1.139	-0.242	4.476	1.979	3.238	-13.062	32	ScrambledCars
-3.985	3.273	-3.946	6.705	-4.004	-1.260	-5.604	3.126	1.952	4.736	4.234	6.201	-2.235	-5.191	-5.763	0.775	-2.750	-0.515	-9.070	-5.480	-4.018	-8.395	-0.861	4.190	3.475	2.785	6.432	5.159	32	Cars
-8.129	-8.935	-7.864	-6.104	-3.324	-5.589	1.883	0.808	8.666	11.591	7.403	4.518	5.866	-1.841	-6.391	-5.518	-20.516	-6.999	11.986	0.359	0.502	4.005	1.350	6.094	10.530	8.200	10.038	6.628	32	ScrambledFaces
-8.549	-20.028	-15.235	-5.455	-8.009	-0.713	10.749	5.102	1.894	6.818	6.741	8.817	5.225	2.487	-3.405	-14.941	-6.470	6.539	-10.039	-10.510	-9.303	1.432	9.410	7.211	5.498	13.244	6.718	10.493	32	Cars
-9.775	-8.341	-9.753	-6.937	-3.629	-3.568	1.158	5.025	10.604	11.397	9.010	6.179	2.101	1.041	-7.047	-9.072	-2.964	-3.244	-3.307	-6.409	1.204	-0.845	7.366	6.001	10.697	2.772	3.347	9.371	32	ScrambledCars
-13.628	-21.805	-10.172	-18.172	-9.415	-9.948	5.025	10.576	5.059	10.272	15.211	11.014	10.938	0.864	-14.454	-19.419	4.703	-6.861	-2.669	-10.307	-7.934	-3.584	0.880	10.749	11.894	17.933	16.703	15.131	32	ScrambledFaces
-5.016	-4.958	-8.754	-5.513	-4.470	-5.914	-0.644	2.559	-2.574	-0.527	6.265	8.228	0.274	4.123	-6.452	-2.761	-4.839	-2.386	1.566	-1.706	-0.631	-0.652	5.198	2.854	9.587	7.265	5.701	8.805	32	ScrambledCars
-16.192	-9.478	-3.510	-5.882	-5.104	-0.527	-2.604	6.526	4.895	-4.860	24.125	4.700	-2.307	-4.235	-11.307	-8.018	-2.805	-6.849	-7.351	-1.489	-6.120	1.034	1.766	-1.182	11.288	4.603	3.974	8.087	32	ScrambledCars
-5.759	-1.573	-6.958	1.455	0.493	2.611	7.231	-0.474	7.137	5.059	10.248	5.721	7.289	1.633	0.754	5.188	-11.800	-0.632	-3.972	1.702	3.773	-1.450	0.241	-2.073	-3.428	-1.630	6.137	7.163	32	Faces
-4.916	-1.975	2.961	-10.343	-4.198	-0.734	7.275	7.212	10.094	8.878	4.575	2.000	2.444	-2.165	-9.145	-4.570	-8.678	2.154	3.034	-9.301	-9.134	-5.546	-4.584	2.155	1.894	2.863	1.826	4.215	32	ScrambledFaces
0.401	-4.142	-4.215	-12.233	-3.728	-6.497	-5.979	-3.586	2.058	-0.785	0.261	-1.148	-5.548	-2.166	5.486	-8.913	9.598	11.992	-1.057	-3.659	-4.857	-2.764	4.006	-2.479	6.070	6.712	-2.766	12.755	32	ScrambledFaces
-0.609	6.133	-3.648	2.947	-1.668	1.681	-3.611	-8.552	-0.019	-3.104	-8.148	0.139	2.363	5.658	3.684	6.288	1.569	-0.246	5.966	9.216	4.088	5.841	1.488	4.435	-1.181	-0.970	1.467	-4.467	32	Faces
-9.955	-8.327	-10.979	-4.255	-2.495	-4.198	6.591	4.916	6.369	7.577	11.083	7.186	7.512	4.492	-7.640	-7.737	-6.587	-15.434	2.569	2.560	0.966	4.141	2.397	10.552	2.781	6.917	12.733	6.779	32	Faces
0.206	-1.154	-7.029	-5.847	-1.117	-10.275	-4.972	-10.422	-3.635	-3.003	-0.222	1.471	2.446	1.842	7.826	2.381	-0.128	12.448	-3.721	-1.463	4.369	2.816	8.664	5.323	6.112	4.704	5.887	1.223	32	Faces
-6.878	1.050	-2.619	-3.890	1.869	-3.209	4.628	3.808	8.326	4.299	6.825	8.511	1.942	-4.200	-9.745	-12.534	-8.721	-9.163	-5.223	-7.345	-10.838	-4.889	-1.092	0.816	4.703	5.428	8.964	5.110	32	Faces
-3.640	-5.019	-6.266	2.537	3.679	-3.510	3.644	-7.716	-6.183	3.438	0.079	4.023	4.697	7.992	1.087	0.563	6.896	-1.386	-2.059	2.716	8.631	2.315	-0.107	4.890	-2.434	2.741	9.639	8.817	32	Cars
-4.788	-20.624	3.166	-7.241	-1.141	2.798	3.719	0.138	10.840	20.487	10.593	11.070	-2.602	0.980	-17.160	-9.317	-12.667	0.646	-15.596	-19.346	-3.441	-1.834	-5.203	2.070	3.671	7.625	0.154	12.422	32	Cars
6.972	-6.102	4.227	0.032	-2.506	-3.040	-2.999	-8.317	-17.884	-5.679	-1.222	0.088	-6.358	1.271	13.317	-0.777	4.379	12.948	7.131	5.314	3.427	1.647	2.688	-1.096	-6.930	-2.408	2.555	-0.107	32	Faces
-4.317	-11.695	-8.094	-5.685	-7.003	-2.040	6.225	3.883	-0.657	13.136	6.044	10.619	3.266	-4.472	-5.103	-13.831	-3.935	-7.886	1.030	-1.710	-5.426	-0.723	8.286	4.595	5.220	5.493	6.468	9.794	32	Cars
-20.160	-10.634	-8.232	-2.870	-6.351	-2.880	-2.141	2.813	12.183	2.478	5.813	1.527	-3.678	8.330	-6.396	-7.489	13.561	-1.840	9.516	-8.008	-5.909	4.186	3.297	1.355	7.251	6.272	0.989	1.213	32	ScrambledFaces
6.984	8.142	0.110	14.716	7.221	4.407	0.646	-2.355	2.609	2.121	-3.385	-0.955	-2.308	-0.526	3.714	3.779	0.372	7.699	-7.175	9.249	4.467	1.070	-7.654	-12.302	-7.990	-6.030	-3.892	-7.077	32	Faces
2.292	-10.300	5.388	1.962	-2.755	-4.603	-5.239	-3.370	-11.071	-9.015	1.911	2.098	-2.238	-1.162	-1.109	5.852	9.100	4.135	3.237	-1.291	2.178	-9.068	4.905	0.949	2.746	-0.490	0.937	6.920	32	Faces
-9.239	2.488	-4.840	-10.284	5.595	-0.004	5.879	3.971	8.586	15.329	7.323	2.669	0.439	-0.057	-10.194	-2.017	-9.286	-9.676	-8.496	-6.369	-0.295	-2.032	1.682	7.809	10.802	7.220	4.079	-1.786	32	ScrambledFaces
-3.536	-4.803	-2.021	-6.224	-2.529	-1.757	0.654	-2.267	-1.677	1.715	2.929	1.957	-1.708	7.301	-2.833	0.167	9.271	-2.253	5.049	-6.721	-4.129	8.075	3.121	3.650	-1.318	3.555	3.196	1.503	32	Faces
-15.889	-8.949	-14.032	-2.896	0.872	-2.231	3.484	1.971	7.991	15.494	2.279	8.357	6.172	-2.333	-12.044	2.542	1.668	-14.498	0.422	-9.093	-3.269	-0.768	-2.900	6.793	10.632	11.098	8.199	-4.667	32	ScrambledCars
17.417	9.759	6.565	8.207	6.864	5.511	-0.479	4.631	-3.875	-6.541	-2.060	-6.372	-5.397	-0.417	14.541	6.645	5.943	4.583	-0.930	3.742	-1.703	-4.353	-3.384	-5.511	-16.597	-12.027	-8.786	-8.241	32	Cars
-10.049	-12.500	-3.262	-7.764	-3.345	-3.670	2.254	-0.389	6.227	3.411	8.638	7.842	2.203	-2.740	-9.854	-9.827	-12.237	-8.372	2.147	-16.007	-6.875	-1.130	3.833	7.005	13.255	7.134	8.713	7.794	32	ScrambledFaces
-0.540	-1.807	3.545	-4.356	-3.223	-4.807	-5.077	-4.899	6.461	1.938	-1.466	3.279	0.345	-2.436	0.906	-2.927	0.877	8.200	-0.366	-8.083	-1.629	-2.641	2.679	-0.391	-0.032	3.262	4.253	1.909	32	Cars
-0.933	2.823	-1.283	-1.303	-4.690	-0.531	4.904	0.404	-2.222	6.773	5.057	5.658	6.436	5.138	-1.380	-2.280	-8.358	-0.869	0.896	2.795	2.062	-0.599	-3.798	4.471	-3.425	1.309	5.076	3.924	32	Faces
9.568	14.001	9.935	6.095	3.079	3.911	-1.836	-1.337	-16.956	-1.609	-5.788	-7.313	0.178	-1.033	5.517	13.995	9.459	2.281	15.408	6.922	7.834	4.680	8.070	0.323	-11.794	-15.656	-6.375	-11.149	32	Faces
-0.848	-3.570	-3.865	-8.321	-9.673	-0.842	-0.112	-1.097	-0.903	6.262	2.837	-1.413	4.664	1.989	7.329	-4.939	-6.227	7.358	9.928	-4.409	-5.042	6.132	3.290	5.962	-3.913	-2.113	0.545	3.876	32	Faces
-3.403	-0.665	0.922	-1.663	5.253	1.576	1.305	3.465	0.351	1.483	1.575	-2.155	-12.540	-6.937	-4.074	-11.743	-3.064	5.984	-4.934	-12.052	-1.583	-0.179	-0.119	-5.004	4.691	5.623	2.274	5.454	32	ScrambledCars
-17.361	-5.877	-14.127	-5.428	-2.982	-6.753	3.058	2.036	10.036	8.691	10.141	5.516	7.989	3.067	-1.397	-7.591	-12.829	-4.464	-7.548	-0.502	-5.406	7.532	9.789	6.375	13.250	9.088	7.068	4.213	32	ScrambledCars
4.668	-2.688	1.523	-0.322	-0.881	-3.733	-2.114	0.869	5.345	3.265	0.602	1.136	-8.039	-5.988	0.664	4.075	-4.813	2.774	-1.630	5.746	-4.613	1.729	0.699	-3.160	-1.194	3.333	-0.112	-0.855	32	Faces
-3.386	-0.445	-5.673	1.641	3.408	-3.159	-3.560	-2.557	-4.051	-2.430	-4.660	0.687	-4.532	-0.506	2.806	4.253	8.214	13.356	4.502	2.845	-1.182	-1.351	3.444	0.619	-1.871	-2.113	-5.340	3.358	32	Cars
-4.218	-11.689	-6.148	-4.624	1.864	-3.347	3.674	-0.501	0.868	12.561	6.292	6.396	-0.728	-3.856	-3.754	-9.768	12.362	-4.773	-2.026	0.440	3.422	-3.226	-2.312	2.115	2.594	3.898	2.490	2.308	32	Cars
-5.887	-5.441	-12.496	-6.272	-6.470	-2.634	1.876	2.672	3.933	12.358	5.199	8.788	5.171	0.789	-4.095	-2.311	-16.010	-4.270	-0.487	-0.763	-1.691	3.095	6.965	6.648	3.815	13.019	3.301	5.716	32	ScrambledCars
-19.080	-6.262	-13.964	-0.715	-0.175	-4.453	4.263	4.188	-0.341	7.588	8.330	6.906	6.807	5.552	-5.274	-5.498	-8.495	-12.503	-3.077	-3.019	2.025	6.439	3.290	6.683	13.563	12.126	8.421	4.130	32	ScrambledCars
-2.054	1.106	12.981	-4.433	-0.774	2.444	-1.022	2.223	-6.999	-0.337	-0.432	1.546	-2.450	1.267	-3.257	-0.924	-7.453	10.157	-0.205	-13.279	-5.748	-7.055	-0.889	-3.449	-1.284	-2.980	1.308	-2.790	32	Cars
-3.029	2.851	-9.740	-0.704	6.849	1.207	2.374	-3.622	4.096	8.405	8.031	8.496	9.828	2.468	-4.449	-2.461	-5.745	-8.061	12.556	0.655	11.371	-3.169	0.646	3.083	-6.538	2.646	7.216	6.341	32	Faces
-11.050	-4.129	-8.589	-0.212	-2.988	3.173	5.189	4.042	-8.725	5.834	3.073	1.776	-1.585	-0.838	-0.998	0.802	0.326	2.571	-3.766	-2.754	-0.446	3.644	4.529	4.363	3.866	4.216	2.723	-5.019	32	ScrambledFaces
-11.134	-3.930	-0.521	-1.153	4.867	1.161	-4.553	2.534	6.659	-1.734	4.265	-0.042	-2.649	-0.423	-3.349	-2.201	11.845	2.722	-0.614	-4.042	-6.323	3.119	5.027	-3.492	2.643	2.775	-1.268	-2.995	32	ScrambledFaces
-0.888	-0.022	-7.986	-0.135	-2.063	-3.244	2.979	-4.438	0.432	4.608	4.360	3.952	3.863	1.408	1.762	2.292	5.031	-3.922	-3.892	3.863	0.337	0.243	-5.335	-1.057	-6.792	-2.629	0.216	3.833	32	Faces
-5.591	-1.517	-0.289	1.584	0.335	-0.754	-4.049	-0.066	-5.727	-3.981	-0.883	-2.310	-2.752	-4.045	0.352	-0.218	7.827	9.521	5.116	-2.055	-3.156	0.570	2.624	-4.134	5.186	0.481	-5.218	-0.888	32	ScrambledFaces
-8.734	-12.878	-3.575	-9.518	-0.429	-1.122	-3.844	5.944	6.299	5.723	4.241	11.011	-1.868	-9.524	-13.730	-16.571	-14.058	-3.023	-1.990	-11.797	-6.221	-7.939	-0.933	-0.404	7.976	13.615	2.921	8.691	32	ScrambledFaces
-5.553	-3.089	-8.061	8.554	-1.592	-3.604	1.457	-3.136	4.933	4.525	8.174	10.929	5.637	10.419	-8.996	-0.728	6.185	-9.922	-2.148	1.486	5.415	-3.135	-2.421	4.500	1.388	0.210	8.585	13.671	32	Cars
-10.493	2.062	-5.480	-5.966	-2.395	-2.202	-3.179	4.006	0.201	0.374	5.737	0.295	-6.992	1.463	-3.877	6.159	10.027	8.714	6.456	1.454	-9.541	0.246	2.930	-3.561	7.556	0.628	-6.338	3.227	32	Faces
-4.121	15.540	-2.284	-6.963	-6.586	-3.083	3.813	2.227	10.413	-1.958	4.109	2.769	-2.809	-8.825	-3.364	-0.503	6.169	-5.530	-2.013	-9.355	-8.674	-0.092	-0.468	2.850	4.115	2.176	-0.404	-6.597	32	ScrambledFaces
2.676	-7.269	-1.181	0.924	1.210	1.499	-2.474	5.137	7.208	5.800	6.008	3.278	2.700	-1.490	-6.232	3.025	5.508	2.568	1.124	6.029	-2.345	1.857	-2.824	-4.416	-6.663	-3.880	-0.269	-1.499	32	Cars
10.460	-5.610	3.900	-2.896	-5.270	2.721	-5.648	-2.268	-3.375	-1.225	-4.045	-2.694	-1.045	-0.037	14.274	2.308	-11.684	10.086	-4.130	-1.759	-1.970	0.585	0.271	-7.338	-7.780	-4.887	-1.593	-6.526	32	Faces
-0.382	4.432	-3.356	-0.906	-4.717	-1.637	3.822	-0.483	14.173	0.718	-4.240	-2.704	-2.040	-0.330	-9.167	4.063	22.861	-3.464	1.340	1.811	1.063	1.381	2.964	2.300	5.279	2.272	4.865	1.220	32	ScrambledCars
-15.146	-8.505	-4.449	-4.008	-1.198	-2.190	3.311	-0.378	9.233	3.272	8.883	12.873	2.623	-1.503	-11.751	-6.152	18.403	-3.564	-7.778	-1.314	-0.889	5.224	-4.207	0.590	0.484	4.718	10.897	5.924	32	Faces
-9.768	-13.622	-9.807	-13.428	-8.121	-4.076	2.163	3.681	10.202	6.770	7.380	8.958	2.902	-0.417	-8.557	-11.596	-4.779	-1.960	0.750	-9.713	-7.587	-0.560	6.813	12.668	13.311	11.464	11.544	6.407	32	ScrambledFaces
-22.854	-15.602	-12.272	-7.559	-2.416	-1.591	8.304	7.731	13.836	7.918	22.428	17.745	10.730	1.619	-21.034	-16.248	-7.537	-6.695	-7.388	-9.836	-6.557	-4.928	-2.913	9.431	9.291	16.921	17.903	15.730	32	Faces
3.304	-0.608	-8.444	-3.371	-2.556	-2.350	4.212	-2.659	2.688	0.371	-0.869	5.315	10.145	10.688	-6.715	-1.224	-5.271	3.101	0.365	6.902	10.827	10.121	7.973	9.806	3.769	7.978	10.224	12.056	32	Faces
2.386	-1.827	3.694	-0.927	-1.413	-3.541	-2.118	-0.867	-0.216	5.650	4.824	-0.163	-1.828	2.732	0.214	-2.662	0.730	-3.115	1.365	7.973	-2.366	-1.611	2.850	-2.595	0.226	-0.612	0.049	-4.121	32	Cars
-4.768	-5.857	-7.122	-4.970	1.577	-0.449	7.365	7.527	1.201	2.624	10.413	7.318	6.568	5.301	-6.344	-8.209	-6.436	1.919	-0.792	-7.314	-0.579	7.126	3.910	7.014	2.336	-0.907	3.631	3.258	32	Faces
8.743	9.496	-4.605	-0.544	-7.688	-2.431	-4.947	-8.108	-10.474	-3.165	-3.616	-4.870	-6.354	-3.761	5.297	3.943	6.566	10.143	9.219	1.240	0.169	5.351	6.599	-3.561	1.005	-1.645	-6.026	0.482	32	ScrambledFaces
-7.697	2.983	-5.124	6.950	10.860	4.433	3.202	-0.481	-0.701	-1.495	3.646	2.650	7.896	0.967	2.498	-1.232	-10.224	5.395	14.891	-1.410	3.185	3.888	-1.201	-2.392	-3.848	-6.703	-0.937	-0.054	32	Cars
-7.599	-6.945	-9.406	-12.168	-2.568	-6.590	6.273	0.126	7.162	3.192	17.350	5.053	6.513	-0.031	-11.817	-6.689	-3.617	7.943	-13.131	-6.020	-0.079	-2.657	3.638	12.419	12.766	10.862	6.359	6.893	32	ScrambledFaces
-7.506	-9.109	-9.281	-3.003	-8.545	-1.788	10.023	6.547	12.041	7.288	15.107	12.885	1.386	10.173	-13.086	-12.033	2.819	-7.804	-8.477	-11.361	-5.717	0.550	-2.713	8.674	3.956	9.980	11.340	14.803	32	Cars
-15.105	-1.855	-6.383	5.276	11.097	3.462	8.955	12.075	-1.436	4.192	9.354	7.107	6.936	9.149	-16.473	0.645	-18.193	-9.461	2.010	-2.838	-0.917	2.852	-4.036	3.757	6.747	6.910	12.789	3.711	32	ScrambledCars
-5.308	-10.716	-4.743	-2.000	-0.604	-1.251	1.797	0.205	11.966	8.132	4.842	7.610	3.118	1.839	-5.290	-2.370	0.246	1.307	-7.400	5.184	4.909	5.003	-5.975	1.868	-1.240	4.418	4.023	4.899	32	Faces
-2.723	-10.951	-5.350	-8.909	-11.058	-8.531	-1.016	-2.070	8.993	-0.268	6.893	5.832	-0.975	13.595	-4.159	-10.092	-23.276	-2.961	-3.700	-11.547	-10.698	1.517	0.917	1.238	5.709	14.426	2.773	3.242	32	ScrambledFaces
-5.847	-2.747	-6.491	-0.750	2.815	1.903	7.954	7.588	10.618	5.257	10.674	11.016	3.487	1.723	-6.226	-4.904	-13.029	-3.758	-12.354	-7.519	2.431	-2.082	-3.344	2.622	2.623	3.061	3.403	16.176	32	ScrambledFaces
-9.000	-0.128	-5.304	-1.270	2.390	-3.481	1.566	-3.988	3.880	1.709	4.659	4.426	-1.685	-6.005	1.627	-3.409	1.551	4.039	-1.426	-10.077	-1.072	0.883	1.470	5.235	1.350	3.695	4.817	5.712	32	Cars
1.262	-0.811	-5.201	-6.863	-6.686	-6.000	-1.369	1.125	2.784	0.643	-2.552	1.940	0.243	-6.276	-2.792	0.647	-5.078	0.456	-1.033	-8.248	-1.529	-0.734	3.565	4.387	6.495	5.699	-0.032	-0.612	32	ScrambledFaces
-2.561	10.365	-6.180	4.354	1.922	0.530	6.077	-5.481	-1.867	11.285	4.619	-0.112	4.648	10.725	4.422	2.302	3.958	2.335	-1.097	5.652	5.761	0.368	-2.617	2.608	-4.962	-2.881	0.113	-1.464	32	Faces
-0.272	2.246	-2.092	0.414	-0.177	-2.755	-2.920	-3.183	-1.723	3.109	-1.845	-2.206	-3.738	-3.903	3.854	5.235	3.245	9.965	4.262	-3.555	-4.253	2.458	4.410	-3.070	-2.308	-5.793	1.417	1.651	32	Cars
5.603	-0.512	3.407	4.436	-4.671	2.529	1.685	1.394	4.107	-0.263	6.138	-1.456	-0.521	-6.936	11.259	1.344	-5.935	7.508	-2.714	-2.492	2.593	-0.449	-3.917	-1.010	-11.305	-6.287	-3.532	-6.707	32	Cars
-14.746	-13.333	-13.105	-5.510	-6.372	-1.716	11.775	6.929	11.590	14.083	10.834	15.475	10.900	0.856	-14.518	-16.342	-7.170	-2.069	-13.212	-10.552	-4.881	-3.571	-2.808	7.007	6.718	9.155	18.742	14.917	32	ScrambledCars
-3.767	12.044	-6.053	3.848	1.748	-3.559	5.501	-2.789	-15.447	6.359	6.367	3.547	1.746	-0.216	1.437	9.169	12.994	-0.266	3.109	7.708	2.804	2.317	3.815	-0.639	-8.270	-9.089	-3.379	3.394	32	Faces
-8.587	-0.536	-6.469	3.488	3.857	-2.187	1.588	-0.397	-0.977	4.142	4.862	6.080	7.869	12.082	6.209	5.617	1.392	-2.663	-7.301	5.051	9.587	3.115	0.207	4.761	-4.476	0.757	3.618	1.194	32	Cars
7.924	-0.537	3.139	-3.052	-3.881	-1.895	-1.354	-8.888	-0.670	-2.706	-7.074	-7.535	2.392	8.358	9.630	2.045	1.617	4.533	3.398	2.693	3.346	6.475	3.406	1.143	-3.630	-6.212	-1.254	3.418	32	Faces
-14.385	-7.770	-13.988	-12.383	-3.068	-3.013	3.849	-0.161	5.775	7.386	3.581	3.379	-7.893	-6.453	-7.044	-4.853	8.229	-1.484	5.405	-3.000	-5.596	-4.538	6.998	8.631	13.365	12.444	12.386	-0.950	32	ScrambledCars
-4.345	-2.688	-5.907	-3.001	-8.461	-8.405	-4.110	-11.480	-3.753	-2.126	2.850	5.993	-2.401	-3.685	-5.803	-5.391	18.799	2.987	-0.224	-5.659	-9.601	3.532	2.783	3.571	9.305	11.989	4.359	8.560	32	Faces
-1.265	5.917	-3.859	4.147	-1.854	-1.563	4.597	-1.426	-2.484	-2.329	2.353	-0.814	3.608	2.592	4.148	7.241	5.021	3.016	1.153	2.342	4.553	11.315	2.865	4.140	-4.955	-2.999	-3.501	-3.375	32	Cars
-1.852	-3.510	2.837	-2.591	2.702	2.931	-3.629	2.417	-2.761	6.421	2.779	-2.007	-1.145	-1.872	0.059	-1.232	-18.637	6.962	-9.263	-9.548	-1.553	-4.308	-1.095	-5.054	5.175	-0.114	0.058	-0.792	32	ScrambledCars
-5.259	5.680	-4.101	0.288	6.399	2.808	0.364	-0.553	-1.496	-2.428	0.194	1.532	-5.358	0.664	-3.373	1.597	12.082	7.510	3.583	3.840	1.811	8.046	-0.087	-3.661	0.678	-1.423	1.378	-5.646	32	ScrambledCars
13.099	6.930	9.161	8.795	5.597	2.671	0.622	-6.246	-2.361	1.908	-8.992	-11.459	-1.298	-6.084	10.256	9.827	19.887	4.256	5.791	8.603	1.785	0.802	-0.149	-5.079	-11.408	-10.409	-7.179	-7.118	32	Cars
-26.166	-14.749	-13.709	-11.876	-5.079	-4.732	9.128	8.380	16.523	24.535	16.492	19.925	8.794	3.969	-16.819	-11.187	-24.579	-1.447	-19.342	-14.732	-6.059	0.210	-3.209	11.736	8.537	10.990	18.704	18.048	32	ScrambledCars
-5.607	-1.303	-9.229	12.377	6.474	-2.336	3.279	-2.745	-4.634	4.221	6.482	5.558	11.035	4.181	1.851	-7.355	-11.340	1.600	1.612	3.067	3.231	9.125	-0.504	4.451	-0.897	-2.172	3.122	4.434	32	Faces
-9.320	-5.264	-0.786	-11.653	-1.128	0.684	0.962	3.394	7.421	2.569	5.236	3.640	-3.900	-0.951	-3.986	-6.530	-6.898	-6.096	-8.403	-8.968	-3.191	-2.920	2.456	-3.576	7.590	4.391	-2.263	5.826	32	ScrambledCars
-7.677	-9.329	-3.096	-5.105	1.099	0.701	1.530	3.693	3.270	4.261	5.697	3.609	1.510	-4.309	2.525	1.369	3.903	2.021	3.718	0.141	0.672	-1.478	1.299	-4.129	-9.226	-4.399	3.902	3.127	32	Cars
-2.637	3.851	-6.285	6.801	7.261	2.482	0.668	0.358	-4.630	5.901	0.994	1.678	-0.863	2.586	-1.229	3.362	11.811	-6.131	-1.840	-0.912	2.180	6.447	0.181	0.389	-3.704	-10.262	-4.371	3.157	32	Cars
-6.211	2.844	-9.006	6.645	3.093	2.779	7.613	3.716	8.893	4.258	11.616	4.956	5.227	3.711	-8.591	-4.166	1.604	3.965	-5.461	-3.024	0.647	6.002	2.829	1.743	-7.281	-12.539	-1.239	5.076	32	Cars
11.273	4.726	0.279	-2.525	1.593	-0.459	-3.001	-6.239	6.824	-1.615	-4.663	-5.961	4.646	0.737	9.981	5.252	10.355	3.904	1.815	3.560	7.134	2.232	-0.642	-5.190	-8.065	-6.638	-6.134	-2.678	32	Faces
-11.112	-10.375	-0.655	-1.738	1.183	-2.568	3.472	-1.192	-0.161	8.035	6.009	6.052	1.779	9.962	-8.064	-5.291	-11.360	-1.873	-3.698	-10.963	-3.688	4.918	0.722	6.411	5.286	5.938	5.857	4.011	32	Cars
-2.823	0.445	9.917	-0.908	-2.540	3.982	0.334	2.476	6.545	-1.445	3.968	1.808	0.744	-5.236	-14.254	-3.859	8.477	1.429	-9.553	-2.827	-4.306	-2.562	-6.009	-5.065	3.315	-1.008	-1.165	1.918	32	ScrambledFaces
12.166	-2.336	5.634	4.994	3.245	2.487	-1.934	-3.783	-1.401	1.973	-1.048	-4.539	-0.992	3.466	11.246	6.206	7.813	1.519	-0.404	8.078	-0.455	-2.364	-1.412	-4.917	-11.970	-5.298	-0.595	-1.412	32	Faces
-9.450	2.324	-5.873	12.899	-2.163	-0.779	5.927	-0.510	4.861	10.266	2.296	8.865	5.986	2.418	-7.011	-0.238	-12.408	-2.913	7.122	6.577	2.145	5.947	0.590	5.980	0.037	5.860	4.932	5.296	32	Cars
1.469	2.578	3.144	-5.334	-3.941	-5.794	-5.800	-5.824	-3.301	-4.783	1.233	-0.529	-5.448	-10.710	3.455	1.980	9.008	4.710	-1.217	-7.852	-6.449	-8.337	1.313	-2.179	-0.300	-2.885	-5.071	5.724	32	Cars
10.047	-2.148	11.256	3.639	2.035	-2.712	-0.060	-3.012	-6.647	-4.836	-4.547	-5.197	-7.307	1.830	12.440	3.050	-9.440	1.135	10.104	2.998	5.042	-3.938	1.508	-5.669	-1.504	2.435	-3.584	-6.519	32	ScrambledCars
-7.522	-11.505	4.017	-5.376	-2.696	-3.060	-1.424	0.097	5.742	-0.813	3.904	0.979	0.178	2.106	-2.832	-9.315	-16.261	-5.794	-6.472	-9.211	-7.556	-1.313	-0.388	0.924	4.287	3.775	8.536	1.358	32	ScrambledCars
-9.334	-13.234	-5.142	-5.794	-2.151	4.049	7.525	8.668	13.982	19.712	18.719	8.097	5.161	-0.296	-8.362	-8.704	-2.307	-10.892	-14.465	-2.262	0.698	-5.686	-6.263	-0.415	-1.158	-0.262	4.143	13.853	32	ScrambledFaces
-6.265	-5.040	-5.208	-4.373	-2.695	-1.058	2.674	-1.326	-6.014	1.421	5.824	5.966	2.856	-1.512	-4.704	-5.852	-1.992	14.547	2.318	-7.346	-4.361	1.321	3.271	4.396	4.757	6.612	5.798	-3.306	32	Cars
-8.035	-6.787	-6.385	-4.726	0.292	-1.256	2.126	1.291	11.300	6.687	3.744	7.359	0.114	3.506	-9.133	-2.163	-10.357	-4.618	-8.738	-1.933	-0.561	-4.781	-0.548	5.299	6.782	14.684	4.897	3.993	32	ScrambledFaces
5.939	-4.799	-0.098	0.604	-1.223	2.565	-5.962	-1.117	-5.471	-12.492	-3.135	-3.544	-8.680	-5.986	-2.537	1.870	12.356	10.113	1.347	-1.958	-4.968	-0.301	2.918	-6.650	3.547	0.865	-8.501	-1.060	32	ScrambledFaces
-11.433	-8.603	-6.862	-7.102	-2.956	-1.283	6.810	11.492	10.592	10.797	13.775	14.338	1.267	3.416	-11.116	-10.943	-23.999	-11.166	-0.792	-0.292	-5.557	-1.541	1.953	4.336	4.595	8.930	6.143	13.374	32	ScrambledCars
-5.301	7.436	0.070	0.095	-1.252	-0.362	0.733	1.302	11.988	-2.280	2.676	6.360	-3.057	-5.891	-2.022	-3.207	-4.707	-3.002	1.919	-11.158	-1.165	-7.327	-5.360	-4.763	-0.043	7.309	-4.522	6.093	32	Cars
7.258	-2.647	12.907	-4.829	-7.173	-1.485	-1.278	3.958	-1.855	-4.112	2.419	3.134	3.317	-2.430	-2.972	-4.191	3.545	2.193	-2.382	-11.713	-5.104	-5.066	-1.470	0.563	-2.357	-0.119	1.257	6.074	32	ScrambledCars
1.950	11.855	-0.401	6.993	0.130	-1.026	1.273	-5.701	-6.514	-4.229	-6.315	-5.699	-4.026	1.507	2.600	16.142	10.591	-3.713	17.562	9.607	9.820	6.637	3.582	-3.375	-6.930	-7.054	1.013	5.963	32	ScrambledFaces
-1.975	3.674	-6.292	7.867	3.548	-3.327	3.918	-1.329	-3.390	-0.096	9.149	7.502	6.077	3.205	5.518	1.004	6.669	-0.919	8.567	6.425	1.973	1.593	-4.092	5.743	-8.237	-3.882	4.010	-3.908	32	Faces
2.985	0.862	-6.261	-2.378	-3.329	0.079	1.144	7.148	6.239	-4.290	3.158	-2.923	-8.908	-0.356	-2.219	0.415	2.271	4.505	3.143	-4.402	-1.450	1.901	5.072	-3.899	3.073	2.214	1.219	-1.793	32	ScrambledFaces
2.533	-1.060	3.442	-4.647	-2.551	1.004	0.130	5.441	-2.974	0.888	-1.498	-1.627	-4.616	0.255	1.614	1.292	5.155	-1.859	3.399	0.682	-1.268	0.869	0.038	-2.056	-3.275	-3.628	-4.087	1.864	32	ScrambledCars
-7.176	-7.332	-6.710	-2.682	-1.277	2.355	5.571	10.589	9.328	3.810	14.820	7.664	4.818	1.144	-14.543	-12.686	1.442	-9.990	-9.096	-2.371	-3.875	-8.014	2.247	2.127	8.435	7.173	1.725	3.572	32	ScrambledFaces
-17.335	-7.888	-0.367	-2.672	1.415	8.006	7.813	19.457	22.295	7.388	13.094	7.845	-4.799	-1.278	-18.081	-10.281	-12.308	-13.880	-5.505	-14.721	-8.406	0.781	-6.086	-4.132	9.259	7.303	0.349	6.136	32	ScrambledCars
-5.756	-1.861	-4.580	-1.686	-4.870	-3.996	6.693	0.817	11.581	5.855	8.696	10.700	-3.983	0.415	-6.760	-4.451	-3.897	-5.142	4.896	-6.230	-3.352	-11.709	-3.156	1.551	-1.291	6.840	0.538	4.077	32	Cars
-15.037	6.577	4.043	-10.087	-0.491	1.741	5.919	6.038	17.978	6.461	7.096	7.649	4.312	-2.773	-9.894	-11.872	-11.133	-7.155	-13.041	-5.152	-6.373	-5.728	-5.675	-3.377	6.656	5.617	-0.152	9.431	32	ScrambledFaces
-2.536	3.180	-5.053	-3.019	-1.379	-7.080	-4.514	-3.271	14.893	5.395	5.623	-0.248	-0.504	-4.215	-2.566	0.994	-3.710	-7.522	-0.577	-3.588	-2.308	-1.910	3.764	6.417	4.269	9.337	11.204	4.806	32	ScrambledCars
-8.884	-6.614	-9.414	2.075	-0.558	0.416	8.596	9.076	7.287	12.187	11.677	12.622	5.503	4.715	-11.433	-8.799	-28.378	-4.658	-3.322	-1.552	1.830	-2.264	-1.459	8.203	0.929	5.537	7.746	8.309	32	Cars
7.873	-7.214	-1.472	-2.396	-0.281	-0.443	-1.149	-1.166	-1.489	-2.497	-0.797	-2.928	2.039	0.185	8.415	1.194	-6.790	9.933	4.853	-3.494	-0.929	-22.196	3.377	-0.721	4.843	6.745	-3.566	-7.325	32	ScrambledFaces
-7.218	-5.374	-6.010	2.438	3.143	-1.565	6.830	-4.072	3.828	5.754	9.479	12.796	8.373	10.741	-7.176	0.824	4.574	-6.667	-7.415	-2.128	8.359	-6.153	-5.194	-0.075	-4.403	-1.951	10.786	1.881	32	Faces
4.444	8.066	3.292	-1.970	1.175	2.606	4.794	4.314	4.009	3.999	0.101	-0.889	-2.273	1.591	-2.492	-4.232	-14.625	-7.243	-3.056	-0.636	1.105	0.162	-2.142	0.578	2.675	-1.412	1.328	-3.692	32	ScrambledCars
-4.358	-1.999	5.654	3.165	-1.918	0.789	-4.911	-4.631	-10.694	-4.929	-0.715	-1.221	-2.500	5.709	7.150	-0.931	7.546	10.951	9.966	-0.390	-1.088	11.861	-0.997	-2.517	-10.793	-0.934	-3.574	-6.290	32	Faces
0.503	0.408	1.783	-1.486	-5.251	0.682	-2.936	-0.142	-8.909	1.096	-1.119	-0.867	-4.347	-4.100	6.074	-1.233	-2.878	2.938	8.890	-4.172	-4.378	-5.297	-2.134	-4.944	0.758	0.106	-1.998	0.068	32	ScrambledCars
6.202	12.509	0.383	5.194	-2.035	-2.801	-4.140	-4.352	-9.437	-9.162	-7.274	-1.035	-2.045	3.054	12.760	9.927	14.695	10.784	-4.647	8.612	3.397	-2.194	-3.772	-5.471	-5.430	-4.690	-0.461	-1.475	32	Faces
1.052	-0.538	0.323	-0.888	-1.761	-3.834	-0.217	-4.741	-3.647	8.359	0.131	1.202	-2.711	-2.188	7.886	-2.916	-1.328	0.664	-2.378	-1.929	-3.348	-1.466	-1.214	-2.277	-2.268	1.368	-1.579	-2.389	32	Faces
-5.609	6.028	3.979	-4.920	-2.872	-1.400	-0.387	4.309	4.764	0.081	10.638	8.574	-5.929	1.776	-8.730	1.816	-7.204	2.421	-10.897	-3.464	-4.170	-2.398	2.729	0.301	-0.006	-1.120	-0.878	6.734	32	Cars
-3.150	0.629	0.288	-3.952	-9.928	-2.012	-1.525	7.273	8.840	2.825	7.119	0.285	-2.459	-8.110	-9.300	-1.307	-15.774	-2.713	-2.383	-7.233	-3.777	0.827	-0.612	2.174	11.502	-1.786	-4.718	3.380	32	ScrambledFaces
-0.773	3.141	1.171	9.060	4.732	-0.184	-1.363	-5.689	0.194	12.089	2.365	0.527	1.121	3.087	1.014	5.250	-13.216	-6.484	-11.603	9.457	2.458	-5.172	-8.091	-1.268	-1.525	3.406	1.768	2.756	32	ScrambledCars
-4.405	-4.522	-6.293	-8.415	-2.441	2.874	3.825	6.025	0.693	-7.516	11.686	9.734	-3.188	-3.948	-5.521	-4.767	-10.889	7.213	-2.472	-6.966	-7.309	4.329	-1.253	-4.476	-1.965	-3.861	-2.704	4.463	32	Cars
-9.012	-11.118	-5.985	-7.798	1.571	-3.432	1.391	2.438	0.895	-1.642	1.074	-0.235	-1.427	6.741	-1.000	-9.415	19.215	-0.445	-14.496	-4.681	1.943	4.378	-2.787	7.655	4.506	6.200	0.637	2.136	32	ScrambledCars
-7.781	-1.820	-0.712	-0.249	2.885	2.194	1.580	3.556	-5.031	14.593	6.502	10.729	2.784	6.376	-9.039	-6.087	-11.076	-6.920	-4.617	-4.756	-1.438	0.600	-4.825	1.970	1.243	2.438	5.565	8.019	32	Faces
-3.202	-0.534	4.171	3.413	4.898	2.199	1.835	-1.797	-0.263	-4.940	-1.305	1.540	3.540	2.107	-2.707	0.938	3.268	-7.460	1.099	2.700	-3.095	-3.983	-4.401	-1.801	-3.399	-2.811	6.266	5.336	32	Faces
-6.123	4.539	-13.894	-1.568	3.418	-1.754	9.575	1.224	4.073	4.391	9.298	7.693	5.359	-1.640	-7.438	-3.827	-8.684	-0.213	5.398	-3.614	5.238	-3.521	-3.174	6.206	-0.424	3.483	6.966	6.301	32	Cars
-0.173	-2.303	-0.427	-2.145	-2.649	-1.054	2.599	-0.256	-9.290	8.895	0.260	-0.546	-3.514	2.164	-0.082	-0.278	9.436	2.012	-6.938	-3.520	-5.203	-5.661	2.368	-2.568	-0.069	4.080	-2.800	4.077	32	Cars
-5.579	-0.565	-0.734	1.712	-0.971	-0.210	-1.944	-5.148	-6.943	0.184	0.644	4.185	2.628	-0.088	1.248	1.166	-3.532	0.762	0.486	3.399	6.205	0.359	-5.446	2.203	1.120	4.341	5.926	3.774	32	Faces
-6.760	-12.147	1.732	-4.376	-4.080	-3.332	0.603	3.290	4.294	-1.342	1.266	1.581	-2.886	-1.868	-1.419	-7.703	-5.876	3.155	-5.453	-10.028	-5.903	0.710	3.702	-0.455	4.237	7.807	0.019	6.134	32	ScrambledFaces
-13.487	-6.088	-6.081	-1.712	3.026	0.368	1.723	4.894	2.011	5.142	3.672	3.797	4.747	2.015	-9.028	-3.790	4.512	1.650	1.439	-1.768	-3.918	6.958	7.201	4.124	6.722	2.918	5.813	2.223	32	ScrambledCars
2.377	8.306	-14.502	7.141	-2.693	-11.807	-8.714	-15.266	-15.908	-3.816	-7.048	1.131	4.276	11.772	4.844	10.128	25.562	-5.735	7.175	13.348	9.471	3.313	-1.949	5.624	4.450	2.089	8.600	5.020	32	ScrambledFaces
-31.499	-14.016	-11.216	-5.240	-1.206	-0.167	16.045	15.320	16.627	24.735	29.440	23.772	11.612	9.210	-29.684	-9.547	0.848	-17.552	-11.148	-12.501	-1.538	-6.345	-11.711	5.672	2.907	12.018	12.801	27.131	32	Cars
-22.675	-14.068	-12.951	-10.991	-4.173	-2.445	9.357	3.150	14.809	13.736	16.355	25.784	13.053	6.988	-31.129	-5.552	-18.564	-16.871	-2.437	-6.034	-0.440	8.937	-7.596	12.532	6.378	14.538	29.156	23.233	32	Faces
6.133	3.573	-1.370	0.157	-6.568	-1.398	1.578	0.001	-13.774	8.394	2.906	1.270	1.428	-0.887	-0.278	-2.608	-1.451	-0.403	14.665	-3.902	-3.628	-3.106	-0.066	-6.823	-4.750	-2.260	0.700	5.109	32	Faces
-6.498	-0.869	-2.432	-3.813	1.852	2.978	0.160	1.929	7.863	4.786	0.452	-0.753	-1.253	-9.482	-9.226	-4.109	15.641	-7.106	4.105	-7.241	-2.076	0.658	-2.158	-4.149	3.283	1.742	-1.009	0.036	32	ScrambledFaces
3.627	-9.412	1.691	-4.296	-9.033	-1.729	-6.573	-2.965	1.203	2.704	-1.334	-1.223	-1.705	5.742	7.424	-1.942	-2.014	-3.301	-8.821	-4.420	-3.351	-5.919	-3.755	0.287	3.625	6.763	1.891	2.847	32	ScrambledCars
-11.882	-7.469	-1.724	-8.571	-10.210	-8.120	0.523	-3.265	-4.152	1.074	1.404	-0.847	-1.814	-6.526	2.933	-4.210	-0.265	7.567	9.592	-4.509	-6.235	-0.987	8.963	6.902	6.907	3.380	1.650	3.341	32	ScrambledFaces
-5.652	5.258	-2.751	1.658	1.881	-1.347	-1.746	2.612	-0.029	2.761	8.600	0.444	-4.402	-11.087	-3.330	-3.883	-6.967	-5.984	0.762	-5.555	-1.058	-0.043	-0.810	-4.104	6.034	3.281	2.050	-2.556	32	ScrambledCars
0.230	1.929	1.034	-11.433	-6.397	-0.527	-4.290	-1.533	-4.147	-11.737	-3.305	-1.889	-0.161	-1.561	12.212	-2.191	-8.479	10.293	12.609	-10.642	-4.121	-0.019	2.691	-2.381	-1.757	-5.210	-7.345	-1.121	32	Faces
1.528	3.883	3.387	6.704	3.781	3.702	0.434	-2.188	3.687	-0.448	2.790	-5.009	-5.029	-2.001	1.921	-0.117	-5.426	-4.971	3.010	-3.031	1.146	-3.820	-3.143	2.173	-1.992	2.335	-3.307	-2.056	32	ScrambledFaces
-0.676	-1.859	4.307	-2.249	-5.176	0.652	-3.537	1.324	-0.868	-0.455	1.246	-2.952	-2.750	1.340	-4.302	1.155	-5.853	-1.318	10.087	0.932	-4.591	0.312	-4.215	-0.678	3.429	3.078	-3.457	-1.088	32	ScrambledCars
-1.235	-1.197	2.019	-3.082	-7.232	-4.631	-4.625	0.886	-6.612	-8.993	-1.412	-1.252	-3.469	-4.066	4.670	-4.275	-2.165	4.330	7.130	-2.049	-1.077	2.016	10.361	1.397	4.520	-1.265	-0.149	-6.645	32	ScrambledCars
-5.460	-3.473	-9.915	-2.826	-0.669	-3.967	2.069	2.703	6.184	-1.101	0.377	-0.826	-2.638	1.399	3.546	-2.320	2.078	4.632	0.367	-4.700	1.043	6.676	8.077	2.759	4.186	4.635	-0.730	3.212	32	ScrambledFaces
-0.325	4.854	7.441	9.792	2.790	2.633	-0.836	-2.367	-0.620	5.163	3.400	4.304	6.227	-1.996	-4.897	-2.351	6.059	1.751	10.979	3.766	0.913	-3.377	-0.614	2.815	-4.826	2.539	-0.855	1.216	32	Faces
-9.419	-5.861	-11.235	-5.887	-10.066	-0.372	4.557	4.102	-3.801	13.188	14.423	11.316	6.829	6.520	-12.764	-12.470	-16.124	-1.791	-8.607	-13.049	-3.156	0.176	-3.822	8.251	7.327	10.921	14.545	7.766	32	ScrambledCars
1.681	5.077	3.094	0.770	-2.532	0.401	-3.024	0.885	-4.190	-3.895	-1.842	-4.400	-1.610	-6.218	-5.006	-1.041	9.858	2.751	-7.867	-6.868	-9.350	1.197	2.595	-3.571	-1.290	7.786	-3.630	-0.013	32	ScrambledCars
-0.327	-9.536	-2.253	-13.644	-1.932	-3.215	-3.877	0.745	3.201	5.481	1.496	4.655	1.381	-5.760	-7.212	-3.694	0.220	-3.330	-1.539	-8.293	-8.536	-5.183	1.322	3.116	1.100	3.886	0.251	3.417	32	ScrambledFaces
-7.875	-7.205	-3.072	-10.526	-3.008	1.839	0.442	8.174	12.710	4.866	6.628	3.471	2.514	1.302	-5.881	-3.574	-8.943	-4.033	-3.837	1.566	1.883	-2.513	1.362	-0.727	4.989	3.455	1.417	0.716	32	ScrambledFaces
-3.576	-5.210	1.994	1.886	-7.619	2.333	-0.969	10.036	10.730	2.791	7.677	3.606	-1.642	-0.886	-9.011	-8.366	-4.178	1.756	-12.124	-10.175	-2.530	-6.329	-3.939	0.735	5.387	5.975	3.332	14.243	32	Cars
-10.419	-7.931	-5.036	-20.525	-3.194	-3.722	0.015	1.003	5.179	10.267	10.739	5.224	1.689	0.945	-4.111	-10.199	-4.662	-5.215	-0.194	-8.111	2.674	1.624	2.769	-0.896	6.500	9.061	0.212	12.708	32	ScrambledCars
-6.599	-6.748	-2.362	0.618	-6.364	1.888	0.277	2.072	2.829	-6.341	2.524	0.877	-2.126	-8.738	-1.596	-0.193	-6.140	1.860	0.453	-6.234	-9.182	-0.353	2.096	-0.369	2.712	5.691	0.527	-0.198	32	ScrambledFaces
-3.907	0.118	-1.244	2.020	1.295	1.376	0.649	-2.919	-0.411	4.212	2.666	4.056	4.896	-2.426	-0.544	4.475	9.825	3.936	-2.345	-5.556	3.257	-4.241	-1.023	-4.185	-9.570	-2.988	-4.414	2.998	32	Cars
-3.884	-1.260	-1.259	-0.073	-2.006	-2.182	1.067	4.269	-11.266	3.201	3.982	3.403	2.088	-0.089	-2.907	-4.649	4.064	-3.856	1.822	-1.437	-4.469	-4.553	-0.818	-1.952	2.305	5.506	2.377	0.487	32	ScrambledFaces
2.243	1.190	5.597	5.549	2.160	0.230	5.911	-4.783	13.955	2.093	0.625	3.285	1.018	7.052	1.549	6.794	-8.714	1.167	3.517	5.099	1.187	-1.955	-6.761	2.899	-10.451	-6.552	2.738	3.021	32	Cars
-4.925	8.179	2.965	3.995	-0.552	2.176	6.029	0.502	-1.180	7.183	4.753	7.696	6.044	8.030	-10.767	6.813	-4.702	-11.692	1.468	1.935	5.804	3.261	-2.475	-0.933	-4.438	1.573	0.562	4.271	32	ScrambledCars
2.043	-15.233	1.814	-3.972	-2.441	-0.128	-6.832	1.097	5.735	-14.094	-5.009	-0.675	-12.867	-10.001	3.684	-5.949	-8.651	6.901	-4.774	-8.093	-5.366	-5.068	2.207	-5.830	10.798	10.885	2.155	3.678	32	Cars
-14.093	-3.100	-8.869	-6.443	-5.592	-3.381	2.165	9.362	13.382	3.065	7.815	9.627	4.334	-2.107	-10.396	-14.719	-8.854	-3.839	-4.721	-7.253	-9.455	3.146	-0.358	3.552	11.662	7.506	1.808	6.981	32	ScrambledFaces
1.196	8.818	2.024	3.800	0.627	-2.008	0.996	-3.448	-6.414	-0.658	-4.311	-1.935	1.773	-2.156	6.227	2.523	4.079	7.245	2.032	2.827	5.654	2.436	2.804	-5.633	-7.667	-5.367	-5.853	0.303	32	Faces
1.417	1.816	6.066	0.693	-2.864	1.829	-3.201	2.025	2.942	-3.214	2.021	4.384	1.808	-4.132	7.739	-3.134	-1.132	5.317	-7.709	-5.221	-1.955	-1.887	1.566	2.625	-3.311	-1.008	7.412	0.294	32	Cars
-10.097	-7.066	-6.619	-7.356	-2.423	-1.128	3.969	0.996	5.843	8.692	8.568	6.785	4.542	3.720	-5.085	-5.241	-21.348	4.226	-6.718	-10.292	-2.025	-7.015	0.637	0.977	0.972	5.840	8.259	9.732	32	ScrambledCars
5.501	3.424	2.476	0.567	3.740	0.762	-4.277	0.696	-2.872	-2.299	-3.533	-4.367	0.790	-1.397	7.734	7.187	-7.726	-5.118	8.399	7.843	-0.035	-3.961	-1.767	-3.399	-1.673	-6.482	-1.619	-5.288	32	ScrambledFaces
-4.114	3.175	-2.850	-3.232	-5.851	0.439	4.015	4.575	9.234	13.245	6.619	10.187	6.053	2.563	-5.036	-7.743	-1.233	-6.055	-28.254	-2.934	3.583	0.450	-0.630	7.465	0.801	6.538	7.098	11.912	32	Faces
-1.503	-9.777	-6.100	-2.364	-2.151	-6.568	-0.627	-2.741	-1.553	-13.202	0.681	-0.331	-0.874	-4.847	-1.100	0.951	14.111	6.342	-9.562	-1.913	-0.965	1.748	5.079	2.685	5.286	3.473	2.516	3.349	32	ScrambledCars
4.750	7.594	4.474	4.888	8.248	5.300	9.097	4.202	8.713	7.118	5.977	3.004	7.575	8.726	-7.619	5.534	-6.293	-6.766	-14.283	5.435	7.416	-3.943	-6.438	-1.969	-12.487	-5.646	-1.134	-6.101	32	Cars
-0.713	5.759	5.533	-2.569	-2.127	2.191	3.120	0.063	4.231	5.822	-8.928	6.972	1.358	5.206	0.662	2.212	-3.241	-2.474	-12.498	3.291	-1.489	-1.226	-1.432	-1.163	-4.436	-4.571	3.006	-0.125	32	Cars
-12.216	-7.949	-0.822	-13.487	-5.500	-0.727	8.106	4.531	11.866	12.700	21.011	10.337	4.210	-2.442	-6.209	-16.967	-16.422	-4.119	-21.068	-11.805	-5.678	-3.193	1.151	5.506	5.506	11.267	8.884	13.945	32	Faces
-11.281	-0.278	-6.197	1.950	-1.880	0.816	3.714	2.496	4.231	5.706	7.813	8.967	5.573	-3.597	-1.700	-14.756	-11.322	2.477	2.144	-5.945	-2.919	-2.892	-6.390	2.624	-1.382	1.835	4.875	5.860	32	Faces
-10.709	-9.437	-9.422	-5.819	-1.851	-4.817	3.432	-1.974	2.124	0.875	0.435	3.589	3.928	4.835	-1.942	3.563	-4.007	-1.990	16.069	-0.513	0.593	-1.631	5.096	5.782	7.147	7.672	11.154	3.362	32	Cars
-1.997	-5.644	-4.136	-3.169	-6.626	-0.130	2.401	-0.796	1.424	3.804	2.141	3.706	-0.657	-5.104	-8.351	-1.048	-12.551	1.529	0.264	-7.174	-8.313	-0.408	1.093	0.673	-2.479	1.937	1.315	6.992	32	Faces
-3.972	2.905	-8.997	5.619	3.254	1.373	6.623	-3.094	2.588	3.119	-1.669	4.198	6.115	8.999	-6.552	3.197	7.097	-5.474	5.911	7.524	7.188	9.179	-2.041	4.488	-1.515	-1.037	8.537	6.143	32	Faces
2.798	-3.655	0.699	-6.644	-4.626	-1.210	-4.193	0.618	-5.436	-1.657	4.469	-1.683	-3.696	-1.158	6.225	-1.774	-1.222	4.341	2.577	-2.260	-1.040	-2.662	1.716	2.185	3.802	3.402	6.479	0.131	32	ScrambledFaces
-8.396	-8.060	-3.950	-3.615	-4.129	0.830	8.960	3.287	-2.300	13.390	10.700	8.063	3.675	14.862	1.701	-11.164	-3.519	-7.698	-1.300	-0.127	-0.812	-2.463	0.480	1.685	-1.180	7.110	4.407	9.802	32	Cars
-12.079	-5.735	-3.565	0.842	4.974	1.571	7.545	-0.021	16.411	13.316	7.043	10.782	8.485	6.238	-11.121	-3.283	2.637	-11.244	-10.553	-0.192	5.795	3.341	6.323	4.505	1.456	-1.245	5.467	6.526	32	Cars
-1.610	-1.724	1.666	1.100	4.460	2.561	9.369	1.768	2.628	7.276	3.604	6.608	11.463	1.437	-10.201	5.928	-8.263	-15.067	-6.406	4.941	5.691	-2.329	-4.735	6.270	-1.751	0.067	12.764	1.669	32	Faces
-5.616	-7.486	-4.139	-7.703	-1.100	-0.681	4.652	6.970	1.833	4.099	8.461	5.534	2.850	2.453	-7.797	-7.972	-18.379	-1.990	0.772	-1.018	1.707	1.802	0.283	3.334	4.661	7.828	9.307	4.934	32	ScrambledCars
-0.610	-7.106	0.369	-6.682	-3.882	-2.021	-0.379	0.823	2.675	4.298	7.184	3.730	3.354	0.525	1.646	-7.662	-0.781	-1.591	5.050	2.570	7.111	-0.283	-5.004	-2.162	-3.042	1.898	5.481	2.782	32	ScrambledFaces
-1.847	-4.344	-2.439	-2.507	-3.231	-3.536	0.046	-2.009	-1.976	-6.819	1.230	0.949	0.861	-2.776	-1.011	1.466	-0.029	-0.208	2.763	1.842	-2.840	6.351	-0.266	3.160	-6.724	2.955	2.338	2.931	32	Cars
5.913	-5.722	1.921	-2.113	-0.814	2.838	0.639	2.045	1.265	6.367	9.637	1.917	-2.030	0.617	-4.224	-8.645	-6.339	0.142	2.783	1.024	-2.094	0.146	4.910	-1.790	-3.200	-5.113	0.624	0.783	32	Cars
-8.619	-1.171	-11.800	-2.870	-2.668	-3.628	1.363	-5.478	3.845	2.793	1.640	8.379	8.850	2.279	0.217	6.539	-6.021	6.355	2.909	4.343	2.587	0.682	-0.050	2.199	1.696	4.058	0.148	12.638	32	Cars
-3.606	-8.349	0.074	-5.035	2.831	1.137	-0.914	0.684	8.645	-5.061	3.398	2.606	-3.816	-11.703	-0.503	0.480	-9.941	2.367	3.019	-3.186	-2.139	0.115	-0.073	3.291	1.775	6.423	0.132	2.974	32	ScrambledCars
-12.091	-4.954	-8.427	-4.989	4.472	-2.200	4.521	4.135	9.470	12.889	5.673	11.031	7.032	5.058	0.134	-4.865	-19.197	-5.759	-4.629	-5.391	-6.496	-3.893	2.465	7.144	3.421	9.065	4.610	5.561	32	Cars
12.653	14.804	9.005	15.120	6.375	4.650	14.043	-0.249	-0.607	0.055	2.618	-1.730	4.186	3.617	-3.483	4.743	6.277	-10.941	-5.050	11.167	14.056	0.642	-2.911	1.867	-14.866	-7.412	0.387	-2.742	32	Faces
-0.335	0.990	-1.485	-5.898	-11.024	-0.316	-2.131	-3.194	-2.892	4.643	1.786	-1.576	1.913	-1.469	0.441	3.902	2.320	-0.037	2.898	1.042	-3.142	7.477	-0.459	-2.225	-5.267	-0.485	1.065	4.392	32	Cars
6.636	11.300	12.446	0.601	-1.156	3.056	-1.078	-0.391	-10.139	-2.125	-5.994	-1.390	-4.045	-0.882	4.560	6.887	-10.354	10.156	15.445	0.459	-1.638	-5.377	-1.176	-5.056	-2.759	-6.981	-3.587	-6.078	32	ScrambledFaces
-14.481	0.846	-11.887	1.716	1.350	-2.952	-2.681	-3.200	-5.277	-4.563	3.275	3.001	-0.409	0.906	-1.274	-4.399	6.799	-3.989	6.025	0.800	-1.534	1.576	3.599	1.818	5.384	2.581	3.372	8.952	32	ScrambledCars
3.143	2.514	-0.268	-2.681	-0.848	-2.021	-5.500	-3.018	2.760	-3.880	-4.706	-6.452	-6.613	-8.584	2.688	5.210	7.576	7.795	15.532	-0.158	-8.373	-1.821	-0.144	-3.842	0.854	0.465	-2.744	-6.513	32	ScrambledFaces
2.195	-1.199	-2.349	0.444	-2.816	0.545	4.467	3.696	4.377	1.757	2.742	6.377	6.107	-0.058	0.823	-5.493	-8.223	-1.338	0.345	5.282	5.631	-0.805	-5.784	1.987	-2.682	-3.887	3.296	5.645	32	Cars
5.868	1.633	1.331	1.657	0.586	-0.759	0.033	-4.585	-14.127	1.632	-7.883	-3.224	-2.325	-4.798	2.001	-2.171	-0.658	8.093	-1.741	-3.906	-1.458	2.532	6.978	4.007	1.187	-0.415	1.147	-4.103	32	Cars
6.232	7.814	12.964	7.527	4.775	1.546	-4.474	-3.469	-14.808	-6.444	-4.132	-1.834	-3.515	1.038	10.148	7.679	-2.815	5.544	-13.620	9.913	8.047	1.411	-1.887	1.407	-7.711	-6.580	-3.659	-1.759	32	Cars
1.021	1.195	-2.594	2.089	4.799	-0.354	-3.107	-6.390	-3.053	-3.813	-4.053	-5.333	-4.176	2.896	8.326	8.715	-3.550	6.312	24.256	3.842	4.821	7.905	4.106	-1.446	-3.586	-1.732	-2.900	-4.043	32	Cars
-6.274	-6.549	-9.878	-2.033	5.457	-0.616	4.291	-2.217	-0.246	4.434	4.020	7.385	6.634	3.523	-2.835	3.061	-2.409	-0.889	1.047	9.101	7.581	-2.597	2.732	5.540	4.946	7.011	6.572	2.865	32	ScrambledCars
-14.949	-16.025	-9.597	-7.160	-5.645	-2.766	3.897	0.258	2.599	7.687	8.028	8.679	5.649	9.340	-2.548	-12.873	-4.082	4.809	-6.638	-6.853	-2.474	3.016	7.354	7.077	9.861	10.150	4.781	5.616	32	ScrambledFaces
-0.887	-5.160	0.603	-4.018	2.934	-0.744	0.863	0.362	8.139	-4.512	4.050	-3.864	2.318	-3.029	-4.461	-2.843	-4.733	1.641	-2.116	-0.059	-0.509	5.334	2.931	-3.451	0.933	-3.788	-2.925	-1.156	32	ScrambledFaces
-13.216	-11.374	-1.079	-9.159	-4.501	1.255	-0.357	12.309	11.513	9.852	11.117	11.491	-3.042	-10.154	-21.706	-14.025	-13.467	-9.254	-10.449	-17.466	-7.255	-6.958	-4.602	-3.209	10.445	11.456	4.334	9.458	32	ScrambledCars
7.124	1.465	1.185	10.052	5.149	-2.014	-3.250	-7.938	15.972	-3.532	6.968	0.572	-4.583	-0.595	2.288	4.359	10.442	-0.896	-0.468	4.793	-1.825	-3.122	-6.417	3.377	-4.019	-4.675	2.166	1.680	32	Faces
-11.034	1.392	-5.148	-4.680	-5.318	-3.332	-3.017	-0.295	-3.941	2.898	-0.013	-1.585	1.542	-3.566	0.123	-1.809	1.868	4.383	5.590	0.196	-1.048	7.835	6.548	4.692	11.423	4.116	5.021	9.856	32	ScrambledCars
-6.474	-3.259	-3.447	-10.972	-3.440	-3.383	1.173	5.595	3.595	4.686	10.889	7.006	4.131	0.802	-10.315	-3.249	1.925	-1.505	-1.109	-7.137	-7.873	0.053	1.088	4.023	1.178	3.319	6.459	9.992	32	Faces
-9.770	-1.026	-10.542	-7.126	-3.439	-3.855	4.128	1.691	0.599	7.876	8.357	2.149	1.199	5.646	-3.610	-7.811	-8.075	-4.713	-0.295	-7.069	-1.396	3.280	4.841	1.544	6.900	5.077	5.273	-4.069	32	ScrambledFaces
-14.113	-16.132	-4.037	-2.684	-3.528	0.087	4.901	15.330	1.916	3.613	10.403	8.941	-2.508	-2.317	-14.460	-13.391	2.028	-7.606	-11.403	-13.499	-5.326	-1.434	2.330	1.877	9.107	13.558	8.254	15.908	32	ScrambledFaces
-12.556	-8.351	-2.615	-6.453	-8.268	1.792	-1.996	9.111	11.325	3.556	9.585	10.302	-6.305	-7.900	-14.428	-11.807	-4.626	8.290	-12.172	-18.410	-14.167	-1.287	-2.211	-1.974	11.607	9.226	3.467	8.186	32	ScrambledFaces
-2.336	-3.031	6.945	-4.408	-1.723	6.556	1.028	7.775	4.429	-3.419	-0.424	0.488	-4.061	-2.354	-7.912	-2.978	10.028	-1.579	-4.960	-5.911	-7.446	3.701	4.575	-0.559	0.963	5.691	-2.201	-1.182	32	ScrambledCars
-0.790	0.672	-7.974	-1.803	-0.558	-5.146	-0.649	-3.350	8.764	1.775	1.814	3.076	2.759	-6.698	2.856	1.697	10.986	3.963	11.877	2.535	-0.644	-1.308	-3.483	-0.828	-4.660	-5.336	2.578	2.790	32	Faces
-27.335	-16.817	-12.900	-8.400	-10.750	0.135	10.714	14.621	7.553	9.247	60.333	12.136	0.299	-6.433	-31.177	-15.986	-6.204	-11.946	-0.458	-14.896	-14.863	9.422	-2.738	6.642	13.509	12.610	11.702	13.130	32	ScrambledCars
0.037	-1.982	-6.505	-2.700	2.141	-0.887	-2.644	5.222	0.756	-5.995	-1.943	-0.938	1.986	-1.786	4.477	0.959	-6.830	0.184	-5.526	0.238	2.836	-1.241	1.511	2.073	3.335	7.108	3.682	-0.058	32	ScrambledCars
-4.936	-6.576	2.263	-4.981	-8.047	-0.057	-1.893	1.747	6.763	-4.208	4.097	0.110	-3.506	-10.263	-7.516	-3.992	-14.198	3.886	8.567	-13.890	-9.047	-3.203	-0.704	-2.863	6.498	5.058	-3.334	4.538	32	ScrambledFaces
3.020	3.234	1.357	1.740	3.107	-0.563	-2.126	-0.042	-1.381	0.788	4.833	-2.179	-0.279	-2.675	-2.412	-0.051	16.416	-0.541	3.639	3.766	2.021	0.894	0.870	-1.894	-1.960	-2.564	-2.107	0.764	32	ScrambledCars
-9.632	-8.531	-2.438	-2.275	-3.603	-8.371	3.436	-2.013	7.706	7.085	10.370	11.254	0.599	2.979	-14.425	0.372	-3.197	-0.668	-1.952	3.362	-0.510	2.236	0.221	4.701	5.158	8.978	8.706	8.246	32	Cars
-6.274	-6.138	1.313	-11.340	-9.145	-8.233	-5.884	-1.100	-6.869	-12.893	-5.773	-2.857	-7.628	-9.260	-3.238	-12.999	-2.552	6.674	4.067	-3.625	-8.560	10.851	14.274	7.328	22.874	22.352	7.671	5.508	32	ScrambledFaces
-14.467	-8.399	-5.356	-6.235	-6.539	-3.206	1.281	-0.990	-2.271	-2.012	2.867	12.232	2.605	4.465	-8.868	-8.457	13.079	3.592	-4.867	-14.073	-6.576	-2.849	-0.871	3.953	7.371	3.277	8.178	14.021	32	ScrambledCars
-7.319	-0.709	-1.875	1.013	-5.306	-1.401	-1.105	2.255	-2.385	0.749	4.334	3.982	-0.611	-5.203	2.706	-4.315	-6.281	7.780	-2.871	-12.982	-4.736	-0.068	-1.046	-0.372	3.047	2.694	5.229	2.281	32	Cars
-6.702	3.393	0.258	5.041	-1.147	-3.570	-4.019	-5.124	-0.520	-2.834	0.055	-3.055	-6.229	-3.529	-3.001	7.460	11.038	0.068	14.781	0.379	1.454	9.705	2.516	2.066	3.061	-3.039	3.911	-5.785	32	Cars
0.388	-9.358	-1.669	-4.089	-2.124	2.576	3.825	10.365	21.527	7.226	9.626	0.531	-3.959	-12.118	-10.642	-8.792	-8.654	-1.583	-7.962	-5.056	-12.378	-5.988	-6.307	-6.374	2.829	0.588	-2.026	2.072	32	ScrambledCars
-12.077	-11.386	-9.524	-2.690	-0.438	-0.835	3.107	2.879	5.005	13.901	15.739	13.364	7.246	5.563	-11.359	-5.341	-9.049	-4.304	10.046	-3.322	3.182	-5.927	2.064	4.032	2.939	3.229	10.795	9.122	32	Cars
4.815	0.394	4.545	5.263	2.412	-3.866	-7.264	-5.493	-9.124	-9.857	-7.335	-4.510	5.719	4.486	8.062	9.175	14.506	-3.074	14.351	7.378	14.437	5.875	5.048	-3.072	-5.363	-5.113	0.998	-5.577	32	Cars
-9.893	-7.407	-9.780	-4.911	-4.265	0.245	4.423	4.369	8.751	10.766	7.524	13.953	4.475	4.662	-3.807	-7.518	-27.726	-8.026	2.719	-5.751	5.862	-2.819	-2.141	8.739	3.490	7.939	10.982	6.606	32	Faces
1.632	3.597	-1.116	0.708	-4.936	1.407	0.800	3.991	3.400	0.745	1.503	-4.652	0.336	-0.117	-2.698	-1.543	13.058	-6.810	-2.959	0.544	-1.138	1.548	-1.099	-1.034	1.571	-4.032	-2.572	-1.617	32	ScrambledFaces
-2.414	-0.772	0.010	-0.623	1.856	0.051	-0.132	0.510	-0.001	2.710	4.266	3.014	-0.177	-1.776	0.452	-0.729	7.906	1.060	-14.220	-4.666	0.499	-0.439	-0.908	7.964	-0.556	-1.168	1.165	5.887	32	Faces
-8.739	-4.288	-0.095	1.365	-1.815	1.674	4.116	4.130	8.368	2.469	6.161	6.895	0.850	-4.175	-1.666	-2.681	1.578	-2.510	-4.050	-6.179	9.091	0.474	-2.796	-2.564	2.778	0.418	4.374	-2.111	32	Cars
6.378	8.919	4.233	7.811	5.114	1.576	-6.881	-3.488	-17.512	-0.864	-11.284	-10.644	-5.792	-12.339	5.439	12.559	22.096	8.402	11.362	6.962	1.138	-1.301	0.743	-5.710	-3.287	-5.599	-9.146	-9.482	32	ScrambledFaces
4.397	7.718	4.732	-0.397	3.899	-0.276	-0.335	-5.268	-14.111	-0.028	-2.114	-2.481	0.314	4.120	0.575	4.130	16.262	4.158	-2.634	3.435	0.545	4.694	3.418	-0.095	-5.128	-6.272	-0.307	-1.769	32	Faces
-2.077	10.889	3.507	0.081	0.137	1.037	1.336	0.262	-3.996	14.955	0.194	2.756	-2.779	1.155	-2.346	1.315	-8.454	9.654	3.442	-6.790	-3.928	-5.741	0.189	-5.064	-4.492	-8.312	-0.855	2.547	32	Faces
2.513	6.197	3.627	4.466	6.051	1.518	0.576	3.419	-1.658	3.500	-2.804	-0.837	1.306	2.105	5.786	-0.160	-8.249	8.615	-4.785	4.798	5.112	5.702	-5.537	-1.951	-3.027	0.168	-0.986	-10.105	32	ScrambledFaces
-8.227	-9.557	0.573	-11.032	-5.359	-0.164	1.568	2.697	11.971	4.913	6.173	4.823	-2.597	-1.100	-7.607	-12.838	-7.285	-0.295	6.772	-6.049	3.428	-2.314	-0.514	2.056	6.990	4.426	1.734	3.162	32	ScrambledCars
3.818	7.604	1.179	0.074	5.599	-0.048	2.677	-2.189	-2.161	-1.494	-2.147	-0.140	3.579	5.740	3.141	0.829	5.286	-2.372	4.560	2.079	3.155	10.046	0.594	5.862	-6.600	0.946	-5.672	5.131	32	Faces
-3.593	-1.104	-2.049	-0.804	1.580	0.265	1.986	-5.206	-3.866	-7.474	1.781	0.709	6.415	2.569	4.827	2.076	-5.839	4.655	-3.392	1.958	6.531	2.048	0.569	1.789	-1.004	-0.249	5.329	0.934	32	Cars
-3.733	-6.187	-4.313	0.531	4.999	4.148	5.558	-6.139	-11.106	-2.845	5.347	6.998	6.721	11.428	-5.775	1.443	-8.291	-5.562	-5.995	7.216	8.372	1.495	0.503	3.665	-3.692	-2.054	6.840	1.305	32	Cars
0.166	-2.856	1.407	4.372	-1.018	2.961	-3.784	-1.214	-2.133	-0.328	-5.897	-2.871	-4.171	-7.418	8.745	3.445	-4.399	6.713	-2.935	0.420	-1.677	-1.341	-0.381	-1.647	-3.124	-2.361	2.823	-2.022	32	Faces
0.340	8.062	2.258	3.202	-0.100	0.553	2.942	-3.414	8.043	8.205	0.447	4.279	1.967	6.720	-6.807	8.067	-5.346	2.228	0.508	5.385	1.818	2.958	0.822	-3.556	-0.412	-2.757	0.384	-1.866	32	Faces
-3.850	0.421	1.685	-4.242	-1.598	-2.893	-4.594	-1.584	4.105	-0.842	1.432	8.043	2.828	-0.960	-0.843	-1.132	-0.435	5.142	-1.233	-4.468	4.869	-0.454	6.471	3.785	3.294	-1.589	6.578	2.216	32	Faces
-9.341	-15.497	-8.363	-9.302	-1.426	-2.516	4.136	1.046	-0.264	3.969	6.481	5.532	6.200	6.351	-7.047	-10.630	-1.269	-4.775	-4.978	-4.730	-0.841	11.395	5.980	6.044	6.467	6.942	7.408	8.937	32	Cars
-0.002	11.938	6.439	1.380	0.895	-0.442	0.668	-3.573	4.585	3.733	0.686	0.032	4.111	1.748	3.637	5.086	-12.238	2.367	-3.082	1.945	4.671	1.708	-1.285	0.161	-3.257	-3.312	2.598	-2.947	32	Cars
10.724	4.770	0.824	6.671	-3.425	0.919	-1.838	-8.889	-14.604	-0.032	-6.556	-8.016	-0.285	2.431	11.956	10.002	8.192	8.913	10.881	13.405	-0.637	7.112	4.382	-4.519	-4.058	-6.602	-5.504	-12.898	32	Faces
10.316	10.225	6.864	8.694	0.849	1.226	-3.488	7.003	8.420	6.262	4.424	3.032	-0.184	-0.287	-2.043	8.850	-0.923	-3.097	3.002	-1.363	-3.928	-13.571	-10.931	-2.782	-13.797	-5.375	-3.091	0.931	32	Faces
-3.941	-5.016	-1.261	-2.003	-3.313	1.806	7.608	2.345	2.515	7.037	0.695	1.898	2.035	-2.177	-7.475	-5.164	-7.264	-2.085	-10.540	-3.966	-5.983	2.706	7.145	5.276	5.321	5.263	3.158	3.363	32	ScrambledFaces
-21.372	-28.117	-10.278	-14.301	-8.680	-3.042	4.585	7.664	8.246	8.024	14.255	9.291	3.449	6.791	-3.565	-15.958	-16.003	-4.339	-4.626	-7.848	-7.410	-0.914	3.639	8.725	15.631	10.256	7.268	7.803	32	ScrambledFaces
-18.104	-10.332	4.741	4.629	3.826	3.823	7.828	7.270	9.252	6.210	9.751	11.024	5.913	2.289	-13.258	-8.928	-21.236	-9.460	1.055	-9.979	0.609	0.202	-3.068	4.985	2.512	7.439	4.503	14.809	32	Cars
-11.173	0.179	-6.847	7.292	5.411	6.913	11.900	13.111	15.541	12.857	12.536	10.769	6.892	6.338	-12.666	-4.112	-6.739	-8.829	-11.317	-1.686	-5.002	-6.241	-9.166	-1.177	-4.209	1.804	1.956	0.907	32	ScrambledCars
-7.721	-0.826	-3.386	-8.196	-1.043	-0.362	1.229	2.570	-9.382	4.088	1.434	4.726	3.764	1.209	-4.039	4.947	-4.327	-1.016	5.886	-0.262	-4.958	2.268	2.480	4.202	4.876	14.629	0.819	3.603	32	ScrambledFaces
4.179	-0.361	-3.147	3.730	2.401	-2.527	-0.826	-2.598	-7.267	-3.384	-3.342	-2.079	-2.453	-2.040	1.809	7.258	7.246	1.055	8.334	8.473	-2.836	0.078	-0.553	1.082	-1.742	2.565	-1.104	-2.683	32	Faces
-21.900	-2.340	-11.331	-10.368	-7.850	-0.931	4.852	7.633	9.708	6.233	11.578	15.505	7.172	0.067	-21.100	-13.562	-5.826	-11.995	-16.912	-4.139	-7.103	6.155	3.147	7.719	12.398	13.988	14.058	18.005	32	Cars
-11.228	-13.690	-2.646	-13.028	-7.850	-3.353	-5.402	0.698	8.935	6.562	6.506	4.642	-2.374	-4.294	-7.158	-15.825	-19.824	8.471	5.885	-11.598	-10.464	-0.786	0.519	6.892	11.782	12.308	1.882	6.454	32	ScrambledFaces
2.269	-1.146	-5.001	2.369	0.301	1.906	4.534	0.790	2.888	3.181	9.838	10.308	1.346	1.912	-7.164	0.581	3.502	-9.989	-8.344	2.432	1.211	0.716	-5.085	-3.387	-9.566	0.122	-0.254	4.864	32	Faces
4.376	-4.087	7.509	4.046	0.816	4.604	1.252	-0.440	-6.279	2.580	-5.057	0.183	-0.914	6.892	0.629	-0.485	-9.882	-4.303	-2.284	6.589	7.692	5.584	1.403	3.957	-0.885	-3.613	4.151	5.445	32	Faces
-8.429	-12.066	-9.190	-3.334	-0.923	-1.198	-1.036	4.602	4.947	-0.340	8.704	5.978	-10.322	1.126	-2.595	-2.617	-11.569	-0.476	-4.340	-5.891	-3.134	-3.473	-1.597	3.163	10.624	9.446	5.439	2.901	32	ScrambledFaces
6.366	0.428	3.005	1.273	-2.160	3.085	2.298	-1.682	-1.994	-1.087	1.184	-2.929	0.716	2.189	-1.375	4.860	12.106	12.699	5.316	-0.764	1.414	-5.252	-0.262	-0.541	-7.413	-5.390	0.503	-4.345	32	Faces
1.866	5.309	13.392	2.772	-1.401	1.607	-5.019	-0.904	4.270	-4.588	4.298	3.954	-6.045	2.850	2.564	4.346	2.916	-1.340	6.994	0.583	-3.206	-6.106	-3.020	-3.591	-6.761	-1.073	-2.303	1.954	32	Faces
0.197	-0.602	-6.449	-6.602	-0.977	2.565	3.774	0.275	-0.865	14.168	5.999	5.728	5.824	5.680	1.831	-0.693	-12.813	-5.833	1.544	-0.579	2.335	2.331	5.643	0.800	-5.797	0.609	0.607	0.641	32	Cars
8.750	1.068	-1.535	3.995	2.423	1.055	1.707	1.928	-5.339	2.050	0.508	-3.694	-0.882	-1.839	-2.898	-0.710	9.843	-1.252	8.587	5.479	4.137	3.257	-0.162	0.915	-2.324	-5.854	-2.542	-5.699	32	ScrambledCars
-22.123	-16.827	-19.400	-12.925	-1.323	-5.408	5.447	6.434	-1.305	36.550	19.264	20.774	9.699	3.096	-24.819	-17.018	-26.894	-17.144	-25.564	-15.160	-1.257	-5.253	-1.114	14.802	19.798	24.442	20.057	26.277	32	ScrambledCars
-0.592	2.317	-9.650	-3.527	-4.096	-1.253	1.785	-3.032	9.182	6.181	10.656	7.539	12.484	8.044	-5.851	-0.112	-10.206	-7.904	2.944	-4.254	8.602	-1.388	-2.942	6.512	-0.651	2.316	9.634	9.681	32	Faces
