FP1	F3	F7	FC3	C3	C5	P3	P7	PO7	PO3	O1	Oz	Pz	CPz	FP2	Fz	F4	F8	FC4	FCz	Cz	C4	C6	P4	P8	PO8	PO4	O2	ID	Condition
2.738	-1.062	3.301	-0.965	6.519	4.063	3.862	-1.887	-2.006	5.348	8.359	7.709	1.700	2.433	-5.688	-5.908	-6.352	-3.029	-3.999	-4.719	-0.787	-2.684	-1.237	5.563	0.293	8.552	11.514	8.106	33	Cars
-1.703	-10.175	-5.116	-5.504	-8.061	-5.814	3.409	1.164	6.074	3.161	6.536	8.207	-0.777	1.362	4.007	-8.289	-7.353	0.272	-5.466	-6.530	-1.666	-1.942	-1.543	-7.231	8.139	23.693	0.581	9.427	33	Faces
-4.019	0.037	-2.505	-2.665	-3.551	-3.268	-0.355	-3.769	-2.201	-0.284	1.683	3.783	2.757	3.115	4.514	2.409	0.617	2.894	3.216	3.335	5.737	4.195	1.950	1.622	-4.087	19.002	-1.506	1.118	33	Cars
1.880	0.022	2.580	2.144	7.387	4.445	2.245	-1.439	1.114	2.654	0.672	2.394	3.580	6.036	-5.293	1.311	2.780	-0.555	3.558	2.646	6.655	2.251	1.180	0.952	-4.944	-14.342	1.146	3.582	33	Faces
1.692	-5.035	-3.477	-4.582	-3.261	-5.486	-3.652	-6.376	1.152	-0.080	-0.570	6.775	-2.206	-0.141	6.115	-3.992	-1.252	2.464	-2.007	-3.913	-2.022	-1.115	1.697	13.806	3.778	-0.346	-5.614	4.978	33	Faces
2.622	0.031	-1.228	-2.501	-2.161	-4.257	-5.517	-8.178	-4.508	-3.462	3.957	-0.387	-3.320	-1.767	1.858	2.423	7.006	4.502	4.427	1.706	-2.553	1.831	4.134	3.415	4.854	-0.032	11.349	2.308	33	Faces
0.704	0.467	0.917	-0.569	-3.350	-0.766	2.020	-0.453	-2.228	2.964	-5.902	1.897	3.676	5.033	-5.809	-3.140	-1.262	-1.127	0.876	-2.142	1.710	2.651	2.718	6.331	2.870	9.148	-0.351	2.023	33	ScrambledCars
2.730	1.247	0.721	1.913	2.143	-0.266	-2.805	-4.795	-3.054	-1.705	-3.218	-0.314	-1.216	-2.187	3.882	1.070	-1.748	0.925	-1.067	1.281	-0.374	-0.367	-0.116	-0.877	1.906	2.423	3.931	2.425	33	ScrambledFaces
-3.063	4.117	0.813	8.043	5.354	2.788	-0.039	-7.840	-5.633	-3.276	-4.816	-3.912	2.418	7.252	0.350	7.673	2.690	2.055	6.327	6.792	10.498	6.620	4.858	11.450	-6.809	-13.960	-5.764	-3.348	33	Cars
12.586	4.247	0.849	2.751	0.539	-5.404	-10.599	-16.901	-11.322	-11.936	-17.403	-11.365	-10.330	-6.294	-1.424	3.426	4.242	-1.086	3.137	5.483	-0.634	4.078	0.275	-15.019	2.210	-2.364	-12.750	-8.689	33	Cars
3.415	0.029	-1.085	-0.660	-4.280	-4.051	-8.340	-0.268	-3.338	-5.371	-5.273	-3.279	-9.940	-10.289	-2.549	-5.384	-0.508	-1.206	-1.315	-4.931	-7.028	1.880	0.582	-14.864	11.951	11.305	3.819	-0.090	33	ScrambledFaces
1.961	0.104	1.147	0.807	4.685	2.276	1.616	1.793	1.641	2.807	5.710	5.438	0.140	2.586	4.287	1.552	-0.512	2.189	-1.495	0.537	0.984	-2.238	0.563	1.705	7.239	3.619	3.872	5.164	33	ScrambledCars
-2.188	4.548	-1.713	2.515	1.700	-1.102	-3.289	-2.886	-5.160	-3.908	-2.054	-1.227	-2.721	-2.591	14.397	7.241	4.767	6.123	3.433	7.879	3.629	2.147	0.642	-6.362	-2.071	-0.993	-4.947	-0.659	33	ScrambledCars
0.636	-3.103	1.335	-0.943	-2.228	1.045	2.945	3.553	3.441	-0.936	0.279	1.583	2.935	-0.218	-11.732	-4.522	-5.894	-5.792	-3.470	-3.796	-0.993	-1.494	0.105	14.545	1.933	3.787	-0.105	2.924	33	ScrambledCars
3.337	-5.132	1.618	-4.746	-8.905	-3.054	-1.183	0.946	6.272	1.016	3.728	4.911	-3.104	-3.386	0.291	-8.651	-6.371	-1.386	-6.940	-7.513	-2.780	-8.402	-3.569	12.412	-0.805	12.250	34.667	3.691	33	ScrambledFaces
3.836	-3.709	-0.272	-6.661	-3.761	-3.507	-0.134	-3.933	3.807	0.986	7.707	3.011	-4.401	-0.187	-8.951	-3.227	-4.638	-4.079	-4.198	-4.384	-4.544	-4.075	-0.522	9.526	5.124	1.593	3.971	3.792	33	Cars
3.893	-1.585	-0.150	-1.778	-2.894	-2.047	-3.283	2.157	-0.711	-4.729	-2.033	-2.286	-4.777	-4.173	-3.915	-4.955	-5.725	-4.477	-4.480	-5.872	-7.517	-0.076	-2.363	-12.496	5.719	-1.524	-0.348	-0.866	33	ScrambledCars
2.246	-2.663	0.169	-2.858	-1.543	-1.609	0.706	-5.972	-2.417	1.206	-0.622	1.221	-0.003	2.313	-10.222	-3.990	2.544	-2.376	2.143	-1.058	2.213	0.644	1.839	15.341	-4.384	-1.419	-6.299	1.336	33	Faces
2.728	-2.728	-0.435	-5.406	-5.866	-3.479	0.153	2.841	6.262	4.087	9.610	7.530	-2.949	-5.582	-0.417	-4.392	-2.650	-1.386	-6.005	-6.978	-6.365	-7.074	-3.669	-0.198	6.082	23.115	0.440	7.769	33	Faces
-5.333	2.572	-1.148	-0.921	-5.130	-1.524	1.474	6.454	11.621	7.159	6.455	11.862	-1.211	-4.399	-1.424	-3.262	-6.942	0.554	-6.035	-5.035	-5.532	-4.245	3.391	7.737	23.644	3.772	5.392	13.198	33	ScrambledCars
-2.797	-14.703	-5.607	-7.626	-1.410	-1.596	1.719	10.936	7.482	3.126	13.499	8.378	0.825	-4.143	2.345	-5.193	-1.193	2.122	-2.694	-6.261	-7.377	-1.395	1.268	-2.486	13.501	12.059	8.362	12.601	33	ScrambledFaces
-3.078	3.290	-1.068	-0.060	-0.133	-0.460	0.014	1.015	4.959	-0.927	-4.347	0.963	-4.526	-7.515	6.879	-2.885	0.016	1.573	-3.306	-4.204	-4.732	-4.156	-2.623	-2.117	1.208	11.735	-4.456	3.766	33	ScrambledFaces
-3.001	6.673	1.803	3.525	-1.123	1.239	-1.094	0.315	-2.020	-3.209	-3.594	-5.617	1.732	-1.062	-0.211	-1.419	-4.066	-1.433	-1.971	-2.014	-2.462	0.087	-0.111	3.061	-0.695	-3.511	5.051	-3.414	33	ScrambledFaces
5.526	-5.552	0.243	-5.733	-0.048	-0.824	-3.018	4.524	5.314	-1.009	4.482	3.918	-7.134	-8.011	-1.981	-8.232	-4.597	-3.994	-5.284	-6.048	-9.047	-2.097	-2.356	11.518	-0.408	10.801	-6.282	2.886	33	ScrambledFaces
3.820	-3.100	-0.703	-3.127	-3.547	-2.553	-3.100	4.842	4.292	-0.253	4.476	0.236	-10.826	-10.977	-1.186	-9.055	-3.843	-3.041	-8.179	-7.434	-6.051	-8.587	-4.670	-6.344	11.461	5.372	0.076	3.339	33	ScrambledFaces
2.204	5.455	0.421	1.395	-5.297	-4.678	-5.674	-11.849	-9.866	-6.283	0.133	-3.299	-0.598	-1.452	-2.211	8.095	9.891	2.706	5.947	5.918	2.823	0.306	4.569	27.098	-3.461	-0.769	-8.713	-4.243	33	Cars
3.526	5.012	4.232	2.246	7.061	3.671	-2.439	-1.442	2.662	0.071	5.135	4.479	0.192	1.119	1.135	1.578	-0.828	0.474	-1.179	1.981	-1.575	-2.284	-2.288	-12.541	2.091	12.874	17.790	7.630	33	Faces
-2.651	-2.245	-1.894	0.124	0.010	-1.071	-2.276	-0.979	4.777	3.022	3.976	3.296	-0.045	-2.248	5.763	-2.112	-3.236	0.653	-2.336	-4.602	-2.167	-0.164	-1.399	1.908	-4.008	7.576	-6.851	2.448	33	Faces
1.250	-3.803	-2.141	-5.390	-11.037	-6.658	0.101	-1.508	3.946	1.906	3.151	7.979	3.837	3.976	0.854	-1.101	4.998	3.607	3.867	3.895	0.381	1.692	2.547	-0.330	2.128	6.384	7.814	6.045	33	Faces
2.896	-0.272	2.870	1.883	3.099	2.374	-0.017	-0.965	2.271	-0.768	4.964	2.726	1.209	0.658	-12.848	-1.060	-2.121	-4.376	-2.052	3.480	2.368	-3.889	0.863	16.755	6.750	12.396	-1.685	5.293	33	ScrambledFaces
-0.446	-2.772	-1.367	-2.332	3.880	0.837	-0.579	1.263	1.258	-1.831	-1.857	0.405	-2.006	-4.236	-1.799	-0.940	-1.974	-1.760	-1.494	-1.938	-3.662	-0.001	-2.193	-16.225	2.084	0.985	1.815	6.808	33	ScrambledFaces
-2.915	2.461	-0.848	-0.746	1.944	-0.315	-0.031	-3.696	0.284	4.847	0.844	3.153	4.150	2.977	4.940	1.919	4.440	5.308	2.852	1.164	2.569	-0.044	2.405	-3.750	4.212	5.244	8.599	2.204	33	ScrambledCars
2.321	-3.190	-1.769	-3.387	-3.653	-5.424	-3.911	-12.654	-7.118	-3.668	-1.321	4.532	-0.185	6.529	-3.824	-2.087	-0.175	1.174	2.265	-2.352	1.737	3.507	4.587	8.254	4.243	6.774	10.328	7.133	33	Faces
-7.292	-2.993	-4.616	-2.098	5.561	0.210	0.364	-2.639	-0.687	3.117	-2.210	2.001	-1.606	3.545	11.183	5.863	4.746	8.595	4.137	4.444	6.083	1.512	5.410	7.772	6.827	12.322	8.205	4.258	33	ScrambledCars
1.501	0.757	0.282	3.056	-1.535	-1.408	2.337	-9.712	-7.315	-1.430	-4.064	0.816	2.374	1.947	-10.927	0.626	3.075	-2.758	5.458	4.787	2.364	5.696	1.357	-9.304	-6.930	-12.549	-10.456	-0.317	33	Cars
-4.107	10.229	-1.150	5.215	-5.281	-3.603	-3.731	-5.690	-7.388	-8.670	-4.070	-7.012	1.067	4.584	9.418	9.444	11.182	6.447	8.201	7.276	3.918	4.782	0.499	-24.389	-5.354	1.104	-1.067	-4.909	33	ScrambledFaces
2.941	3.827	1.613	2.003	-0.895	-0.514	-4.883	3.566	1.781	-2.702	1.433	0.325	-3.951	-0.234	6.966	1.174	1.427	1.584	-0.330	6.207	5.491	-1.376	-2.978	-12.679	0.977	14.234	0.354	2.864	33	ScrambledCars
10.901	-0.637	2.981	-4.568	-1.273	-3.005	-6.231	-8.709	-2.545	-1.494	-1.927	-1.683	-2.602	0.031	-16.557	0.753	0.864	-5.547	2.570	-0.047	3.024	3.219	2.208	6.853	-0.031	-6.054	-0.585	1.939	33	Cars
0.590	-1.762	0.820	0.728	-0.705	0.653	1.294	2.424	-1.128	2.845	4.113	5.384	0.677	5.592	-4.891	1.878	-3.122	-1.271	-0.671	2.794	4.426	0.148	2.122	8.823	7.014	11.304	0.369	7.916	33	ScrambledCars
-10.117	4.476	1.435	3.021	5.850	6.834	7.032	7.718	8.987	2.116	9.655	6.544	5.544	3.534	-9.225	-0.634	4.829	1.845	6.641	2.544	1.924	6.603	6.769	5.931	4.859	19.708	7.823	10.523	33	ScrambledFaces
1.110	-0.095	-2.799	-3.438	-2.544	-4.495	-5.753	-1.983	-0.120	-2.165	3.420	-4.219	-9.925	-9.362	8.065	-1.853	-2.900	0.946	-6.200	-3.209	-10.028	-6.077	-1.538	7.999	8.619	1.162	-7.697	1.470	33	Faces
-1.924	-0.644	-5.650	-0.457	-8.564	-8.577	-8.352	-7.440	-6.672	-7.797	-4.751	-2.746	-10.246	-4.863	6.451	0.007	1.283	2.305	0.895	-2.541	-3.472	3.388	0.784	-13.779	4.102	-2.377	-8.831	1.377	33	Cars
-1.574	-2.535	-5.680	-4.291	-5.988	-6.530	-7.386	-0.716	-3.159	-9.536	-12.649	-8.332	-2.809	-6.215	16.821	2.510	6.206	5.437	0.945	-0.822	-5.486	-0.697	-2.799	-10.802	-5.406	0.679	-5.044	-4.481	33	ScrambledCars
-2.967	1.708	-1.390	-2.800	-2.193	-1.573	-2.391	4.332	6.359	2.636	1.957	1.610	-8.753	-8.012	4.159	-3.706	-4.184	-0.587	-6.602	-1.875	-1.801	-7.931	-4.662	-8.500	6.922	8.802	2.062	4.094	33	Cars
1.911	0.032	-0.059	1.718	0.778	-1.398	0.443	-8.031	-0.931	-0.014	1.843	3.138	1.181	2.444	1.085	-1.631	-2.667	-0.497	-2.471	-0.979	2.410	-2.646	-1.444	2.334	-0.412	4.308	-7.375	0.069	33	Cars
-3.089	-8.308	-4.163	-4.753	-0.437	-1.023	0.557	8.172	5.498	2.839	6.629	1.844	-6.111	-2.282	2.825	-12.768	-15.077	-4.522	-12.094	-13.707	-7.284	-4.740	-4.126	-5.334	10.268	-7.796	-6.334	7.132	33	ScrambledCars
-3.880	-1.611	0.795	1.409	5.232	3.503	4.629	-3.086	1.674	7.958	6.480	4.621	7.944	5.497	-4.351	0.430	-5.159	0.457	-0.058	3.340	5.309	0.267	4.009	13.691	4.807	1.501	13.793	6.389	33	Cars
1.385	1.398	0.895	-0.136	-0.633	-0.431	-1.222	0.049	6.527	-0.662	5.633	-1.152	-0.794	4.036	0.945	5.242	3.186	3.430	6.130	4.947	3.307	7.866	5.910	1.221	3.302	1.478	12.258	-0.363	33	ScrambledFaces
-2.911	-3.545	-5.804	-5.276	-4.519	-7.229	-5.550	-9.921	-7.697	-5.605	-1.753	2.092	-0.915	-2.047	18.714	1.483	-2.493	5.679	-2.331	-1.022	-1.803	-1.635	0.089	17.634	-5.498	0.803	-1.766	2.474	33	Cars
-8.648	-4.474	-10.208	-5.441	-7.472	-9.044	-4.322	-2.695	-5.478	-5.311	0.917	0.185	-5.057	-9.928	37.184	-8.127	-2.955	11.242	-6.542	-12.492	-8.299	-3.599	-2.523	-0.745	-0.541	-3.838	-1.238	-1.177	33	Faces
-1.508	-6.567	-2.780	-5.119	-9.376	-4.511	0.245	6.620	9.618	5.844	10.271	9.086	-1.356	-12.245	0.894	-12.823	-11.317	-3.664	-14.768	-14.334	-17.521	-14.026	-6.235	5.397	13.386	15.790	1.241	10.786	33	ScrambledCars
1.053	-4.541	3.474	-0.290	1.726	4.359	7.718	4.474	10.977	10.488	7.909	9.834	6.832	4.278	-19.499	-6.089	-4.750	-6.252	-0.209	-0.467	1.198	1.251	0.483	-3.566	2.098	13.505	10.020	8.491	33	Cars
5.419	-1.888	0.529	-4.120	-11.430	-5.437	-1.447	3.223	7.823	2.520	9.374	3.279	-7.548	-10.680	-9.611	-4.386	-4.570	-5.755	-6.320	-9.287	-7.739	-5.254	-3.539	-5.845	8.547	12.066	-1.276	5.522	33	Faces
-3.167	1.316	-2.638	-0.494	1.727	-1.607	-4.664	-1.616	1.382	-2.919	0.602	1.316	-5.181	-3.298	6.901	4.147	5.387	4.865	2.155	4.363	1.394	-0.480	2.377	6.601	5.802	17.698	-5.667	5.028	33	ScrambledCars
3.076	-5.008	2.262	-1.121	-2.759	1.537	3.395	8.660	11.887	6.100	8.253	8.535	0.202	-7.561	-10.201	-8.969	-6.934	-6.377	-7.483	-10.735	-8.325	-5.674	-3.834	2.280	4.289	10.115	1.906	10.236	33	Faces
-1.977	1.952	1.244	3.116	4.711	2.656	1.269	-3.942	-2.961	1.018	2.514	0.067	8.507	5.907	1.578	0.057	-5.248	0.267	-1.488	-0.675	2.164	0.412	1.126	5.923	-0.022	-3.061	6.515	1.018	33	ScrambledCars
-0.112	2.917	4.310	5.085	3.519	5.115	6.415	0.518	0.625	5.709	6.163	6.220	7.042	3.684	-6.838	2.781	-0.977	-1.771	1.717	4.973	7.062	0.347	-0.336	-1.992	-4.803	-2.120	7.515	5.086	33	Cars
4.548	1.924	-3.634	-3.320	-3.435	-9.010	-5.991	-18.961	-6.162	-1.987	-6.179	-2.819	-0.287	1.761	15.245	2.680	3.832	7.384	4.196	3.086	2.606	4.882	1.805	-16.294	-1.080	-2.912	-1.012	-2.625	33	Cars
1.536	-0.430	-1.069	-1.211	-3.318	-3.135	-3.067	-1.485	0.699	-4.820	-0.830	0.246	-3.812	-0.822	-2.701	2.300	-0.298	-1.189	-1.136	3.472	0.644	-2.014	-0.299	0.441	6.471	9.583	-4.982	5.700	33	ScrambledFaces
5.929	-6.589	-3.958	-6.797	-4.763	-8.292	-10.077	-8.880	-2.923	-6.002	-1.550	-0.845	-6.082	-10.048	11.583	-9.152	-2.390	1.526	-3.222	-5.378	-5.429	-0.187	-3.741	-10.962	-4.580	2.852	2.694	1.135	33	Cars
4.067	-1.028	-0.639	0.056	-0.398	-1.942	-3.599	0.171	-1.043	-3.068	2.352	-0.475	-5.864	-3.681	6.942	0.766	-1.110	0.836	-2.010	5.015	-2.709	-1.676	-3.052	-16.778	3.536	-1.477	1.470	1.280	33	ScrambledCars
-5.140	-0.008	-2.890	-2.702	-4.323	-2.427	0.602	1.739	5.098	-1.815	0.742	-3.275	-0.553	-2.417	-1.164	1.291	8.129	3.851	7.164	2.352	2.277	6.071	5.415	1.262	2.145	6.828	1.158	-2.698	33	ScrambledFaces
-8.069	4.567	-3.566	0.100	-2.372	-3.325	-1.019	-6.647	-2.248	-0.008	2.431	0.782	2.597	1.259	12.471	4.783	1.584	7.527	4.931	5.584	2.323	6.451	5.628	3.796	0.070	-0.595	3.555	2.890	33	Cars
-3.026	-5.507	-6.947	-7.169	-15.056	-11.850	-6.029	-6.488	-0.055	-2.687	1.131	-1.330	-2.703	-1.075	2.476	-2.769	-0.850	3.853	0.768	-2.936	-1.079	3.323	7.199	18.219	14.073	17.113	0.233	7.864	33	ScrambledFaces
0.784	-2.609	0.195	-0.103	2.895	1.756	-1.890	4.196	3.914	1.643	-0.453	-1.608	-6.050	-3.768	2.971	-4.722	-2.208	-1.428	-6.624	-7.154	-6.289	-8.484	-5.639	-2.296	0.721	9.176	1.825	0.211	33	ScrambledFaces
-5.515	-4.477	-4.187	-3.532	-4.036	-3.468	-1.731	2.974	7.228	4.004	11.960	7.010	-3.532	-6.285	4.605	-11.909	-10.769	-0.713	-10.824	-11.869	-10.324	-7.796	-3.581	-9.425	14.705	13.936	7.762	7.129	33	ScrambledCars
4.297	0.860	3.045	0.480	5.066	2.676	-2.345	1.111	6.021	-3.190	4.074	2.885	-3.836	-5.042	-5.316	-3.977	-4.928	-3.887	-4.753	-1.921	-0.058	-4.031	-2.326	0.098	5.476	2.009	7.627	5.464	33	ScrambledFaces
2.718	1.604	2.968	2.351	0.966	1.902	1.036	0.198	0.391	-0.874	2.908	-1.321	0.278	1.202	-7.599	1.339	-2.640	-3.851	-0.866	4.488	3.230	-0.754	-0.652	6.858	-0.789	10.081	-3.429	2.520	33	ScrambledCars
-1.662	-1.433	-3.824	-0.496	-1.617	-3.586	-4.229	-2.049	-2.261	-2.009	-3.576	-0.032	-2.900	-2.187	18.478	0.856	2.230	6.664	1.455	0.196	1.638	2.740	0.136	-6.047	-3.665	-4.170	-2.382	-0.462	33	Faces
0.482	-1.180	0.280	1.402	5.685	2.318	-0.927	1.007	2.701	0.439	1.916	1.630	-3.048	1.199	0.296	-1.204	1.751	0.724	-2.398	0.805	-0.517	-6.041	-1.673	0.565	6.754	15.062	-0.165	4.319	33	ScrambledCars
-0.799	2.772	0.578	0.548	-1.448	-0.564	1.137	-0.045	1.756	3.128	7.417	4.639	2.675	-0.243	-0.873	0.651	-1.984	-0.123	-2.095	2.114	0.579	-2.988	-0.214	1.923	6.124	9.254	-3.266	6.714	33	ScrambledFaces
0.277	14.461	3.119	9.477	6.424	2.182	-4.425	-9.922	-10.154	-5.981	-5.571	-7.179	-4.913	-0.641	0.027	12.846	7.156	1.965	5.849	14.358	4.831	1.865	0.965	-13.451	0.484	0.246	-6.721	-5.375	33	Faces
-1.896	-3.612	-2.669	-1.004	-0.393	-1.866	-0.103	-3.742	0.622	2.957	-4.814	-0.536	4.740	1.292	3.568	-1.573	0.177	1.677	0.639	-1.618	4.217	0.761	0.290	0.238	-3.028	-5.734	-6.282	2.826	33	Cars
-3.817	-2.865	-1.286	2.014	3.970	2.128	6.634	-0.766	3.408	3.399	8.523	2.702	3.569	3.385	-6.206	-3.771	-5.836	-1.919	-2.149	-2.399	3.112	0.371	0.429	-14.857	9.843	7.384	1.891	1.979	33	ScrambledCars
3.398	-0.101	-1.640	1.239	-0.331	-3.984	-7.003	-8.996	-6.772	-4.835	-2.304	0.225	-6.805	-2.065	1.176	1.320	2.982	3.058	1.885	-0.971	0.728	2.197	4.756	2.894	12.813	5.685	0.981	3.236	33	Cars
10.854	4.296	6.480	3.414	8.625	5.255	-2.999	1.233	-0.926	-1.404	-4.261	0.103	-5.004	-4.418	-12.215	4.590	5.830	-4.792	1.874	5.649	2.533	-1.971	-2.491	-6.188	-0.804	-3.904	-7.345	1.715	33	Cars
-2.402	-4.962	-3.531	-3.788	-0.425	-2.489	2.439	-1.848	3.598	4.263	2.632	5.493	2.649	1.711	3.534	-8.806	-8.698	0.361	-5.830	-2.851	0.031	-2.611	0.422	1.107	11.418	2.053	-1.367	7.495	33	Faces
4.631	-3.242	0.134	-1.555	-2.329	-3.214	0.091	-9.978	-2.944	0.092	-2.624	2.901	3.147	2.905	-3.475	-4.179	-3.563	-0.906	-2.092	-4.952	1.209	-1.391	0.580	3.796	3.468	3.934	8.890	7.296	33	Cars
3.860	0.991	0.725	-0.010	-1.410	-2.931	-5.749	-8.180	-3.424	-0.775	1.837	3.029	-4.138	-0.292	2.071	-2.281	-0.363	0.751	-2.216	-2.411	-2.450	-3.791	-1.394	1.290	1.217	4.995	8.214	3.294	33	Faces
2.970	5.188	2.373	6.364	2.993	1.407	-2.910	-2.372	-1.038	-3.534	-1.661	-1.603	-3.659	1.689	-2.172	3.625	4.705	0.635	0.782	4.523	4.799	-3.283	0.340	0.233	7.587	3.428	-5.137	0.233	33	ScrambledCars
0.194	3.304	-0.448	4.718	8.826	1.264	-3.514	-10.604	-8.737	-7.901	-2.648	-2.581	0.961	-0.719	8.954	2.641	6.111	4.146	4.670	6.290	4.468	3.269	-0.126	-5.220	-9.351	2.181	-9.405	0.653	33	Cars
-19.311	-5.594	-12.151	-5.112	-8.567	-6.301	2.820	11.201	17.223	5.167	12.096	9.043	-0.159	-3.297	35.450	-4.803	0.441	14.262	-3.986	-2.604	-3.285	-5.356	-1.398	-13.356	8.608	2.830	2.777	5.913	33	ScrambledFaces
1.499	1.154	0.777	2.526	-1.783	-1.214	-3.328	-4.714	-4.115	-1.900	0.776	1.258	-6.462	-9.085	-2.819	-5.409	-2.980	-2.801	-2.216	-5.280	-3.722	-0.140	-1.726	-2.496	-3.302	-6.515	0.912	0.686	33	Faces
-2.441	7.849	-1.012	4.378	-10.867	-5.816	-6.339	-3.740	-1.841	-1.271	-6.855	-4.558	-2.798	-2.584	9.992	3.821	8.007	4.791	1.675	3.349	0.231	-4.527	-2.795	-11.126	-3.626	-10.532	-1.630	-4.356	33	ScrambledCars
5.777	4.332	3.670	2.991	10.094	2.821	-0.342	-12.423	-4.440	-3.803	4.356	4.791	3.380	2.603	-9.676	3.670	0.421	-1.913	1.635	3.124	4.503	0.832	2.604	6.966	4.557	6.154	-2.775	7.699	33	Faces
-7.293	-3.399	-4.295	-4.123	-8.155	-4.222	3.524	-0.986	-2.838	0.498	-0.595	0.694	5.502	1.090	-6.208	-1.511	-1.972	0.181	0.881	-0.739	-1.974	2.049	4.901	9.964	8.571	8.778	2.747	4.477	33	ScrambledCars
2.232	3.528	-0.032	2.494	3.157	-1.001	-4.790	-6.445	-4.017	-3.921	0.774	4.937	-5.085	-2.482	9.837	4.077	7.904	6.394	1.864	1.036	-5.207	-2.712	0.173	-8.845	5.255	2.961	10.039	5.979	33	Faces
0.443	6.676	3.575	6.333	-2.226	1.377	2.190	-1.011	-2.269	-2.597	-2.284	1.233	3.765	4.651	-7.660	4.992	-3.576	-3.141	-2.908	4.019	3.620	-4.972	-0.724	3.472	8.058	9.029	2.560	2.181	33	ScrambledCars
-4.490	-5.864	-4.981	-5.217	2.879	-1.054	-1.269	2.856	0.877	-0.568	3.889	2.642	-3.101	-0.979	6.945	-0.398	1.185	4.113	1.952	-3.329	-0.723	4.941	4.225	4.474	5.300	8.961	-3.575	1.773	33	ScrambledCars
3.545	-6.103	-1.399	-1.738	2.458	-1.813	-2.059	-7.972	-4.807	-2.117	0.957	1.368	-1.341	2.256	-2.280	0.739	-5.415	-2.237	-2.845	1.905	0.221	-1.299	-0.017	11.301	1.851	12.359	-5.786	6.722	33	Cars
-3.751	0.127	-1.059	4.505	-0.332	0.379	1.544	-3.186	-9.651	2.545	-3.514	-1.540	-1.768	1.042	3.061	-1.771	-2.488	1.338	0.978	0.402	-1.468	3.792	1.849	-2.742	-1.327	-1.852	2.759	-2.236	33	Cars
-5.187	1.976	-0.465	0.887	4.367	2.089	5.188	-2.931	0.158	6.938	-0.406	4.134	6.557	4.220	0.012	-6.058	-7.914	0.062	-4.673	-2.139	1.593	-2.837	1.548	7.885	9.586	6.277	-0.913	5.791	33	Cars
2.271	-0.136	-1.602	-5.229	-1.190	-3.278	-2.359	-4.677	-6.171	-6.508	-5.741	-6.168	1.630	3.631	-0.468	4.676	5.616	1.365	3.231	1.669	4.370	0.635	1.610	4.966	-0.004	-2.470	-4.651	-1.186	33	ScrambledCars
-2.251	-9.136	-4.571	-5.904	-4.756	-4.934	-1.504	-3.651	1.728	3.599	3.603	3.269	0.408	-2.448	2.913	-7.667	-5.277	1.823	-2.504	-3.941	-7.211	0.570	2.984	11.284	6.196	10.061	10.586	5.772	33	Cars
-12.632	-2.769	-9.686	-3.975	-1.723	-5.814	-0.900	-8.152	-10.093	-2.598	-6.324	-4.579	2.041	2.438	20.732	0.683	5.723	11.491	3.105	2.004	1.632	0.088	3.463	-0.794	3.370	0.927	2.375	-0.302	33	ScrambledCars
-4.563	-1.276	-2.386	-1.980	-4.717	-3.084	0.101	-3.988	0.054	2.254	-0.404	1.427	3.749	-0.274	1.442	-3.383	-1.710	1.457	-0.850	-4.449	-0.403	-0.633	1.728	11.668	-0.128	4.004	2.830	1.341	33	Cars
-0.360	-1.287	-4.982	-3.228	-7.039	-6.878	-7.250	0.909	-1.947	-8.392	-2.609	-5.080	-8.492	-7.697	9.007	2.164	7.421	4.844	1.249	-1.831	-7.396	-0.216	0.540	-10.493	9.685	19.135	-5.626	1.892	33	ScrambledFaces
-10.138	-0.229	-3.551	7.655	6.549	2.985	2.948	-0.122	-1.070	4.968	6.570	6.055	2.827	1.043	10.741	-0.967	-1.255	5.545	2.822	2.965	1.913	6.880	3.000	-16.056	2.669	4.263	-6.033	4.509	33	Faces
3.401	3.066	4.795	5.783	6.353	5.400	4.798	1.359	6.643	2.588	5.057	3.125	4.607	8.012	-9.246	4.249	-2.673	-3.529	3.126	11.264	9.643	5.285	-0.148	-17.618	-0.943	7.954	-0.484	7.305	33	ScrambledCars
8.808	-5.509	2.976	-0.501	-0.709	-0.249	-3.539	-3.682	-2.077	-1.790	-2.495	0.422	-2.773	-7.829	-22.030	-10.015	-3.122	-8.011	-0.790	-7.718	-4.344	2.451	1.447	-2.113	6.225	0.974	12.263	2.762	33	Faces
-7.468	-4.966	-7.608	-7.191	-3.605	-5.019	-3.505	4.056	2.819	-4.139	2.225	-3.536	-10.693	-9.479	22.818	-3.496	-2.117	4.484	-8.633	-5.746	-6.969	-11.307	-8.260	-6.079	-2.542	10.807	-3.073	-4.775	33	ScrambledFaces
-4.137	-0.543	-5.126	2.958	-0.943	-4.315	-6.380	-7.667	-9.189	-5.380	-5.782	0.688	-6.326	-3.650	12.914	0.339	2.242	5.860	1.951	2.984	-1.858	3.180	2.710	-2.424	3.326	-3.151	-6.815	1.101	33	Cars
7.763	4.553	4.314	0.796	-1.904	-1.463	-6.302	-5.857	-0.749	-6.053	-0.523	-4.367	-4.139	-3.988	-11.122	-3.388	-7.178	-8.397	-5.851	-2.193	1.910	-4.632	-5.086	0.271	-2.128	2.019	-2.460	1.949	33	ScrambledFaces
-2.673	9.846	4.080	10.669	7.751	7.015	-0.208	3.566	-1.179	-0.227	1.860	-5.268	-3.482	-0.072	2.526	7.216	5.217	2.479	6.983	8.554	4.088	7.948	3.465	-1.443	-5.773	-2.434	-3.478	-3.161	33	ScrambledFaces
-2.223	2.203	2.393	4.939	9.494	6.263	3.372	-0.831	-0.710	4.574	-4.246	2.258	6.603	6.110	-1.710	3.968	-2.335	-0.455	-0.271	4.876	1.400	-1.266	-0.530	-1.846	-0.898	4.104	3.899	2.767	33	Cars
-9.063	-5.384	-7.183	-1.255	5.149	-1.501	-4.073	-3.846	-4.020	-2.756	-5.428	-2.624	-1.890	2.195	15.719	1.712	5.567	9.135	2.872	0.341	3.295	0.480	2.166	-7.263	4.514	17.653	7.084	0.737	33	ScrambledFaces
6.016	7.595	6.521	9.233	7.835	4.958	-0.377	-11.688	-8.873	1.604	-7.497	-1.656	6.473	7.260	-7.426	10.420	10.551	-0.541	6.887	9.438	7.407	-1.420	-2.182	-3.274	-16.372	-4.439	-2.669	-8.649	33	Faces
-3.846	4.084	-2.186	2.023	4.567	-0.963	-4.021	-9.264	-5.194	-5.653	-2.717	-4.605	-1.272	0.797	12.638	3.678	0.994	5.449	-0.249	4.036	3.294	-2.193	2.057	17.507	1.292	1.929	-4.366	0.213	33	Cars
-2.215	1.409	0.856	0.265	-6.128	-0.917	1.463	1.979	1.853	4.103	3.746	5.612	1.599	-2.029	-3.728	2.874	6.330	2.497	4.781	0.735	-2.724	1.916	3.218	4.318	-0.137	7.931	12.401	8.080	33	Cars
-2.254	6.565	0.019	8.108	-0.127	-0.841	-2.014	-8.440	-8.833	-3.567	-3.448	-0.021	0.191	4.187	15.273	9.164	3.963	6.012	5.347	11.117	10.428	3.916	-0.539	-9.933	-12.889	-5.534	-1.445	-6.195	33	Cars
6.687	1.680	4.237	2.277	-3.629	0.044	0.729	0.558	1.189	-2.693	1.330	-1.500	-0.560	-2.310	-11.704	-2.422	-4.179	-7.095	-5.107	1.441	3.175	-7.020	-5.908	-8.132	1.918	15.242	1.311	0.756	33	ScrambledCars
-0.234	2.316	2.108	2.345	-2.113	0.338	2.416	-5.155	-0.490	3.551	-0.977	-1.149	4.715	4.722	-10.811	1.329	4.633	-1.606	5.077	1.382	2.903	2.532	0.176	-9.665	-7.797	1.890	5.289	-0.128	33	Cars
-7.031	3.903	-2.162	1.995	3.555	1.359	-1.427	4.327	1.959	0.760	-0.245	2.808	-3.529	-7.749	12.816	-2.497	-2.298	3.474	-5.260	-0.879	-5.731	-5.638	-2.223	-0.133	7.008	16.412	-7.209	5.460	33	ScrambledCars
-7.529	1.015	-2.126	2.838	12.893	4.864	2.003	-4.653	0.653	1.054	-3.448	0.350	4.519	-0.909	5.869	2.306	2.862	4.841	2.924	5.238	5.518	0.794	3.803	10.162	1.073	-10.037	-3.700	-0.074	33	Cars
4.474	1.794	1.157	-0.247	-0.267	-0.509	-2.904	1.146	1.916	-4.931	-7.164	-2.068	-4.314	-0.953	-3.225	1.960	0.844	-1.054	1.848	-0.281	-0.491	4.456	2.684	-1.497	5.269	-6.981	-1.026	-3.144	33	ScrambledCars
4.810	-1.416	-1.875	-5.511	-10.783	-9.197	-3.909	-10.437	-3.676	0.032	3.851	8.189	1.757	-1.778	2.406	1.364	0.028	2.857	0.164	2.091	-2.513	-0.736	2.014	-0.277	7.884	5.519	11.220	9.393	33	Faces
-4.606	-8.523	-3.508	-5.274	-1.484	-1.290	3.180	2.330	9.369	6.892	9.593	5.274	4.095	0.283	2.371	-10.945	-4.301	0.803	-3.198	-3.302	-1.714	-2.210	0.067	10.287	0.003	4.049	2.342	0.049	33	Faces
2.359	2.447	-0.457	-0.635	-0.421	-1.679	-3.998	1.539	-0.547	-4.199	-0.027	-1.811	-9.796	-5.320	7.852	0.466	0.542	1.364	0.122	-0.379	0.937	3.008	-0.177	-0.987	-0.556	9.244	-11.682	2.994	33	Faces
-2.747	-0.771	-0.472	1.522	0.642	1.220	2.182	1.970	1.239	0.987	1.878	-0.945	0.242	-4.103	-1.250	-5.059	-6.885	-3.970	-6.948	-4.758	-3.391	-6.164	-5.073	-3.050	-0.493	-0.151	-7.416	1.691	33	Faces
2.733	-0.481	0.233	1.855	-0.912	-1.523	0.304	-5.958	-2.126	0.221	1.232	3.227	1.340	0.710	-4.212	0.116	1.825	-1.139	1.672	-0.366	2.810	1.283	-1.015	-11.109	-2.518	2.631	-6.869	2.439	33	Cars
1.196	3.736	-1.604	-1.425	-1.991	-4.571	-10.495	-6.345	-4.404	-6.738	-7.028	-2.516	-5.943	-4.609	10.327	1.275	5.503	3.549	0.203	-0.499	-3.467	-2.539	-1.671	4.568	-4.423	6.289	-7.592	-0.948	33	ScrambledCars
-2.950	2.763	1.354	3.778	-3.012	0.318	3.992	-3.165	-2.902	4.022	5.070	2.571	4.124	4.577	-10.343	0.995	-2.014	-2.827	0.751	5.544	5.632	-0.479	1.079	5.473	0.417	3.232	-3.831	5.452	33	Cars
-3.675	-14.602	-7.577	-12.262	-10.108	-8.921	-3.577	-1.486	2.586	-1.594	10.275	5.923	-0.730	-1.378	6.955	-16.575	-12.252	0.148	-10.138	-12.071	-8.036	-5.845	-0.899	18.195	7.621	12.905	13.769	7.050	33	ScrambledCars
-0.934	-6.027	-0.516	-3.564	-0.046	0.840	2.422	5.817	8.810	3.926	8.186	9.483	0.204	-6.066	-5.848	-6.966	-5.783	-3.022	-5.341	-5.665	-5.143	-4.184	-1.723	-0.031	7.395	14.538	8.425	10.494	33	Faces
-15.647	3.166	-6.760	7.276	1.590	-0.487	-0.581	2.154	2.342	-0.377	5.329	-1.893	-2.842	-1.056	32.028	-1.194	-4.052	9.488	-6.288	-2.055	-1.565	-5.582	-3.604	-4.424	0.825	9.655	-13.377	2.903	33	Faces
2.536	6.953	2.321	5.658	4.401	1.816	-1.501	-6.017	-9.496	-7.721	-5.231	-5.866	-1.933	3.639	2.238	4.640	2.764	0.587	1.418	2.666	0.549	0.162	-0.324	-2.706	-2.335	-13.391	-2.695	-5.072	33	Cars
7.156	3.266	3.537	1.424	4.338	2.191	-2.663	1.456	-2.371	-11.509	3.254	-8.835	-5.550	4.533	-5.935	6.333	2.592	-4.445	-2.954	5.492	4.836	-8.810	-6.752	-10.800	1.390	-2.652	-2.608	5.401	33	Cars
0.416	0.510	-0.476	-2.662	-5.153	-3.330	-1.642	-2.008	3.629	-4.017	1.096	0.242	-1.266	-4.161	-0.041	-2.607	-3.871	-0.863	-2.871	-6.469	-4.340	-0.071	1.392	16.767	2.674	15.541	-0.706	6.260	33	Faces
-4.899	-11.069	-7.797	-12.267	-11.503	-9.384	0.324	0.284	7.619	4.013	14.704	10.957	-1.848	-3.205	9.532	-11.463	-8.735	3.075	-7.566	-11.609	-6.735	-4.007	0.543	6.997	12.250	15.483	10.669	9.684	33	ScrambledCars
1.011	0.360	1.508	-0.249	-0.542	-0.525	1.932	-6.537	3.225	1.491	5.653	2.882	4.076	1.936	-4.527	-2.891	-6.678	-3.460	-4.839	-2.672	-0.186	-4.854	-2.982	5.868	-2.676	8.592	3.026	6.493	33	Cars
1.923	5.973	1.721	5.741	1.304	0.113	-3.790	-4.295	-3.912	-2.024	-1.209	-1.743	-4.497	4.076	1.906	7.770	6.027	1.535	2.701	9.799	2.977	-2.046	-1.885	-9.600	-1.923	4.488	-6.400	-1.205	33	Cars
6.165	0.238	1.872	-1.894	0.024	-1.486	-1.020	-7.143	-1.315	-1.045	3.027	1.279	-0.105	1.888	-3.391	4.744	1.816	-0.228	2.903	5.138	1.696	1.995	1.452	5.023	-2.951	4.171	4.353	-0.174	33	ScrambledCars
0.941	3.430	4.211	5.852	1.300	3.706	2.027	2.586	4.968	0.333	0.935	4.928	1.199	1.178	-3.920	-1.623	-11.640	-6.257	-6.816	-0.323	0.921	-3.132	-4.948	-1.965	-3.285	7.120	-0.235	5.572	33	ScrambledFaces
2.228	9.798	1.723	8.522	4.611	-0.488	-3.892	-18.121	-16.494	-5.510	-6.887	-4.138	-1.034	2.761	1.094	9.863	11.391	3.747	10.274	13.343	8.917	5.622	0.877	-22.161	-10.460	-12.378	-4.038	-3.700	33	Cars
0.195	-12.207	-3.535	-8.802	-6.869	-4.759	0.174	3.012	7.701	2.182	9.784	8.474	-0.165	-5.336	-5.080	-13.529	-8.533	-2.958	-7.415	-10.554	-6.353	-4.440	-1.857	-1.709	11.082	31.017	14.636	9.458	33	Faces
-1.604	-4.998	-3.327	-5.627	-2.435	-3.674	0.742	-3.504	2.294	3.187	-1.554	3.040	3.598	0.237	-1.750	-4.210	-9.355	-0.880	-4.466	-3.527	-3.129	-0.257	1.549	-5.842	13.651	6.058	10.346	10.937	33	ScrambledCars
-12.191	-10.144	-10.611	-10.219	-2.216	-5.926	-1.192	0.557	2.141	4.206	-1.708	6.878	1.714	-1.650	17.228	-9.267	-6.506	7.866	-4.179	-3.886	-1.197	-0.847	3.935	5.173	15.932	12.116	8.306	10.739	33	ScrambledFaces
3.661	4.542	4.284	2.350	0.250	1.960	3.124	0.092	4.014	-0.877	3.266	5.407	-1.958	2.217	-2.985	-4.462	-8.641	-5.744	-10.683	-3.796	-2.418	-12.751	-8.133	1.404	1.078	5.249	0.502	1.869	33	ScrambledCars
-4.389	0.221	-5.006	-5.105	-1.690	-5.382	-4.693	-6.571	0.600	-2.837	0.132	-0.455	-2.769	-4.278	8.444	-3.592	-1.011	4.558	-0.175	-2.619	-2.925	2.262	3.410	-0.569	8.830	5.706	2.184	3.842	33	ScrambledFaces
-1.677	-1.627	-1.503	-1.225	-0.878	-1.213	4.232	-1.094	5.558	2.774	7.878	7.271	6.285	4.263	5.588	-1.601	3.280	4.271	3.710	3.230	2.872	3.669	1.340	-8.297	-2.172	9.619	-0.158	4.455	33	Faces
-1.821	-2.700	-2.343	2.922	4.517	0.115	-2.129	-4.248	-0.122	0.208	-0.811	-0.880	-3.461	0.226	4.784	-0.849	-0.087	2.411	-0.538	2.809	-1.402	-0.997	0.008	-7.920	5.033	4.515	0.195	2.389	33	Faces
-0.682	-3.057	-2.002	-7.182	-7.977	-4.103	-1.482	7.239	7.298	2.235	5.645	5.073	-3.580	-5.969	0.007	-4.011	-4.722	-0.723	-3.778	-2.493	-4.574	-1.433	0.751	5.077	9.771	6.809	5.294	6.044	33	ScrambledFaces
4.128	-5.518	-1.463	-3.356	-0.895	-3.268	-6.532	-4.215	-2.493	-5.891	-6.003	2.229	-5.046	-6.812	0.623	-8.270	-6.641	-3.969	-7.959	-9.291	-6.939	-6.298	-6.801	-10.904	-0.309	13.735	3.998	2.299	33	ScrambledFaces
-13.174	-3.304	-0.897	0.672	4.368	5.977	7.146	7.759	4.949	4.762	7.835	9.350	7.886	4.946	-23.107	-6.966	-7.766	-5.360	0.002	0.078	1.417	3.614	5.829	2.418	15.973	24.361	13.708	15.574	33	Faces
-5.783	1.546	-0.551	3.544	-5.139	-1.021	-1.230	2.165	5.159	1.624	6.774	2.022	1.322	-0.716	7.557	-2.776	-3.100	1.520	-5.240	-1.851	-1.592	-7.689	-3.658	7.230	-1.567	9.819	4.390	6.202	33	ScrambledFaces
3.985	8.395	3.506	6.261	6.183	2.833	-2.353	-6.524	-4.678	-9.786	-7.866	-9.713	-3.390	7.303	-6.044	14.546	14.985	2.597	12.318	14.819	13.530	6.868	7.226	20.976	-4.361	-5.191	-15.281	-7.917	33	ScrambledFaces
4.242	6.000	0.320	3.834	-5.408	-4.732	-8.929	-6.209	-7.846	-6.892	-2.655	-4.539	-11.611	-8.718	-1.470	3.671	5.737	0.811	1.454	1.101	-4.149	-0.344	2.285	4.682	8.917	6.728	-9.517	-1.181	33	ScrambledFaces
3.465	6.644	2.333	3.147	4.730	0.401	-5.203	-9.171	-7.165	-3.750	1.130	-1.679	-0.072	-1.258	0.305	5.592	2.501	0.081	2.373	5.400	-0.426	1.369	-0.867	-7.329	-4.948	-1.245	-2.944	-0.049	33	Cars
0.189	-8.117	-1.773	-9.206	0.329	-1.446	1.439	1.260	11.984	4.935	7.072	2.551	3.881	0.317	-6.211	-10.574	-10.009	-4.487	-6.750	-4.574	-1.889	-3.697	-2.373	2.676	4.688	21.589	3.387	7.214	33	ScrambledCars
0.548	-2.745	1.094	-1.174	-5.825	-0.913	1.525	3.323	2.130	2.459	3.450	4.409	3.844	5.436	-4.913	-0.247	-4.236	-2.206	0.600	-0.221	3.372	3.833	1.185	4.719	-2.994	12.504	6.851	3.627	33	Faces
3.582	-3.214	-2.048	-1.424	-6.520	-6.014	-3.686	-6.288	-0.076	-1.353	0.228	5.682	-3.719	-8.016	1.875	-5.498	-2.261	-0.238	-4.957	-7.110	-7.019	-4.884	-1.690	1.723	6.604	6.597	-3.158	5.478	33	Faces
-6.653	1.315	-3.326	1.778	3.208	-0.438	-0.761	-7.878	-7.635	-2.833	-8.643	-6.664	0.628	5.958	10.744	7.065	4.724	6.344	5.377	6.034	5.258	3.608	3.238	6.053	-6.671	-3.180	0.061	-1.713	33	Cars
-4.247	1.588	-2.742	0.519	-7.792	-4.562	-0.477	-3.519	-0.509	-1.451	-0.550	-1.599	-2.764	-2.011	-5.445	2.963	5.211	1.714	5.850	5.059	-2.185	5.730	5.910	4.506	5.453	10.636	-7.090	1.601	33	ScrambledCars
4.148	-1.595	-1.833	-2.636	-9.889	-7.851	-4.289	-9.180	-7.538	-4.410	1.762	3.049	-2.619	-2.535	-1.704	-0.113	2.410	1.515	2.334	-0.180	-4.531	2.875	3.667	4.014	5.579	5.676	3.939	4.199	33	Cars
-5.157	-7.748	-4.971	-3.070	-3.897	-3.586	-0.005	-1.218	-1.209	0.916	-0.885	4.217	0.719	3.505	-2.812	-4.664	-2.190	2.651	1.371	-1.766	-0.879	4.803	8.516	18.104	15.970	21.587	4.536	7.351	33	ScrambledFaces
0.323	-6.997	0.155	-2.505	1.387	2.092	5.106	6.503	9.377	8.422	15.619	-1.389	-1.077	-4.923	-16.418	-11.831	-9.801	-7.933	-9.372	-9.709	-10.079	-7.275	-2.640	-2.474	15.831	17.091	-0.283	8.302	33	ScrambledCars
6.923	6.830	4.495	4.514	-2.956	-0.237	-5.756	-0.419	-5.576	-6.012	-2.577	-8.998	-5.385	0.149	-15.009	8.946	2.947	-5.826	3.075	5.894	2.586	2.511	0.093	-7.091	2.191	6.565	-7.861	-5.122	33	ScrambledFaces
-0.868	1.888	1.386	2.788	-5.711	-1.140	2.243	-1.605	-1.227	5.750	1.502	3.929	2.516	0.514	-4.206	-0.056	-4.089	-1.533	-2.237	-0.554	2.659	-2.286	0.709	11.992	2.736	11.815	-0.597	4.710	33	ScrambledFaces
-0.075	-11.622	-2.813	-9.969	-4.684	-2.878	5.123	4.121	13.616	8.364	6.933	10.644	6.974	0.192	-1.000	-10.901	-8.187	-1.718	-7.053	-11.563	-7.382	-4.619	-2.421	2.143	3.908	10.214	9.880	15.471	33	ScrambledFaces
-5.975	-0.938	-2.551	2.892	-0.499	-0.152	-0.393	2.903	2.271	0.827	-0.427	4.100	0.562	1.890	7.262	-2.167	-3.133	2.590	-1.247	-0.866	0.465	1.797	1.851	5.100	4.457	16.014	-7.137	3.842	33	ScrambledCars
4.193	2.235	1.246	-3.854	-7.299	-3.809	-1.792	-0.245	1.986	0.810	1.803	0.951	-4.001	-1.030	1.427	-1.228	2.201	0.340	2.649	0.091	-2.233	4.161	-0.515	-6.282	-7.502	7.524	2.767	0.367	33	ScrambledCars
1.122	4.990	1.022	1.301	-0.163	-1.387	-0.913	-7.980	-3.998	-1.237	-1.060	2.763	3.336	-2.840	-2.133	4.641	-1.068	0.196	1.082	1.135	0.645	2.084	2.535	3.291	3.590	6.937	-0.638	5.084	33	Cars
4.036	0.983	1.132	2.661	2.616	-0.074	-5.469	-3.819	-3.504	-1.685	-1.986	2.243	-2.576	-5.333	2.575	-4.513	-1.921	-1.258	-3.886	-6.906	-3.677	-2.859	-2.720	0.582	-1.106	-7.148	-6.710	4.721	33	Cars
-4.506	-9.108	-4.419	-8.092	2.710	-0.377	6.038	3.235	10.731	7.908	6.703	8.866	7.238	1.593	1.258	-6.917	-6.548	0.949	-5.904	-4.106	-3.735	-5.255	0.759	7.123	13.550	9.322	1.680	11.556	33	ScrambledCars
1.924	-2.329	2.757	1.395	-0.944	2.864	1.384	9.538	8.203	1.524	4.563	4.110	-5.946	-5.094	-3.411	-8.340	-13.519	-7.189	-9.005	-9.950	-1.868	-2.222	-4.453	3.626	-1.368	2.732	1.570	2.548	33	ScrambledFaces
-1.180	12.547	2.961	9.468	7.570	3.448	-2.043	-6.115	-1.258	-2.075	1.294	-6.360	-1.999	0.422	1.223	7.150	4.121	0.637	0.772	9.694	4.942	-4.171	-2.655	-10.225	0.237	0.354	-14.609	-0.707	33	ScrambledFaces
8.196	1.711	2.277	2.918	5.412	0.971	-5.512	-3.918	-4.518	-6.172	-1.630	-7.277	-11.722	-5.674	-0.430	1.829	-0.320	-4.056	-2.188	0.722	-1.936	-1.787	-6.000	-16.346	-6.259	-0.394	-11.056	-5.984	33	ScrambledCars
-0.953	3.133	1.141	4.566	0.955	1.176	0.954	-1.566	0.830	-1.057	2.454	-2.011	-2.997	-4.127	-2.447	5.679	3.529	0.375	0.460	7.336	4.424	-4.807	-1.425	-1.131	3.138	23.437	-0.373	1.534	33	ScrambledCars
-3.103	5.983	-0.264	7.072	-3.089	-1.872	-2.992	-5.791	-2.647	-2.804	-3.575	-4.076	-2.038	-1.127	5.856	3.088	0.534	2.375	-1.035	4.504	3.190	-4.041	-1.930	-9.374	2.711	7.968	3.043	-3.245	33	ScrambledCars
-4.680	5.728	-1.125	3.455	-2.031	-2.664	-1.659	-10.332	-7.614	-1.115	-0.948	2.424	2.053	7.259	3.076	2.148	2.890	4.099	3.454	5.413	6.602	1.428	3.431	6.928	1.053	9.248	-2.495	5.009	33	Faces
2.898	0.848	1.667	-2.392	-5.437	-2.480	-4.390	1.329	6.828	-1.015	6.856	0.628	-6.796	-5.695	-4.084	-5.545	-10.409	-4.931	-7.836	-1.731	-4.531	-4.849	-1.146	19.594	6.196	6.268	3.650	4.158	33	ScrambledFaces
0.439	-11.763	-3.454	-7.082	7.184	0.543	0.378	-0.755	-2.591	-1.535	-0.822	5.284	6.773	7.112	-4.344	-14.424	-4.280	-1.147	-0.780	-6.853	1.739	4.338	1.680	-10.004	6.256	4.340	6.192	6.593	33	ScrambledCars
0.339	-0.656	0.740	-0.626	1.069	1.581	2.377	5.108	7.451	0.264	8.271	2.013	1.153	-3.805	4.926	-0.602	-3.474	-2.384	-6.215	-2.756	-4.516	-7.356	-7.211	1.874	-8.783	1.021	-11.375	5.925	33	Faces
-3.238	-4.426	-3.536	0.844	1.436	-3.161	-3.560	-13.261	-6.713	-3.945	-3.807	2.810	0.094	4.160	-1.822	-13.177	-10.114	-1.408	-5.396	-6.040	-0.685	-0.641	1.453	5.810	8.642	14.339	2.697	8.665	33	Faces
4.430	7.574	4.868	8.500	-1.870	1.386	1.081	-3.693	-3.071	-2.467	-0.837	-3.026	-0.300	0.088	-9.247	5.723	3.853	-2.358	3.482	4.150	3.004	1.889	1.316	2.322	-1.441	-0.870	-6.243	0.131	33	ScrambledCars
0.446	1.359	-1.345	-1.341	-4.466	-4.606	-3.531	-7.084	-0.416	-0.811	0.310	3.090	-2.467	-2.152	5.281	1.783	-0.186	3.471	-2.112	-3.686	-4.859	-3.562	1.737	8.131	9.168	10.792	9.835	5.088	33	ScrambledFaces
2.925	4.376	2.566	1.424	2.455	1.132	-2.855	-1.553	-3.025	-1.719	3.471	0.948	-3.646	-1.352	2.627	5.435	1.165	-1.682	-5.151	1.890	2.874	-12.381	-8.369	-2.495	-5.579	5.309	-3.232	-1.486	33	Faces
8.693	3.264	6.670	0.228	1.774	3.704	0.554	3.387	5.472	-0.665	-1.277	-1.058	-0.674	1.268	-15.335	8.327	5.977	-2.735	4.016	6.462	4.264	-0.892	2.801	10.999	5.191	2.274	15.922	1.112	33	ScrambledFaces
5.135	6.276	1.089	6.277	-0.890	-3.433	-4.104	-14.254	-7.419	-3.452	-3.483	-1.938	-0.710	2.055	3.320	5.454	6.005	4.887	7.389	7.344	6.048	8.015	6.573	1.262	3.708	-1.563	-4.854	2.042	33	Cars
4.045	2.553	0.933	-1.167	0.704	-1.014	-5.715	-1.447	-4.443	-2.519	-4.101	-0.894	-8.033	-6.921	-2.787	-2.254	0.030	-2.584	-0.715	-2.687	-6.538	1.576	-0.735	-0.690	-0.659	4.930	-10.564	2.073	33	Cars
-3.493	-15.328	-5.947	-13.856	-6.735	-4.485	3.306	10.982	15.695	8.692	17.535	10.021	2.928	-2.777	-5.700	-15.184	-6.695	-1.607	-7.747	-13.368	-9.869	-5.667	-0.001	1.867	18.746	22.164	8.268	14.820	33	ScrambledFaces
-1.748	1.698	-0.741	-1.800	4.135	1.860	-1.550	5.271	1.208	-3.459	-4.607	-4.808	-3.542	-5.817	7.383	-0.386	1.957	1.366	-1.465	0.398	-4.903	-2.226	-1.361	9.362	-2.380	5.093	-10.404	-1.489	33	ScrambledFaces
-7.601	-3.933	-6.338	-2.109	-7.045	-6.058	3.850	-5.252	4.430	8.548	5.753	8.434	2.932	-1.249	10.220	-3.333	1.916	7.257	0.456	-3.793	-2.800	-0.587	2.986	-1.029	7.361	8.318	-1.963	9.209	33	Faces
-3.688	-4.345	-2.409	-3.480	1.875	0.529	1.274	2.449	-0.260	2.807	5.518	0.031	-1.275	1.522	-4.206	2.598	3.104	1.592	2.760	0.043	-3.451	1.893	3.985	3.755	7.249	10.839	5.140	5.100	33	Cars
0.747	-8.595	-6.914	-8.474	-5.879	-8.105	-7.570	-2.046	-4.525	-5.216	-3.155	-1.466	-11.561	-12.309	10.254	-6.274	-1.758	1.563	-6.564	-11.783	-7.251	-5.889	-3.008	0.017	7.089	10.015	-5.402	-0.255	33	Cars
0.758	-5.590	-0.225	-2.482	-1.598	-0.838	0.497	0.156	2.225	2.146	1.872	1.671	6.105	4.141	-3.616	-10.499	-10.520	-4.801	-5.791	0.035	3.579	-2.623	-4.332	-7.671	-2.079	-0.500	5.245	4.569	33	Cars
-2.008	-3.520	-4.806	-8.780	-14.797	-9.871	-0.840	-1.020	6.234	0.058	7.486	9.297	1.122	-5.340	7.338	-9.245	-5.758	1.681	-3.566	-9.858	-9.349	2.280	0.124	-3.528	3.435	22.635	1.219	8.072	33	ScrambledCars
-8.547	-5.271	-6.337	-2.914	-3.084	-3.735	-1.622	-0.002	-1.020	-0.973	5.776	1.891	-2.707	-7.011	11.985	-9.020	-4.619	3.708	-6.389	-12.366	-7.506	-4.618	-0.769	4.661	7.046	11.570	3.409	6.336	33	ScrambledCars
3.425	-4.660	-5.025	-7.532	-2.880	-7.510	-10.673	-5.029	-7.218	-5.151	-2.169	-0.819	-6.275	-7.435	5.691	-0.228	5.393	3.740	-0.234	-0.654	-2.322	-2.953	0.542	-5.489	12.336	11.793	-2.027	2.025	33	ScrambledFaces
-8.587	-2.098	-7.116	-5.295	2.711	-3.355	-6.699	-2.545	-3.755	-6.384	-2.947	-1.752	-7.887	-5.838	13.245	-3.944	-1.112	4.639	-5.221	-5.157	-6.661	-6.494	-1.146	0.900	10.021	9.892	1.076	2.944	33	ScrambledCars
-5.723	2.420	-1.585	1.423	0.321	-0.974	1.652	-5.653	-0.017	4.233	5.297	7.242	6.600	2.154	12.797	3.267	-3.426	5.817	1.916	5.550	5.784	4.252	2.087	-4.379	-2.612	11.457	9.553	4.629	33	Faces
2.871	0.633	2.604	2.019	-0.210	0.796	-0.540	-1.668	1.173	-3.227	4.538	0.746	1.721	-3.778	-9.763	-5.447	-4.221	-4.470	-0.688	-0.111	-1.466	2.580	0.285	-1.470	0.514	6.176	5.103	2.044	33	Faces
3.068	-1.287	-1.931	-4.760	-4.603	-5.518	-5.814	-4.271	-0.944	-5.535	-7.476	2.195	-4.219	-4.459	-2.082	-4.751	-7.725	-4.426	-8.399	-7.423	-8.443	-6.070	-4.491	-5.197	8.195	18.497	-6.823	8.561	33	ScrambledFaces
-0.349	-0.967	-4.789	-0.039	-8.128	-8.739	-8.343	-11.695	-8.181	-7.024	-2.122	-5.096	-10.225	-7.449	3.319	-1.095	0.059	1.565	-2.257	-4.698	-1.857	-2.515	1.390	6.605	9.162	7.570	-7.595	-1.196	33	Faces
-7.140	6.008	-2.656	5.197	-1.994	-2.377	-2.663	-4.907	-3.911	-5.385	-0.578	-1.956	0.757	-3.702	10.357	-3.364	-2.930	3.871	-4.535	-3.082	-0.901	-4.855	0.333	1.929	11.094	1.441	-0.448	1.495	33	ScrambledCars
-6.581	-1.044	-4.676	1.739	2.492	-2.173	-0.968	-8.168	-7.060	-3.881	-3.944	4.760	3.425	7.532	14.470	-3.680	-0.642	7.259	0.292	1.564	5.354	1.243	3.846	11.519	5.145	11.688	-3.907	9.548	33	Cars
-0.398	-9.968	-4.889	-8.967	-4.374	-4.410	-1.036	6.773	8.313	0.990	10.218	4.738	-8.025	-9.625	5.601	-15.617	-11.425	-1.957	-12.575	-11.760	-13.935	-8.487	-3.806	1.915	14.708	3.268	2.302	9.361	33	ScrambledCars
8.339	-1.527	3.131	-2.037	5.315	1.541	-3.934	-2.937	-2.714	-3.063	-1.044	-0.579	-1.982	-3.444	-10.103	-3.166	-2.100	-5.416	-3.214	-5.401	-1.822	-3.176	-3.143	-4.674	1.624	9.092	4.864	0.895	33	ScrambledCars
8.147	5.455	4.039	3.741	-3.280	-2.377	-6.924	-8.853	-6.909	-7.634	-3.178	-1.540	-4.134	-3.856	-8.089	3.339	0.865	-5.865	-4.137	3.366	0.077	-10.070	-7.364	0.771	-5.777	5.319	-8.206	1.298	33	Cars
-1.492	-1.142	-1.549	-0.410	-1.542	-1.850	1.896	-2.793	0.978	4.330	2.941	8.232	-2.940	-1.680	1.265	-5.280	-0.319	1.048	-1.921	-1.756	-2.554	-2.905	-1.672	-9.240	3.807	14.648	-1.372	8.767	33	ScrambledFaces
-3.789	-6.740	-5.717	-8.471	-1.906	-3.983	1.112	2.214	5.980	3.691	3.971	5.727	0.407	-5.317	9.034	-9.419	-6.886	2.427	-5.723	-12.348	-9.565	-0.184	0.662	-3.642	11.197	13.463	0.299	7.451	33	ScrambledCars
-10.383	-6.605	-8.074	-4.887	-4.247	-4.813	-3.080	2.254	2.056	-0.154	4.411	5.782	-4.505	-2.714	20.598	-3.709	3.244	8.747	0.365	-6.399	-0.135	0.046	0.202	0.418	-3.587	3.693	2.749	3.688	33	ScrambledFaces
-0.722	-1.299	-6.520	-1.698	-12.146	-11.542	-9.749	-11.403	-12.970	-9.545	-7.997	-5.157	-8.732	-0.160	13.464	0.526	4.326	6.297	-0.193	-3.348	-1.391	-2.403	-0.126	-11.936	7.520	4.812	4.526	-4.064	33	Faces
8.836	3.603	2.617	0.750	0.704	-1.777	-6.163	-3.863	-0.766	-0.604	0.098	2.625	-3.674	-5.071	-4.233	3.732	1.686	-4.120	-5.589	5.896	2.738	-13.055	-8.842	-15.133	3.848	4.411	-14.273	2.990	33	Faces
-1.416	-0.887	-1.870	-3.994	-1.479	-2.375	-3.748	0.656	2.794	-2.362	2.560	3.452	-6.055	-7.198	-1.171	0.635	-1.305	0.153	-2.358	-3.549	-5.079	-2.295	-0.487	-10.185	11.140	26.341	11.814	6.079	33	ScrambledFaces
4.936	2.880	3.901	5.158	-2.169	0.320	-3.919	-2.805	-1.920	-3.116	1.664	1.522	-2.934	-11.473	-6.426	2.927	1.055	-3.549	-5.112	-1.114	-4.901	-11.602	-4.407	15.073	0.696	5.503	2.505	3.981	33	ScrambledFaces
2.560	-10.872	-4.228	-10.642	2.070	-2.821	-2.852	0.335	-0.251	1.013	1.629	1.686	0.169	0.412	-4.366	-4.491	1.805	2.206	7.066	-3.438	-0.461	14.578	10.934	11.145	9.117	4.023	0.553	1.833	33	ScrambledCars
4.448	2.785	0.737	1.338	-2.060	-2.959	-6.459	-7.101	-3.699	-6.074	-2.764	0.931	-7.557	-5.440	2.775	0.858	0.495	-0.594	-0.408	-3.298	-5.862	0.929	-1.515	-0.322	-5.920	-1.060	-3.772	-0.755	33	Faces
-4.582	1.660	-2.143	2.988	3.145	-0.118	0.427	-3.959	-1.837	-0.075	3.975	2.484	2.276	3.478	11.611	-0.216	0.945	5.321	-2.625	2.547	-0.268	-6.146	-0.523	6.513	5.832	11.936	-4.804	8.216	33	Faces
3.898	-11.634	-4.998	-13.556	-10.237	-9.243	-6.164	-0.794	4.619	-1.454	1.769	3.660	-3.262	-5.011	-6.601	-8.073	-1.772	-1.317	0.121	-8.114	-3.500	4.826	5.033	14.156	8.995	10.116	0.425	8.239	33	ScrambledFaces
-3.361	0.381	-2.756	-1.014	-0.784	-2.811	-3.447	-6.522	-5.075	-0.132	0.846	1.789	-3.969	-1.653	6.590	3.263	4.324	5.795	3.558	2.125	-0.971	1.732	4.135	3.803	3.486	-5.909	11.385	3.500	33	Faces
-10.062	-6.221	-7.682	-5.047	-3.886	-4.777	0.520	-0.827	4.920	3.894	7.700	5.859	2.338	-3.636	13.355	-5.235	-3.021	5.700	-2.370	-5.471	-2.366	-0.733	2.094	6.387	4.212	-12.599	-0.936	5.494	33	Cars
-1.755	-2.030	0.006	-0.628	5.150	3.767	6.468	4.200	4.480	5.719	1.993	4.124	-1.215	3.007	8.135	-0.712	-2.505	1.780	-2.380	-1.040	-6.378	-1.961	-2.296	-3.877	-4.001	-4.965	5.776	-0.200	33	ScrambledCars
4.892	0.498	2.677	3.875	3.638	1.482	-0.961	-4.881	-1.007	-1.500	5.072	-0.286	1.559	1.089	-7.857	0.037	2.395	-1.495	2.375	2.044	5.134	1.380	0.640	-6.393	1.814	4.783	2.143	3.109	33	Faces
3.183	-2.402	2.036	1.694	5.794	2.515	1.323	-5.300	-5.218	3.226	5.840	2.605	5.479	5.487	-11.305	-3.720	-7.821	-5.948	-3.479	-1.624	3.376	-0.780	-0.741	4.343	1.298	0.988	-7.006	6.148	33	Cars
3.455	0.428	0.151	-0.836	2.201	-1.118	-4.348	-4.310	-1.239	-2.112	-2.813	4.351	-5.762	-7.285	0.205	-1.301	1.593	0.623	-2.076	2.946	-1.447	-5.933	-2.041	-9.413	8.010	-1.739	10.300	0.802	33	ScrambledCars
3.060	1.373	0.004	-1.782	-2.930	-3.141	-2.202	-5.635	-1.311	-0.966	-1.428	-3.405	0.636	5.746	-1.658	4.380	2.136	-0.706	1.848	3.301	2.930	0.501	-0.312	2.017	-4.889	-4.939	-9.961	-3.632	33	Cars
-4.591	2.647	-3.607	-0.748	-3.658	-3.780	-0.348	-4.078	-5.855	0.260	-6.503	-0.763	-0.740	1.307	13.321	4.166	6.833	7.577	3.857	2.286	1.185	1.259	2.586	3.346	-0.811	3.010	-5.386	-0.827	33	ScrambledFaces
7.525	12.042	8.005	9.710	17.881	10.084	0.037	-2.329	-1.722	-2.458	-3.884	1.483	3.174	-2.200	0.440	6.712	3.881	-0.707	2.914	3.865	-0.157	3.074	-1.199	-9.867	-6.522	-11.165	-9.581	-4.086	33	Cars
5.842	6.823	1.062	0.739	-4.774	-5.571	-8.225	-11.913	-8.429	-10.207	1.735	-1.937	-1.680	-0.241	2.249	6.805	6.359	0.351	2.380	1.426	-3.637	-0.483	-3.165	-8.677	-9.389	2.542	-8.612	-1.101	33	Cars
3.366	-0.430	2.141	0.520	-2.235	0.798	2.635	4.706	5.585	1.010	-1.159	8.776	-1.453	-4.389	-2.329	-0.418	-5.987	-4.669	-8.439	-4.502	-5.090	-10.126	-7.046	-5.306	2.246	-0.855	1.150	3.410	33	ScrambledFaces
-0.840	-8.250	-2.493	-4.379	-5.026	-2.720	-1.205	3.237	4.387	-0.387	3.406	1.737	-6.042	-6.470	-12.955	-9.641	-10.591	-6.556	-5.918	-10.545	-2.087	0.460	2.740	17.151	12.364	3.939	-2.010	7.944	33	Faces
-4.088	-2.850	-5.687	-4.096	-9.725	-8.252	-3.079	-10.759	-12.038	-3.414	-7.065	-6.539	-3.233	-0.674	6.851	4.928	6.858	6.623	6.746	4.035	2.892	4.306	4.802	3.082	-2.149	1.503	11.917	-3.174	33	Cars
1.713	-0.006	-0.951	-5.772	-0.260	-2.475	1.206	-6.255	-2.394	0.353	-0.248	-1.734	1.194	-3.536	-5.773	-0.130	1.371	-2.238	1.276	2.535	1.291	0.361	-0.398	3.938	-4.877	4.957	-14.491	-1.621	33	Cars
-4.437	4.969	-3.110	1.384	-1.810	-3.135	-3.493	-4.640	-3.237	-5.143	-7.492	-8.043	0.422	3.853	4.797	11.456	14.274	7.649	13.756	12.139	9.750	11.813	7.836	-4.397	-1.749	5.720	-10.892	-5.711	33	ScrambledFaces
-13.804	1.355	-7.596	5.024	-2.664	-3.715	-7.484	-1.434	-2.786	-6.704	-4.030	-4.708	-7.307	-2.897	24.270	1.244	2.259	10.540	2.442	0.206	0.143	4.881	5.261	10.739	1.897	-1.838	-4.259	-3.646	33	ScrambledFaces
5.886	-2.917	2.459	-0.813	-0.698	-0.027	5.015	-5.894	-1.138	2.307	-2.778	1.952	7.357	6.743	-14.471	-0.598	-1.018	-3.577	1.348	5.564	7.184	-0.428	2.577	10.472	4.005	-3.528	4.046	2.346	33	Cars
2.981	1.023	1.149	0.959	0.149	-0.217	-0.777	-2.601	0.670	-1.859	0.598	-0.968	-5.211	-3.799	3.367	0.306	1.594	0.180	1.252	0.656	-2.557	1.791	-1.879	-3.678	-9.615	2.187	-1.010	-0.020	33	Cars
7.229	6.096	3.613	2.343	0.438	-0.356	-8.213	-2.855	-2.120	-4.286	-7.994	-4.541	-8.240	-11.798	-5.686	2.540	-1.328	-4.707	-3.850	-4.152	-8.474	-4.029	-4.249	-12.480	3.192	4.391	1.681	-3.206	33	Cars
-1.738	-3.315	-4.236	-5.834	-2.465	-6.179	-4.733	-11.763	-3.835	1.315	7.301	4.128	-0.301	-0.568	1.621	-0.385	4.432	3.495	1.215	-1.809	-3.013	-2.730	-0.319	-7.820	1.684	12.316	6.323	12.025	33	Faces
-0.918	-5.597	-0.923	-4.783	2.602	1.373	-0.495	6.486	4.582	2.244	5.036	4.126	-5.487	-4.370	6.219	-9.681	-10.381	-2.855	-11.022	-7.115	-6.561	-9.550	-6.664	7.857	-0.957	7.323	3.625	4.242	33	ScrambledCars
-0.987	9.677	2.856	6.007	4.273	2.836	-2.202	-1.070	0.868	-5.264	-2.764	-2.715	-7.604	-6.909	1.980	2.090	-7.499	-4.044	-9.895	2.002	-2.039	-12.498	-7.812	-3.292	4.072	8.626	-4.232	-0.082	33	ScrambledFaces
3.940	-1.910	1.463	-0.513	-1.041	-0.398	-0.279	1.345	3.585	1.965	8.895	8.512	-1.741	-5.792	-1.342	-3.643	-6.953	-4.088	-9.772	-4.583	-5.379	-11.487	-6.817	0.559	4.706	11.637	-0.530	8.712	33	ScrambledCars
2.014	-0.239	0.654	-2.674	0.890	0.004	-3.782	2.263	-1.175	0.564	3.427	-1.647	-4.261	-6.629	-2.895	-1.031	-7.990	-4.890	-8.517	-5.204	-7.796	-7.657	-4.796	-0.628	5.930	5.507	0.803	4.871	33	ScrambledFaces
2.221	-1.769	-0.564	-1.357	-0.290	-1.713	-0.476	-5.484	-6.984	1.524	0.275	2.164	1.735	-1.840	3.464	-3.047	3.336	2.287	2.753	0.941	-0.170	2.252	0.224	-3.547	-6.177	-1.205	1.599	-1.057	33	Faces
-1.587	-0.967	-1.744	-4.302	-14.752	-6.343	1.105	2.552	1.775	5.731	-2.301	2.323	3.268	4.161	-3.250	3.435	4.166	1.133	3.921	5.933	2.620	1.213	2.031	3.496	-0.991	-5.839	-1.285	6.701	33	Cars
8.349	3.182	3.536	2.022	-3.297	-1.939	-4.117	-3.704	4.425	-3.780	-2.016	-1.483	-4.549	-5.097	-10.281	4.156	-0.053	-4.927	-0.186	4.851	2.555	-0.984	-1.610	-1.526	1.193	8.632	-6.711	3.763	33	Cars
5.910	5.116	2.999	2.123	7.136	1.827	-8.490	-4.712	-8.862	-8.478	-5.347	-1.797	-9.015	-8.339	0.140	1.333	-0.025	-1.932	-2.539	-0.601	-5.351	-2.919	-2.701	-0.769	0.704	13.871	1.296	-3.152	33	ScrambledFaces
-5.355	-4.564	-5.285	-6.009	-4.477	-4.453	-5.914	1.135	0.134	-5.048	-3.080	-3.790	-9.096	-7.804	1.395	-3.704	4.128	3.419	0.900	-5.730	-6.431	0.093	4.540	13.784	9.929	12.045	8.607	1.908	33	ScrambledFaces
-2.625	1.506	-2.062	-2.202	-0.458	-1.895	0.210	-3.602	-0.264	-1.382	1.053	0.895	1.035	-2.690	-0.568	-1.045	3.528	3.222	5.269	-3.472	-3.264	8.854	8.317	15.535	4.783	1.596	-7.349	3.111	33	ScrambledCars
-7.708	-3.362	-6.269	-1.880	-6.601	-6.525	-0.056	-9.831	-4.469	1.316	-2.959	7.440	5.341	6.010	4.278	-0.669	5.654	7.367	7.977	2.286	1.057	8.887	8.100	2.463	2.823	12.109	0.771	5.618	33	Faces
-5.949	-6.887	-4.272	-4.495	-5.859	-3.935	0.023	-1.002	4.654	5.789	5.835	4.357	-2.762	-9.285	0.459	-7.508	-7.763	0.423	-4.998	-8.327	-8.176	-2.056	1.135	3.369	8.974	16.092	17.317	10.658	33	ScrambledFaces
8.769	4.266	6.119	3.369	5.425	4.104	1.558	-0.303	-0.193	1.093	7.735	7.904	-3.605	1.773	-6.142	1.944	2.739	-2.722	-1.867	2.924	-2.996	-6.563	-3.888	-1.604	0.111	0.817	0.157	6.709	33	Cars
4.109	-2.568	0.123	-4.745	-2.916	-3.069	-3.960	-1.945	0.953	0.110	0.949	3.946	-1.283	-2.568	3.454	-8.563	-8.297	-2.023	-8.852	-8.737	-5.448	-7.741	-4.949	-2.506	3.718	-2.940	13.949	6.290	33	Cars
1.864	-1.868	2.816	-3.609	7.668	5.493	5.737	8.894	13.973	9.910	17.659	10.160	0.119	-5.030	-1.382	-1.740	-3.216	-0.655	-2.722	0.147	0.186	-2.474	-0.320	6.753	4.378	12.944	5.803	8.152	33	Faces
0.007	8.025	-0.038	6.942	-3.168	-3.190	-6.286	-7.699	-6.543	-8.384	-4.829	-2.055	-2.650	-5.408	0.592	0.969	2.015	2.233	2.760	3.712	-4.304	5.000	5.431	0.820	11.348	2.308	-4.950	-0.844	33	Faces
-2.139	-1.959	-3.453	-2.094	-3.165	-4.413	0.229	-7.338	-4.920	-1.664	-2.462	0.958	3.318	6.119	4.238	-2.179	-0.339	4.016	1.262	0.747	6.013	1.702	3.517	-1.888	8.483	4.946	6.824	3.736	33	Cars
0.602	1.840	0.183	0.953	-7.437	-3.651	-0.838	-1.204	4.734	-1.839	2.978	2.961	-1.110	-4.893	-7.107	-7.019	-6.547	-3.757	-6.766	-1.037	-5.021	-6.626	-1.533	-1.347	14.774	7.188	2.207	4.604	33	ScrambledFaces
-1.787	-2.806	-3.304	-8.558	-8.947	-7.072	0.755	-6.248	0.825	3.481	4.720	6.950	3.844	3.529	-0.009	1.586	-8.404	-0.279	-1.402	-1.131	1.250	3.631	3.955	18.059	2.608	16.690	-2.162	5.281	33	Faces
1.891	-7.020	-1.094	-7.092	-4.934	-2.808	-1.172	4.381	5.043	2.142	1.290	5.063	0.637	-1.751	-4.065	-8.154	-7.139	-2.356	-4.793	-4.688	-1.131	-1.933	0.257	5.097	9.578	15.540	13.121	6.619	33	ScrambledFaces
0.700	-1.324	-1.856	0.859	-4.554	-4.059	-3.690	-4.332	-8.424	-3.920	3.919	-0.899	-3.885	-3.140	0.514	2.301	-5.596	-0.306	-2.953	-1.024	5.148	-1.030	1.285	-2.841	12.262	-3.450	7.923	1.702	33	Faces
5.533	-2.253	3.563	-4.657	-1.472	0.674	-1.219	3.166	8.015	2.037	7.288	5.707	-3.938	-4.828	-3.050	-3.741	-4.900	-5.351	-9.881	-7.159	-9.691	-14.451	-9.824	5.937	-7.039	8.325	14.207	7.056	33	ScrambledFaces
3.787	6.172	5.163	3.585	7.572	5.597	0.468	1.886	2.894	0.649	-0.413	-1.478	-2.501	0.242	-13.251	8.813	4.823	-1.984	2.826	6.553	0.818	-1.101	2.778	3.977	10.567	13.445	3.934	6.690	33	ScrambledCars
-0.249	-2.194	-3.545	-4.661	-6.426	-6.546	-6.568	-5.278	-3.294	-2.179	0.472	-0.511	-5.819	-7.090	10.497	-2.766	1.182	2.731	-3.205	-1.595	-4.442	-6.416	-4.653	-5.467	-3.701	2.627	4.867	2.294	33	Cars
2.319	-3.082	1.246	-2.356	-5.634	-2.080	-2.986	1.933	6.869	-2.207	6.153	-3.436	-3.064	-3.681	-17.342	-14.920	-17.981	-11.347	-14.387	-13.353	-5.028	-9.604	-4.045	3.492	17.744	4.869	11.473	5.933	33	ScrambledFaces
-6.061	-1.647	-2.635	-2.713	-10.537	-4.067	2.721	4.205	3.433	3.352	3.956	2.829	1.811	0.738	0.100	-7.823	-7.567	-1.291	-5.561	-8.717	-3.756	-2.389	-1.592	-3.721	5.717	21.349	3.843	7.601	33	ScrambledCars
-3.533	-5.261	-0.774	0.675	6.667	4.061	0.313	4.848	5.346	-3.182	2.894	5.520	-4.567	-3.421	0.058	-7.010	-3.075	-1.176	-3.995	-4.596	-4.046	-3.402	-2.301	3.775	0.509	18.713	6.110	7.477	33	ScrambledCars
-1.239	-1.166	0.436	-0.493	2.523	0.451	-2.822	-4.945	-5.664	-0.307	3.159	1.110	1.556	1.045	-7.949	-3.997	-6.742	-3.254	-3.848	0.798	1.268	-3.254	0.594	13.617	6.197	25.885	6.639	4.060	33	ScrambledFaces
0.113	-1.513	-1.816	-1.674	1.303	-1.647	-1.413	-6.049	-3.225	-3.830	-5.841	-6.814	-1.295	1.268	-3.081	-0.827	1.702	0.923	4.921	3.549	6.997	6.776	4.242	-5.869	2.351	-7.267	4.548	-3.883	33	ScrambledCars
-6.891	2.397	-1.641	5.450	1.318	-0.162	-4.774	-8.170	-5.768	-4.862	-0.095	-11.019	-1.359	3.212	-5.429	3.110	4.858	2.430	7.716	8.599	0.556	7.906	9.015	24.462	0.789	9.459	-3.301	-0.442	33	Faces
4.160	-6.112	-2.481	-7.859	-2.323	-4.602	-3.707	-1.922	-0.758	0.521	0.547	5.679	-2.032	-3.277	-0.367	-6.547	-4.806	-0.939	-1.568	-7.239	-3.215	4.730	1.763	-2.959	6.127	16.669	-1.530	6.430	33	Faces
-3.998	-9.932	-5.330	-10.298	-2.538	-2.090	3.995	9.508	7.909	4.595	5.968	2.060	-1.165	-4.404	6.707	-8.475	-5.363	0.260	-5.576	-7.694	-8.549	-2.680	-2.179	-0.436	2.501	-2.405	-1.539	3.479	33	ScrambledCars
-7.130	5.822	-0.488	6.262	13.413	7.315	3.995	5.414	-0.261	0.570	3.556	0.114	2.198	6.763	17.038	5.657	7.273	7.757	3.177	8.826	9.301	-1.100	-0.201	-3.992	-2.318	-8.236	-13.100	-4.472	33	ScrambledCars
1.423	-1.540	0.777	-2.980	3.494	1.464	0.779	-1.074	-0.692	2.420	1.380	2.299	1.003	-5.673	-5.421	0.211	2.864	-0.288	2.612	-1.217	0.685	1.792	1.848	4.621	-1.307	5.691	4.605	1.152	33	ScrambledFaces
2.042	1.770	2.617	2.407	-1.937	0.659	3.696	-1.401	2.959	2.041	3.583	0.500	1.410	4.625	-11.952	-0.172	-1.619	-4.208	0.557	5.056	4.900	0.008	0.310	1.293	0.903	-1.541	-3.827	1.261	33	ScrambledCars
-0.398	2.857	-2.878	-0.779	-0.023	-5.292	-8.929	-18.221	-17.374	-4.538	-5.294	-4.781	-2.778	-3.209	9.916	10.362	14.561	8.532	8.769	6.158	0.113	1.081	2.837	6.267	-9.924	-0.969	4.202	-4.308	33	Cars
-8.727	-2.502	-3.507	-3.235	2.227	1.040	4.867	4.789	7.932	7.118	7.596	4.054	0.633	3.369	7.040	-2.128	-4.254	4.354	-0.213	1.309	1.894	2.961	5.520	15.449	8.484	11.678	1.493	4.389	33	ScrambledCars
0.189	-2.789	-2.276	-1.674	0.444	-3.292	-4.849	-9.731	-3.138	-1.898	-3.258	-0.004	2.001	3.857	-2.120	3.041	2.211	2.442	4.783	5.249	4.615	5.099	5.537	7.179	4.193	11.429	2.851	2.808	33	ScrambledFaces
11.518	1.139	2.014	-3.776	-1.887	-4.305	-6.731	-8.988	-5.797	-2.951	-7.362	5.439	-4.523	-4.151	-12.575	-1.866	1.082	-5.148	1.065	-4.497	-3.043	3.712	1.299	1.895	1.946	2.756	-16.423	1.289	33	Faces
7.681	7.263	2.441	-3.192	1.884	-2.165	-6.313	-7.767	-9.318	-5.779	-3.312	-0.251	-4.799	-2.937	2.419	5.836	6.089	1.452	0.013	2.664	-0.105	-5.570	-2.320	-2.361	2.128	6.505	2.561	-0.279	33	Cars
1.877	-5.130	-2.302	-7.368	-2.926	-4.020	0.642	-2.638	7.034	0.775	2.913	5.269	1.961	-0.856	-1.153	-5.459	-2.919	0.497	0.918	-4.138	1.973	5.468	3.517	0.061	4.544	1.166	4.414	6.770	33	Faces
5.184	-6.912	-2.251	-5.048	-14.117	-8.700	-2.476	-2.006	4.225	2.755	5.824	3.931	-4.936	-3.898	-3.466	-5.069	-4.664	-1.666	-2.536	-6.115	-6.481	1.461	1.501	0.552	8.143	6.020	3.934	5.741	33	ScrambledCars
11.898	6.222	5.481	-5.066	-3.616	-2.044	-7.850	1.879	3.239	-1.012	4.588	-0.770	-12.468	-9.529	-11.131	-1.809	1.919	-7.617	-5.082	-3.652	-7.230	-9.070	-8.267	-7.176	-2.767	9.964	-7.273	-0.578	33	ScrambledFaces
-2.729	-1.510	-2.332	-1.567	-7.633	-4.558	-3.549	-3.940	-5.496	-4.036	-3.600	-2.027	1.516	1.697	6.169	-1.629	-2.389	0.951	-2.158	-1.868	-2.763	-2.485	-1.422	9.403	-6.771	-10.228	6.278	-1.501	33	Cars
-4.683	-5.396	-4.398	-5.263	-3.591	-3.680	0.308	0.313	6.623	3.752	5.795	3.142	0.148	-4.694	-1.541	-4.364	-4.345	0.638	-1.264	0.844	-4.408	1.694	3.267	2.789	11.063	18.499	0.764	10.147	33	ScrambledFaces
-9.899	-8.448	-8.479	-2.470	1.756	-3.005	-0.523	-3.585	-1.469	-2.268	3.555	0.626	-4.424	-5.223	23.987	-8.734	-2.433	8.532	-2.598	-6.078	-6.122	0.161	-0.014	0.061	-2.255	5.856	5.998	1.889	33	Faces
2.606	-1.548	-3.366	-4.600	-7.600	-7.334	-5.256	-3.463	-3.352	-8.777	3.021	2.327	-5.136	-1.891	4.578	0.892	2.608	0.354	-2.154	1.867	-3.088	-4.986	-4.234	-9.664	1.186	2.836	-9.847	1.088	33	ScrambledCars
-4.985	-4.732	-7.221	-6.944	-12.615	-9.465	-3.134	0.291	-1.371	1.422	3.347	2.369	-4.722	-5.154	17.040	-7.269	-4.579	3.687	-8.490	-7.987	-6.161	-9.264	-5.390	-7.727	4.817	-2.013	-0.774	2.924	33	ScrambledCars
-2.815	-0.325	-0.239	0.849	-2.854	-0.619	2.777	-2.561	-1.462	1.152	0.980	3.390	1.989	2.766	-6.241	-2.235	-1.518	-0.927	-0.757	-3.541	-0.107	-1.105	2.049	10.622	4.014	6.818	3.103	6.016	33	Faces
0.184	-5.811	-3.541	-3.774	-1.389	-3.726	-2.194	-3.433	-5.119	-5.201	1.540	0.544	-0.755	-2.428	4.336	-2.146	-6.185	-1.939	-6.295	-1.954	0.098	-5.913	-7.065	-20.364	0.208	11.947	0.983	8.987	33	Faces
1.986	-0.390	-0.838	-3.457	-7.341	-4.971	-3.502	-2.909	-5.748	-1.068	-2.517	2.796	3.688	1.169	-4.165	2.460	0.414	-0.209	2.038	2.995	1.979	2.090	0.845	-14.583	5.062	1.620	10.332	5.790	33	ScrambledCars
-1.205	0.924	2.392	0.834	-0.893	2.058	6.021	-0.033	2.986	3.867	6.727	3.054	3.429	2.374	-9.730	1.085	-3.708	-2.836	-0.679	-1.861	0.331	-0.307	1.037	4.889	1.568	8.836	11.279	6.781	33	Cars
4.034	2.342	0.008	-2.033	-6.571	-4.953	-3.922	-5.940	-6.478	-6.096	6.654	-1.946	-3.856	-7.404	-5.747	2.696	3.959	-0.534	4.218	0.138	-1.200	4.962	3.435	0.411	1.268	-14.077	1.107	-0.143	33	Faces
-5.124	4.670	-1.734	0.706	-6.510	-3.197	-1.256	2.324	5.790	1.761	2.158	1.211	-1.763	-5.241	10.429	-1.272	-1.016	3.902	-2.279	-1.653	-2.420	-2.240	-1.180	-10.128	5.402	10.610	4.885	4.885	33	ScrambledCars
4.111	0.486	2.452	-0.238	-0.502	1.258	-0.364	7.102	8.404	0.805	5.471	4.880	-6.031	-4.713	-4.420	-4.030	-3.530	-3.898	-2.849	-4.770	-1.157	0.329	-1.564	-3.367	2.200	-6.233	-3.383	3.623	33	Faces
-2.977	-3.281	-5.926	-2.754	-2.607	-6.338	-5.425	-7.732	-2.000	-6.920	5.739	-0.524	-4.900	-2.907	15.203	-0.091	3.001	5.864	-3.719	-0.579	-3.513	-8.930	-3.515	-3.360	4.278	8.814	0.577	3.165	33	Faces
0.497	-4.596	-2.451	-6.667	-6.946	-6.038	-2.766	-5.715	0.860	3.317	0.418	6.383	4.350	0.947	-5.596	-5.399	-4.209	-0.903	-1.915	-3.618	1.031	-0.874	2.076	3.988	8.411	-0.484	8.542	10.492	33	Faces
2.613	-0.716	-4.066	-4.766	-6.303	-8.540	-9.338	-9.175	-8.071	-6.890	-5.845	-1.651	-0.421	-0.291	8.516	1.851	5.424	5.816	4.189	1.249	2.153	4.299	3.844	-5.898	6.507	5.118	3.373	-3.580	33	ScrambledFaces
1.831	9.547	3.402	6.079	7.492	3.702	-4.215	-4.065	-9.111	-6.205	-7.232	-3.823	-6.181	-5.366	-6.719	8.193	7.586	0.476	5.292	10.296	2.221	1.589	3.866	3.756	6.665	1.014	-1.706	-2.376	33	Faces
-9.878	-9.906	-4.252	-6.011	-3.684	-2.326	4.130	-3.945	3.714	11.893	11.416	12.762	4.205	0.603	-1.931	-12.080	-13.681	0.575	-7.740	-9.345	-5.686	-4.972	2.979	22.588	11.231	28.022	29.277	17.966	33	Cars
0.100	-2.108	-2.388	0.952	2.169	-1.082	-0.246	-4.427	-2.355	-4.608	-3.388	2.078	-4.908	-3.157	1.385	3.276	4.795	3.298	3.270	2.358	-2.574	2.291	3.701	-2.822	8.080	-5.335	1.770	4.273	33	Cars
7.504	-1.827	2.474	-0.683	-1.855	-0.552	-0.729	0.598	-0.007	2.804	0.536	2.019	-0.800	-4.471	-7.087	2.644	-4.463	-6.907	-7.848	-0.888	-1.140	-11.747	-8.586	-5.521	-0.933	-7.719	-7.811	4.027	33	ScrambledFaces
13.068	-7.286	0.783	-6.776	-13.469	-8.931	-5.349	-5.516	-1.253	-8.030	4.732	2.036	-1.489	-1.986	-15.498	-3.573	-1.983	-5.686	-1.355	-2.273	-0.831	-0.298	1.110	5.848	9.240	10.517	9.331	5.643	33	ScrambledFaces
-14.768	-0.005	-4.765	2.976	-1.848	-0.013	7.874	-1.008	-0.478	2.622	4.482	5.333	6.643	1.057	9.928	-2.554	-1.522	7.802	1.565	-3.710	0.007	3.486	6.535	7.688	8.459	16.938	13.854	7.937	33	ScrambledFaces
-4.917	7.387	2.976	5.213	9.913	7.982	6.934	3.878	-2.699	-0.485	-0.441	-1.715	3.880	8.622	-1.556	6.896	2.909	1.429	5.667	7.935	9.901	5.571	3.512	2.326	-2.713	2.522	-1.998	0.844	33	ScrambledCars
