FP1	F3	F7	FC3	C3	C5	P3	P7	PO7	PO3	O1	Oz	Pz	CPz	FP2	Fz	F4	F8	FC4	FCz	Cz	C4	C6	P4	P8	PO8	PO4	O2	ID	Condition
13.626	13.940	12.120	4.303	1.033	5.234	-3.606	-3.646	-4.760	-11.825	-1.917	-6.782	-2.710	-0.911	6.498	11.762	13.761	5.275	12.568	1.061	-9.044	11.289	-4.462	-8.447	-13.965	-13.225	-12.167	-8.502	34	Cars
-3.016	-0.547	-5.279	-1.292	1.922	-1.978	1.653	-3.500	-2.544	2.731	8.976	4.027	1.561	-0.714	1.345	7.977	4.747	1.765	-8.011	2.051	-0.953	9.806	-2.808	5.944	0.915	1.854	7.025	2.276	34	Faces
-7.672	-0.613	-1.636	1.640	5.111	3.707	5.374	2.881	6.609	3.296	-1.963	-5.780	-2.160	0.308	-1.713	-1.996	3.725	4.701	-8.074	-3.333	-5.627	-2.278	0.438	-5.373	4.573	1.317	-6.237	-6.387	34	ScrambledFaces
7.861	8.445	8.635	6.298	1.254	-3.131	-7.578	-5.069	-5.062	-3.344	-7.550	-2.106	-2.477	1.386	3.400	10.511	6.361	0.114	-7.443	9.736	7.945	-2.378	-18.998	-1.163	6.991	13.596	-12.811	5.840	34	ScrambledCars
-15.297	-9.945	-11.158	-7.299	-8.217	-4.366	5.583	4.506	22.158	13.206	20.981	16.144	4.041	-3.366	-16.049	-11.740	-12.118	-12.381	3.227	-13.544	-11.337	3.668	-8.710	5.140	15.518	21.588	13.289	16.973	34	ScrambledCars
8.386	9.609	7.483	7.240	4.061	6.010	0.270	8.304	3.712	-2.279	-1.655	-6.647	-7.119	-3.806	2.034	8.141	4.318	-2.147	15.664	6.896	2.622	-12.314	-6.732	-11.088	-11.471	-13.400	-5.462	-11.484	34	Cars
5.463	10.056	13.824	12.231	5.480	2.668	-4.362	-8.917	-8.109	-8.832	-7.952	-14.141	-1.385	4.276	5.039	4.817	3.946	5.300	4.204	5.954	9.710	0.417	1.005	-6.414	-2.354	-13.920	-8.955	-6.173	34	Faces
-0.162	3.513	0.681	4.724	-0.809	-4.143	-5.813	-5.970	-2.410	1.704	2.797	-4.116	-3.633	-1.016	8.173	5.812	5.099	10.610	3.513	2.443	-1.877	2.668	0.117	-10.469	-10.260	-6.864	3.058	-8.631	34	Faces
11.356	17.821	11.661	16.065	1.149	6.713	-4.875	-2.144	-3.966	-8.828	-14.551	-8.353	-6.194	-5.751	16.258	11.722	13.680	8.639	3.128	4.156	4.510	5.287	0.914	-11.002	-15.597	-17.096	-19.546	-13.012	34	Faces
3.340	-4.249	-7.804	-1.158	-0.228	-1.459	-1.057	5.173	8.417	2.836	8.745	4.650	-3.098	-6.068	0.060	-5.967	-5.397	-4.997	8.105	-5.171	-2.241	-4.388	-12.068	-4.485	0.831	0.320	10.315	8.283	34	ScrambledCars
6.289	-2.721	-5.113	1.246	-4.212	0.846	-8.348	-6.017	1.820	-0.142	3.623	-3.352	-3.120	-1.855	2.440	0.603	-1.986	-3.569	-1.042	4.563	-5.416	-1.770	-1.464	-2.496	5.928	5.416	8.560	-2.798	34	ScrambledFaces
1.519	8.815	0.039	5.390	0.952	0.426	-3.089	-12.117	-8.520	-3.462	-5.855	-5.947	-0.590	6.885	3.331	9.155	13.091	5.062	20.698	8.798	9.728	11.555	0.773	8.284	-10.177	-9.605	-12.952	-6.649	34	Cars
-10.494	-2.078	-11.687	-1.610	1.704	-1.496	2.022	-5.197	-7.021	3.748	3.203	6.003	3.446	5.964	-0.488	2.095	6.371	5.572	20.975	9.705	10.492	0.146	3.401	-1.114	-9.126	-1.050	-5.986	-5.478	34	Cars
-14.299	-8.394	-6.355	-6.806	3.148	-4.559	-0.061	-1.309	-0.353	5.469	3.707	9.437	6.826	10.396	-8.001	-8.227	-8.478	-2.293	-2.317	-3.778	3.834	17.085	-1.041	6.138	3.663	4.114	0.493	8.758	34	Cars
10.435	4.650	3.837	7.524	2.438	5.960	-2.751	-0.338	-7.175	-5.729	-10.367	-13.278	-3.080	-2.095	4.386	8.420	6.446	8.063	3.988	6.988	3.221	5.415	6.543	-4.917	-7.183	-9.951	-10.320	-19.130	34	ScrambledCars
11.296	18.623	16.087	12.891	5.424	0.930	-2.860	-11.536	-9.839	-8.281	1.195	-8.765	-4.650	-1.941	10.797	10.351	4.777	5.226	7.405	7.361	6.604	-3.435	-11.960	-10.978	-17.479	-6.796	-10.385	-13.185	34	Cars
-7.369	1.304	-3.150	2.789	-2.102	-4.382	1.514	-12.242	-6.209	-3.158	11.211	-6.762	5.059	4.499	5.142	-2.287	3.791	-3.403	14.497	1.005	6.442	2.859	0.474	6.161	-2.216	-0.029	5.463	-1.588	34	ScrambledCars
-2.105	0.170	-5.360	-2.697	3.101	-2.134	4.811	5.429	4.517	6.213	-0.095	9.524	4.316	8.543	1.915	2.525	-4.859	-4.429	-4.696	3.457	3.608	6.101	-5.785	-0.429	-5.971	1.347	-8.128	5.919	34	Cars
-6.657	-3.040	-8.179	-11.308	-1.194	0.893	4.905	3.994	10.183	8.559	4.320	1.046	6.573	6.304	-3.367	-10.719	-10.787	-6.188	-2.981	-1.531	-3.734	6.586	4.745	7.615	9.330	5.816	-1.736	7.292	34	ScrambledCars
1.515	-7.811	-1.209	-1.548	-4.442	-1.853	-6.118	-11.313	-14.062	-4.218	0.172	4.031	2.882	1.531	-0.538	-2.366	-9.533	-2.958	-7.363	-4.432	7.752	-2.843	1.815	4.229	9.815	11.749	9.447	9.866	34	Cars
2.101	10.292	14.069	3.122	0.155	-2.506	-9.461	-9.345	-12.991	-7.129	-12.510	-5.519	2.880	2.573	3.863	6.347	5.432	3.537	16.300	11.605	3.140	2.652	3.429	-0.282	-9.639	-2.189	-2.513	2.418	34	Cars
-0.481	15.734	-3.595	11.465	4.574	2.006	-0.420	-2.818	-12.649	-1.810	-8.857	-9.091	0.364	-0.581	8.493	12.384	14.482	7.538	7.494	7.931	1.136	-1.457	-2.770	0.883	-14.565	-7.781	-8.759	-4.994	34	Cars
-7.502	-9.260	-14.397	-12.958	4.035	0.577	6.559	3.146	-2.200	4.258	3.204	6.657	8.649	8.347	-3.328	-8.848	-6.396	2.188	-13.466	-10.327	-4.202	7.529	2.947	17.451	7.614	8.204	11.143	12.729	34	Cars
5.170	7.552	8.978	17.988	-3.666	1.241	-3.935	-1.678	-9.301	-8.264	0.289	0.155	-3.542	-11.981	2.847	1.867	0.281	-0.791	2.108	-2.481	-6.966	-12.591	-14.934	-9.235	4.535	-2.180	-10.905	-2.106	34	ScrambledFaces
9.191	6.775	10.756	-5.100	5.133	10.376	-0.440	2.928	2.169	-8.912	-9.021	-8.752	0.665	4.030	2.215	-1.592	-3.704	-1.612	3.475	-1.349	1.662	-3.335	-5.894	-5.571	-6.726	-4.048	1.269	-10.075	34	ScrambledFaces
-6.579	6.135	-8.739	13.115	8.902	5.312	8.076	-0.050	-0.837	1.203	-5.879	-6.685	3.163	6.069	4.904	3.180	4.826	4.236	-0.243	4.040	3.619	1.761	-12.724	-1.554	-5.638	-5.715	-7.680	-10.950	34	ScrambledCars
10.140	5.390	2.399	-6.452	2.070	0.541	-5.630	-13.168	-8.172	-9.326	-2.908	-7.155	0.142	-0.413	6.390	10.196	13.202	3.489	8.614	11.704	8.851	7.189	-2.485	-2.909	-4.483	-4.843	-8.000	-3.739	34	Faces
-1.921	-4.327	0.258	-2.644	-5.044	-5.817	-6.967	2.222	0.786	0.074	7.994	8.765	-3.101	-5.314	4.998	0.351	1.393	2.088	-0.888	-7.271	-3.510	-8.112	1.049	-5.628	-2.370	0.368	10.293	12.442	34	Faces
4.666	4.315	-4.574	8.066	12.727	-1.302	3.256	-3.797	-6.389	-0.754	-5.395	-4.010	9.109	11.577	-1.848	7.374	4.920	-2.880	-0.990	8.951	8.656	3.453	5.590	6.355	-5.562	-1.248	-16.837	-8.465	34	Faces
-14.253	-10.861	-15.072	-1.624	-4.065	-10.821	0.397	-5.020	5.125	4.384	4.919	8.460	2.879	8.690	-5.424	-4.325	-3.213	-7.757	-9.165	-2.902	2.521	9.563	6.770	9.655	14.068	25.828	10.456	9.853	34	ScrambledFaces
-3.366	0.025	5.269	-3.546	-0.873	1.423	-5.438	-4.656	-4.114	-5.878	-2.584	-0.726	-0.282	3.768	0.415	0.250	-0.757	-0.613	5.429	4.167	0.028	10.232	-2.295	-0.554	-1.903	1.005	-3.145	-0.822	34	ScrambledFaces
-0.864	-0.346	-11.896	-6.091	1.677	5.051	9.105	-0.021	7.346	11.329	-1.018	6.864	8.921	9.994	-6.574	-2.331	-5.639	-14.986	-3.042	3.196	11.775	7.628	-0.886	11.636	2.789	12.279	-6.700	2.921	34	ScrambledCars
-8.982	-5.651	-15.135	-2.000	-1.692	1.921	2.069	7.345	6.479	5.590	19.501	14.081	2.532	-4.290	-9.802	-3.324	-3.008	-2.154	-6.321	-1.750	-2.986	-3.364	2.006	4.492	7.136	2.391	7.510	13.510	34	Cars
21.138	20.876	14.772	13.157	4.604	3.209	-8.150	-16.324	-23.916	-15.214	-19.262	-10.301	-9.175	-1.963	11.731	17.729	9.599	5.548	12.822	6.289	6.300	-2.329	2.108	-13.809	-14.113	-10.085	-9.807	-16.349	34	Faces
7.814	9.295	10.613	21.100	13.449	6.129	-5.481	-10.607	-5.057	0.905	5.336	-3.936	2.975	5.875	5.129	11.253	2.888	-7.584	-3.726	18.140	10.487	-7.134	-2.895	-14.925	-17.462	-18.180	-4.121	-2.827	34	Cars
-1.065	-1.580	9.330	4.086	10.112	-4.036	-3.838	-4.787	-10.484	-5.273	-8.913	-10.106	-4.654	-0.387	5.123	4.342	4.163	4.553	4.086	5.033	1.236	14.736	-5.979	-2.338	-11.354	-3.348	3.466	-0.853	34	Cars
0.514	3.139	-0.917	-2.863	-3.091	4.931	0.209	-0.236	-3.031	-4.852	-4.798	-9.350	-9.046	-9.703	7.322	1.065	2.431	11.281	17.830	-9.311	-16.380	0.283	-3.892	-6.132	-3.952	4.761	-13.317	-2.311	34	ScrambledFaces
-0.583	-6.129	0.170	-10.555	-5.967	0.097	-1.198	5.109	10.798	6.695	7.219	2.172	-5.671	-5.670	-1.712	-6.884	-5.344	1.260	-3.913	-9.079	-10.551	-3.429	0.190	-1.370	1.284	6.704	11.641	10.795	34	Cars
-4.506	3.105	-8.847	0.912	1.557	-7.302	1.821	-11.858	-0.375	2.012	4.433	10.001	7.424	8.076	0.641	13.132	6.402	-8.331	-3.800	11.901	11.815	-7.077	-12.293	-0.325	1.012	10.443	3.572	7.817	34	ScrambledFaces
-5.881	2.654	-11.076	-10.631	1.049	-6.762	-1.890	-3.075	3.256	4.578	7.516	1.481	-5.022	-7.084	4.804	1.843	2.050	-0.979	10.197	0.574	2.733	-4.266	-7.794	5.233	6.923	15.199	14.445	4.576	34	ScrambledFaces
2.624	-5.375	3.678	-9.459	5.509	6.685	10.538	5.764	4.104	2.381	4.633	-7.929	0.227	-4.443	-2.429	-7.066	-9.776	5.880	-6.901	-8.230	-7.664	-4.934	10.686	-4.315	2.650	-1.679	-3.747	-6.924	34	ScrambledFaces
-5.416	3.064	7.084	8.172	6.600	7.533	5.679	5.762	10.794	3.278	10.059	10.018	6.754	1.843	-12.766	-3.853	-5.901	-20.196	-13.931	0.329	-4.015	-3.787	-12.900	9.011	8.467	9.018	14.721	10.262	34	ScrambledFaces
0.095	3.827	1.333	-7.062	2.929	-3.983	-0.985	-6.378	-15.246	-2.025	0.577	-1.045	7.153	9.877	10.896	9.029	6.250	8.634	-4.328	10.848	13.537	4.483	-10.157	2.550	-20.883	-6.458	7.865	-3.704	34	Cars
2.321	-11.160	5.282	-8.135	-14.854	-1.849	-5.334	5.519	6.416	-2.356	14.636	3.365	-17.476	-12.515	-5.269	-9.062	-10.788	6.273	-4.659	-11.110	-13.237	-13.144	10.408	-4.682	10.559	10.807	-16.462	4.799	34	ScrambledCars
6.619	0.766	5.171	6.894	-3.492	-2.755	-7.480	3.584	6.862	-0.245	4.237	4.936	-14.485	-17.105	1.279	0.128	0.572	7.682	-5.996	-4.749	-6.871	2.152	-1.572	-0.945	-1.661	3.816	-1.152	0.975	34	ScrambledFaces
-3.140	0.263	4.872	1.911	3.092	-6.387	1.235	-4.857	5.709	0.745	1.470	1.748	8.922	8.519	-0.603	2.401	2.504	0.683	7.460	7.360	2.185	5.312	7.890	6.510	-8.668	-6.151	-16.462	-2.317	34	ScrambledFaces
5.235	-0.869	-6.050	-4.655	-4.564	-2.273	3.899	5.306	14.975	21.888	16.989	13.752	5.795	1.156	-4.301	-3.810	-3.376	-9.566	-16.727	-1.640	-1.155	-3.768	-6.122	5.126	-2.294	6.906	10.378	11.185	34	Cars
-12.132	2.179	-0.938	-0.301	3.024	-3.988	1.791	-2.626	-4.635	5.836	-8.009	-7.483	3.258	-0.455	2.286	0.974	9.117	6.271	15.032	5.202	-6.314	19.060	2.154	-1.360	-1.898	-3.436	-2.858	-7.438	34	ScrambledFaces
-4.726	-1.877	-6.760	11.143	0.842	3.406	7.129	0.483	3.518	-2.214	3.453	7.672	1.758	-6.110	-6.167	-0.772	4.255	0.965	-4.630	4.222	-5.180	3.696	4.763	0.119	-1.025	9.053	-0.184	9.423	34	Faces
7.977	13.306	2.615	9.552	8.795	2.113	0.455	-8.969	-7.454	1.772	0.683	-4.556	-1.768	9.410	5.984	15.733	9.423	-6.634	10.936	14.888	15.078	2.589	-13.195	-4.904	-11.190	-5.364	-11.683	-1.184	34	Cars
-1.104	14.366	-3.663	15.564	8.233	-1.064	-0.958	-10.267	-5.039	-4.065	-8.016	0.883	7.569	3.836	-2.011	10.322	5.131	-2.268	1.030	7.713	1.800	4.986	-3.779	8.735	-6.150	7.815	10.906	5.655	34	Cars
14.504	11.462	19.467	6.149	-3.986	3.140	-8.957	-12.115	-14.789	-6.530	-13.527	-9.067	-8.871	2.996	1.945	6.052	3.717	6.578	3.556	7.181	8.003	6.723	3.100	-4.382	-11.678	-3.735	-3.103	-7.328	34	Faces
-13.825	-10.913	-14.986	-1.213	3.768	1.346	0.642	-0.443	1.830	5.382	17.987	12.157	10.481	7.194	-12.956	-11.391	-10.332	0.687	-3.700	-7.916	5.616	-0.172	4.912	8.125	5.397	10.633	1.267	14.681	34	Cars
0.787	3.245	1.377	14.782	1.944	-0.739	-1.433	-6.576	-10.060	-9.170	-12.236	-9.375	-2.534	2.540	0.192	4.529	3.352	-0.002	10.909	11.509	4.308	-4.093	-5.964	-2.343	0.446	-3.969	19.802	-2.499	34	ScrambledFaces
16.431	8.143	4.028	8.376	4.831	0.645	-2.355	-4.905	-6.011	-2.926	-0.385	-0.113	-3.644	-5.031	7.440	1.190	-2.346	1.138	-2.116	0.140	4.554	-2.066	-6.840	-8.667	-14.990	-2.376	-1.086	-4.656	34	Faces
5.844	20.404	14.478	14.236	9.535	14.469	2.725	2.134	-6.532	-7.356	-7.857	-12.654	3.222	2.046	9.196	14.910	11.927	8.721	15.262	7.124	4.686	6.663	-8.568	-9.609	-15.783	-16.753	-16.485	-19.293	34	Faces
-16.907	-15.297	-16.843	-11.947	-5.487	-9.675	-0.528	-3.548	8.878	2.650	15.991	14.316	7.320	4.902	-8.796	-17.030	-12.069	-4.310	-15.319	-7.733	8.995	-3.980	2.632	13.226	14.779	19.502	20.500	16.868	34	ScrambledFaces
5.809	-1.321	-4.350	10.130	-2.120	9.302	9.614	0.896	-2.698	4.135	7.502	3.063	4.909	1.371	-7.907	-4.938	-11.121	-6.061	-20.508	-0.785	-6.534	-8.665	-6.053	2.723	2.659	6.425	2.381	9.800	34	Cars
14.635	5.127	7.297	3.508	-6.279	-1.909	-8.637	-12.555	-5.913	-12.445	0.074	0.731	-4.586	-5.209	11.724	8.281	7.544	6.960	3.687	3.394	-5.742	-4.382	0.154	-5.466	-19.410	-3.164	3.868	-2.391	34	Faces
-41.333	-9.051	0.407	-13.398	8.580	6.912	9.492	4.440	12.511	10.367	16.128	9.883	4.935	-3.636	-6.279	-3.497	-3.884	-11.227	3.708	-9.602	-14.735	1.231	-14.985	3.517	6.446	15.495	13.634	4.716	34	ScrambledCars
6.076	16.421	7.099	18.287	13.284	3.469	-2.897	-5.967	-11.402	-6.079	-8.997	-9.049	-6.085	1.428	0.504	14.938	8.149	5.309	2.777	12.653	14.122	3.012	-2.453	-7.238	-10.521	-8.352	-4.884	-13.125	34	ScrambledCars
-1.046	6.281	5.789	1.461	0.847	1.083	-0.922	-7.190	-12.631	-4.586	-6.529	3.624	0.471	4.969	1.422	3.952	8.344	1.986	-0.469	7.012	1.790	5.049	-1.058	2.478	-6.509	-6.923	3.859	3.394	34	ScrambledFaces
-11.538	-14.031	-7.306	-12.429	1.634	2.759	19.371	11.909	13.976	16.346	19.678	19.166	9.991	2.877	-4.910	-12.709	-12.508	0.252	-8.427	-11.594	1.010	-13.176	-9.339	-4.246	-9.930	-12.745	-7.219	5.532	34	Cars
11.125	7.103	4.312	16.618	16.914	5.931	2.463	-7.750	-11.457	2.223	-1.014	-4.195	9.308	9.291	-0.710	4.351	4.382	0.830	5.198	4.345	11.359	5.532	-4.869	-2.756	-11.915	-9.366	-7.508	-2.763	34	Cars
6.664	-5.398	-3.277	-2.528	-7.295	-2.369	-1.915	7.164	11.933	-1.593	4.757	-2.681	-11.339	-9.575	13.150	-1.418	4.947	13.311	5.178	-4.562	-13.060	-10.050	8.832	-13.749	-5.828	-14.855	-3.735	-12.428	34	ScrambledCars
-1.859	-8.117	1.390	-17.535	-8.514	-1.720	-5.667	-0.941	-8.804	1.184	-3.019	-0.119	-6.511	-5.063	6.442	-2.377	1.550	11.728	-9.210	-7.264	-7.912	0.261	5.249	-0.185	1.374	0.064	-5.540	-5.751	34	ScrambledCars
13.064	-13.022	3.085	-1.702	-4.816	0.117	-9.496	5.904	-6.358	-14.702	-6.981	-9.007	-2.490	2.898	4.561	-2.335	-0.572	3.143	-10.118	5.789	-0.088	-6.116	-7.320	-6.189	6.442	-11.474	-7.515	-3.387	34	ScrambledCars
16.714	21.683	8.163	15.891	12.840	1.241	-5.090	-11.067	-22.091	-8.971	-9.707	-10.501	-1.921	-1.654	19.947	16.321	12.706	11.694	8.061	12.510	0.349	9.711	-8.245	-8.984	-21.099	-21.190	-13.276	-13.819	34	Faces
-1.087	-1.136	-1.992	-3.258	-1.321	2.350	-2.753	5.431	2.197	-3.525	-2.451	-3.699	-1.558	-1.104	7.315	5.052	3.598	0.352	-2.006	6.808	-3.425	-6.817	-3.561	-6.500	-0.595	-4.816	-1.259	-1.716	34	ScrambledFaces
1.789	1.202	-4.658	3.841	11.945	6.033	18.021	8.837	-1.023	11.966	6.128	3.272	10.027	8.785	-4.009	-1.616	-8.917	-9.994	-9.118	2.962	5.725	-1.891	-7.227	-0.088	-10.106	-5.626	-0.015	-5.436	34	Cars
3.514	1.085	8.459	1.175	1.163	2.322	12.307	8.330	17.546	16.497	9.039	7.171	2.812	-6.084	-1.082	-3.661	-2.548	-3.993	7.929	-3.676	-13.258	-15.448	1.484	-2.962	-5.541	-9.823	2.704	-1.851	34	Cars
4.777	8.282	2.365	7.271	-3.367	-3.509	0.008	-11.503	-17.076	0.625	-4.217	-4.417	-8.247	-3.371	10.727	5.901	12.279	7.528	26.206	1.323	-0.320	13.223	-2.138	-1.025	-8.580	-11.435	-11.752	-1.754	34	Faces
-0.136	-2.937	-0.350	-3.177	-8.375	-4.191	-3.719	7.290	8.396	-0.228	12.041	9.925	-1.855	-7.889	2.889	-14.801	-13.232	1.446	-24.597	-11.347	-10.447	-3.796	-13.422	-8.295	9.479	10.108	-6.558	5.105	34	ScrambledCars
8.940	1.682	-4.915	4.497	4.692	-0.435	5.543	5.033	-2.781	5.733	-0.662	8.267	11.771	11.760	3.867	10.396	0.610	-7.625	-5.836	6.943	9.322	-4.043	-16.843	-0.247	-14.759	-7.440	-2.081	-2.252	34	Faces
1.452	-0.849	7.349	-8.224	-5.271	-0.982	-2.531	-2.929	-3.830	-5.829	3.393	0.516	-2.171	-2.562	4.307	-2.063	1.435	5.822	-6.054	-4.804	3.586	-10.009	2.956	-3.909	-1.054	-4.464	0.337	-2.776	34	ScrambledCars
-9.364	-9.945	0.956	-9.553	-2.788	-0.321	3.385	0.901	13.564	4.450	17.299	6.078	3.965	-4.805	-4.265	-7.918	-8.482	3.834	-11.608	-9.237	-10.316	-7.437	-1.085	-1.083	7.077	3.064	0.346	9.341	34	ScrambledCars
-1.530	0.931	5.544	-3.499	-0.030	-3.800	-3.625	-4.179	-3.350	-4.662	6.749	3.729	-3.912	-8.032	2.165	4.191	6.817	8.375	2.821	6.524	-1.384	-5.721	11.128	-9.888	-2.709	-0.841	-7.623	2.444	34	Faces
-1.218	2.741	-2.002	-2.092	0.719	-3.796	-1.724	-7.896	-5.052	-0.108	-0.400	4.213	0.180	5.896	5.805	12.502	11.092	9.085	-1.454	11.150	1.934	3.387	-1.661	0.604	-5.669	-9.760	1.845	-1.488	34	Faces
-5.494	-0.912	-6.513	-9.027	3.919	-4.162	8.027	-4.491	-6.738	4.168	7.142	17.358	17.546	14.035	-0.427	1.108	2.656	-3.904	-3.250	5.396	12.144	0.104	-9.222	12.453	-6.695	-6.015	6.721	15.739	34	Cars
-5.939	-10.815	-7.868	-14.384	-12.646	-7.181	-8.053	3.486	14.945	8.541	18.284	18.577	-1.568	-14.599	-6.263	-5.799	-13.034	-5.845	-10.235	-8.018	-5.385	-16.675	-10.467	11.133	7.110	27.429	13.838	23.173	34	ScrambledFaces
11.473	4.625	13.200	5.313	1.697	5.462	-3.451	-15.140	-18.525	-10.956	-21.999	-13.511	3.428	6.837	7.501	6.327	7.751	3.425	10.689	8.090	5.675	3.364	-6.055	-8.100	-2.909	-12.840	1.985	-6.220	34	Faces
-6.962	8.201	-9.877	-1.337	0.560	-9.009	-1.033	-5.712	-10.500	-8.956	-9.805	-15.672	-0.803	8.336	3.001	8.131	15.152	12.257	25.133	10.734	9.575	9.442	5.402	-0.387	0.692	-11.628	-12.638	-12.589	34	ScrambledCars
0.767	-1.494	-2.123	-2.424	6.477	-1.770	1.497	-3.786	-8.348	-3.159	5.691	2.525	7.768	4.427	0.441	-4.550	1.365	4.191	-9.980	-5.497	-4.195	1.577	6.544	4.142	-1.220	-0.047	0.460	-1.881	34	ScrambledCars
22.651	7.799	10.692	9.990	-11.143	-5.939	-22.937	-11.413	-15.010	-16.233	-14.784	-12.598	-19.695	-18.102	17.352	14.379	16.768	13.107	-0.526	8.222	-8.504	0.048	4.045	-8.523	-1.572	2.628	-1.623	-14.788	34	ScrambledFaces
4.616	3.316	-0.694	5.732	4.330	0.870	15.121	-4.524	4.103	13.703	12.767	4.425	15.777	13.117	3.963	1.768	0.846	-3.802	-4.215	0.195	6.256	-5.768	-3.715	5.406	-19.812	-17.925	5.832	-0.846	34	Faces
-6.707	-7.736	-5.073	-5.893	-2.573	-7.424	-0.225	5.373	16.859	5.269	5.673	7.128	-0.009	4.036	-5.766	-3.279	-2.366	1.605	-3.621	3.324	-0.220	-10.108	11.899	0.878	5.017	-5.779	-15.360	5.354	34	ScrambledFaces
-4.862	2.563	4.130	9.163	11.108	5.378	10.067	-3.123	-6.087	15.094	4.363	2.902	2.776	0.749	-1.628	5.516	2.463	2.453	5.067	3.016	2.801	10.456	-9.019	-1.844	-16.888	-17.217	5.193	-5.617	34	Faces
9.939	12.194	15.146	13.863	15.051	3.948	-8.217	-9.250	-20.494	-12.434	-10.162	-7.461	-6.201	-5.377	12.849	17.295	13.666	14.586	-9.715	15.759	8.481	2.197	1.367	-14.248	-13.235	-14.054	-26.110	-10.138	34	Faces
-6.726	-10.701	5.333	-4.443	-3.786	1.612	6.159	2.133	4.240	14.126	16.746	11.622	-9.183	-16.332	-4.844	-10.187	-5.764	4.786	-9.636	-9.935	-11.753	-7.040	-4.725	-5.263	-2.277	5.524	0.274	13.764	34	Faces
9.660	6.398	5.089	0.028	-9.276	-10.771	-12.264	-4.003	5.662	-0.596	-1.820	8.992	-6.227	-5.820	2.882	4.366	-1.685	6.640	-4.017	-3.740	-7.775	-6.957	-2.019	-13.504	-0.046	3.882	-8.007	7.602	34	Faces
7.716	7.744	3.141	4.755	-1.342	-4.056	-7.809	-12.617	-7.908	-14.491	-9.264	-2.192	-5.675	0.207	2.813	10.409	6.979	3.780	6.302	7.882	5.671	-0.386	8.985	-3.347	-1.858	1.890	-9.047	1.391	34	Cars
16.092	4.234	2.898	-4.215	0.174	0.603	-0.321	-7.972	-2.818	1.038	6.686	4.330	-2.292	-8.281	5.639	7.229	2.167	-6.209	9.088	5.359	-7.590	-1.406	-9.150	6.599	0.746	-1.959	11.224	7.430	34	Cars
-13.159	-9.324	-20.986	-6.795	-2.358	-3.945	7.993	-0.055	15.927	11.885	11.459	10.077	7.180	9.449	-10.774	-10.561	-6.304	-9.979	-9.910	0.764	9.705	2.782	-3.596	4.087	12.691	9.083	8.094	15.118	34	ScrambledCars
-10.154	5.593	-6.460	2.090	2.736	-6.500	6.932	-11.977	-9.714	3.118	5.197	4.270	9.045	5.828	7.306	17.628	11.716	-2.617	15.604	12.355	4.866	26.007	-1.024	6.755	-7.095	-1.364	6.523	1.003	34	Cars
-4.270	6.544	-1.926	11.316	0.254	3.446	-2.217	-2.950	2.574	-2.122	6.166	0.511	-5.575	4.118	-2.435	11.854	2.474	4.057	9.552	8.434	14.585	-5.518	-0.624	-1.780	-12.488	-10.296	1.529	-0.244	34	Cars
6.250	14.060	1.948	15.660	4.704	0.820	6.900	-8.997	-12.105	-2.180	-0.194	-4.499	7.045	8.876	7.962	9.826	11.319	4.093	10.665	1.380	0.823	0.835	-2.661	-2.171	-16.179	-11.641	-4.886	-7.649	34	Faces
7.509	-3.712	6.784	-3.146	-1.740	-0.925	7.039	10.899	13.529	10.884	15.379	4.320	2.253	-0.536	-6.048	-5.488	-13.763	-12.648	-11.428	-7.574	-8.056	-0.226	-4.421	-4.262	1.012	2.335	8.883	6.608	34	ScrambledCars
5.194	2.624	-0.172	8.504	4.116	-0.393	-1.032	-3.571	-3.405	-4.970	3.163	-3.346	-2.084	-1.427	5.869	1.858	3.236	6.639	-6.611	3.735	3.620	3.926	-5.514	-2.911	0.176	-6.245	-21.817	-3.263	34	ScrambledCars
0.402	7.730	7.769	8.862	5.123	3.146	-8.509	-9.259	-17.646	-10.591	-4.155	-3.628	-0.748	3.992	8.051	8.304	11.464	3.368	13.077	8.083	10.475	0.885	8.256	2.797	-14.979	-12.668	-10.652	1.022	34	Cars
8.496	6.952	16.932	0.046	-0.253	-1.155	-7.524	-14.818	-15.145	-10.443	-12.138	-8.911	0.111	7.218	9.998	7.892	8.821	-2.688	19.176	5.994	14.991	-0.345	-5.259	-3.449	-10.961	-5.104	-8.502	-4.215	34	Cars
5.500	14.298	6.823	14.990	2.408	7.388	1.974	8.886	6.957	5.218	2.675	-0.358	-4.932	-9.415	10.657	9.786	7.836	0.780	-6.910	4.253	-3.508	-16.532	-17.034	-15.082	-20.805	-11.080	-1.231	-10.961	34	ScrambledCars
5.431	-5.837	-2.995	-4.313	-3.606	0.140	5.123	-1.226	2.994	1.093	5.750	3.181	1.769	-3.026	3.283	-6.536	3.499	-3.594	-7.469	-7.329	-12.050	-12.600	-7.534	-3.279	1.240	9.648	13.089	6.248	34	ScrambledFaces
3.292	10.068	0.324	10.043	8.637	3.929	-3.889	-13.067	-16.820	-14.632	-9.415	-5.880	0.678	8.232	0.633	13.159	7.052	7.624	8.045	18.964	19.645	5.739	13.292	-5.510	-15.160	-9.603	-12.817	-12.141	34	Faces
-1.967	1.469	7.255	10.038	10.486	6.325	-1.517	-9.388	-5.229	3.578	-1.434	10.101	7.312	13.892	-7.171	2.453	-1.600	-10.708	9.000	8.735	13.744	7.797	-11.465	3.158	-2.289	0.149	3.930	13.301	34	Cars
-0.744	12.973	4.692	25.164	10.930	0.040	-0.965	-2.279	-8.717	3.456	0.915	0.020	-7.785	-0.205	-4.094	2.688	1.664	-2.623	6.846	3.218	-1.971	0.177	1.127	-1.155	-6.483	-16.597	-1.819	-5.358	34	Cars
-2.960	-2.271	-4.280	-5.905	-8.002	0.884	5.609	11.556	15.325	6.919	13.149	5.767	9.513	0.740	-3.281	-3.553	0.176	-3.501	4.380	0.813	-2.350	-8.709	-6.725	-2.715	-3.170	0.443	-9.227	-1.143	34	ScrambledFaces
-1.762	9.391	3.353	11.924	16.670	8.744	9.442	5.101	-0.014	3.503	-3.401	-8.773	6.452	3.882	1.265	6.969	0.955	2.797	-4.272	10.238	2.310	-2.226	-8.738	-4.386	-11.541	-14.157	-12.595	-16.589	34	ScrambledCars
-7.132	8.524	11.695	6.304	-0.882	3.000	-4.459	-3.261	1.169	-2.647	-4.975	-6.480	-3.448	-1.763	4.782	6.044	11.268	10.519	2.863	7.102	1.760	2.379	-9.812	1.401	-3.019	-10.153	-7.835	-2.412	34	ScrambledFaces
4.468	-1.911	-11.413	-0.634	-1.228	-9.868	-6.062	-5.197	-3.944	2.565	10.037	9.550	-0.397	1.553	1.856	0.948	4.718	4.616	-1.212	3.254	6.413	-9.271	-0.183	5.037	-6.246	-3.321	-2.320	8.567	34	Cars
-9.022	-3.314	0.336	-3.024	-2.453	2.668	2.726	7.806	9.125	8.971	16.929	14.314	-0.615	-3.720	-7.581	-9.587	-9.158	-3.261	-11.836	-8.586	-0.613	-5.107	-17.929	-2.473	-1.303	-2.782	2.374	14.480	34	Cars
-0.771	2.611	-16.642	7.458	8.329	3.712	7.510	4.545	7.500	0.451	1.240	2.736	3.540	2.129	-0.905	-4.156	0.793	6.583	2.100	-4.645	-8.872	-14.348	-1.037	4.694	-6.206	2.673	5.450	-3.576	34	ScrambledFaces
-0.365	0.743	7.299	-12.829	-2.029	0.032	-5.174	-5.528	-4.736	2.764	6.543	-0.389	-5.559	-12.266	4.801	5.765	1.186	-0.953	-7.196	5.459	2.220	4.553	-6.684	-4.612	0.111	-0.867	2.101	2.223	34	ScrambledFaces
3.302	-7.941	-8.674	-2.592	1.040	-0.147	2.632	10.272	15.842	11.696	5.383	10.660	2.123	3.055	-14.329	-3.390	-13.069	-19.501	-13.010	0.550	8.872	-14.695	-15.921	4.425	13.184	23.192	12.691	15.997	34	ScrambledFaces
0.883	-8.670	-6.554	4.092	-1.584	-0.541	1.307	0.026	2.065	14.140	18.761	10.298	0.392	-1.560	-7.325	-10.622	-8.717	-5.209	-7.093	-13.042	-7.299	-2.291	-5.549	8.082	2.169	7.419	11.124	15.511	34	Faces
-10.464	0.464	-1.466	5.685	-5.631	-2.208	3.790	-7.650	-0.648	5.115	3.706	15.341	4.062	3.853	-3.643	-3.047	-8.148	7.072	-11.261	-2.879	5.886	1.334	-4.754	10.249	-5.379	4.027	-0.540	9.421	34	Faces
-14.582	-12.389	-6.748	-13.859	-0.979	-0.689	3.056	1.961	7.145	7.296	7.409	3.417	0.644	-6.284	0.521	-10.691	-5.064	-0.559	-8.489	-14.179	-5.085	-0.484	-6.015	6.828	11.607	14.016	8.370	8.817	34	ScrambledCars
-5.805	-6.839	-10.478	-2.179	-1.662	-0.671	7.028	-0.724	10.059	9.923	12.300	18.909	1.237	-5.482	-10.051	-9.316	-7.020	-8.026	-2.140	-9.038	-12.116	-0.431	-7.401	6.082	4.332	8.028	4.995	9.702	34	Faces
-1.492	2.472	-0.737	1.738	-2.100	-3.783	1.482	-17.099	-16.660	-11.331	-4.271	-1.708	0.737	3.822	2.810	1.004	8.677	-0.722	19.160	4.951	4.334	6.185	2.492	4.814	0.700	-1.520	9.513	3.731	34	Cars
1.644	-1.544	5.112	9.282	-0.281	7.568	1.166	1.974	2.003	1.798	-0.507	0.846	-0.850	-2.072	-7.619	-7.831	-11.123	1.693	3.920	-4.166	-13.709	-8.178	-1.123	-4.999	7.979	7.566	3.892	1.611	34	ScrambledCars
5.695	0.603	15.910	-17.081	-4.337	2.766	2.342	0.441	-2.617	-1.380	1.199	-5.611	0.557	0.175	7.147	1.840	3.160	0.104	4.604	-2.553	-6.737	-6.233	-12.476	-7.000	-5.040	-11.126	-0.302	-3.866	34	ScrambledCars
-2.764	-10.510	-3.868	-15.244	0.686	2.840	14.826	8.413	4.009	18.699	13.130	19.271	11.300	2.275	-6.153	-4.964	-8.165	-8.924	-2.325	2.771	-5.148	-5.519	-21.631	9.979	-10.457	5.431	2.365	19.167	34	Cars
-6.428	-11.714	2.185	-18.184	-0.953	1.637	6.080	9.179	11.350	10.510	14.455	15.667	2.184	-0.443	-6.155	-10.358	-11.047	-8.116	1.346	-11.799	-10.914	-12.513	-17.929	-0.902	-3.439	11.076	15.640	7.047	34	Cars
6.040	7.397	-0.446	2.377	6.623	3.725	-3.638	-1.382	1.647	6.772	4.804	1.885	6.387	5.889	-2.968	1.133	2.243	-7.939	-5.862	3.692	7.506	-6.852	-6.388	1.039	-3.568	-1.824	-12.614	-2.317	34	ScrambledFaces
1.450	8.586	6.710	11.076	-0.550	3.312	3.335	7.277	-2.409	1.091	12.164	2.384	3.337	-2.573	-2.144	-9.271	-7.185	9.960	-3.489	-8.038	-4.820	5.927	10.435	-3.470	-15.641	-15.815	-2.557	-8.641	34	Faces
2.200	15.158	3.696	18.586	-3.808	-1.179	-13.351	-8.590	-14.898	-16.827	-11.602	-3.503	-6.617	-9.756	8.541	13.135	10.778	8.529	14.448	15.952	8.348	7.621	3.033	-6.698	-1.302	-9.563	1.137	-4.016	34	Cars
1.062	7.345	-11.689	1.166	13.925	-0.910	4.961	-11.955	-15.506	-1.643	-4.820	-8.803	11.145	16.692	-3.246	11.981	11.015	-11.678	19.822	15.360	25.963	17.829	3.387	10.137	-7.092	3.810	7.350	-6.973	34	Faces
6.552	4.986	17.595	1.726	-5.328	6.134	6.781	4.804	5.841	-0.894	2.933	2.768	-0.832	-8.903	3.326	-5.283	-4.660	5.035	-10.036	-8.973	-18.180	-9.299	-2.105	-4.448	-6.861	-7.377	-4.804	-8.460	34	ScrambledCars
1.495	5.348	-13.600	-11.579	1.546	-2.841	-4.802	-10.165	-12.093	-10.559	-6.438	-8.362	-6.511	0.205	13.582	14.048	15.410	9.212	3.335	10.168	7.331	3.657	17.574	2.263	-6.492	-3.345	-4.110	-6.589	34	ScrambledFaces
-8.091	1.893	2.692	2.071	0.345	5.219	3.742	2.161	2.894	-1.249	3.117	-1.284	0.077	1.509	-3.100	-2.448	4.381	-0.502	11.788	-4.172	-8.838	1.495	10.727	4.760	1.044	-5.203	-7.219	-2.357	34	ScrambledCars
-5.730	-3.840	-6.412	1.356	-0.290	1.349	11.738	6.223	5.248	9.729	5.303	-2.892	-6.241	-4.598	4.032	-8.288	-2.699	3.618	-9.687	-8.421	-2.812	-3.505	6.238	-10.417	0.803	-6.817	-16.249	-7.482	34	ScrambledFaces
0.478	18.777	1.730	22.047	24.137	4.403	1.694	-12.346	-16.988	-10.161	-8.759	-13.698	9.585	18.907	8.473	16.002	8.074	-3.177	5.637	23.734	28.165	-2.749	-6.287	-12.463	-18.413	-10.399	-11.472	-16.896	34	Faces
5.613	2.614	8.966	1.174	-6.559	-4.818	-2.516	-0.309	13.234	5.217	18.305	14.288	-11.396	-12.172	-1.127	-1.715	-8.614	-2.262	-7.867	-7.887	-14.660	-11.133	1.499	-10.709	-4.779	-0.623	3.455	10.983	34	Cars
-11.006	2.679	0.587	8.958	8.137	-0.082	1.932	-5.409	5.401	3.766	10.957	7.348	-4.816	-5.899	-0.502	5.846	5.196	-1.597	22.054	5.106	7.394	7.362	-8.545	-4.028	-13.554	-11.994	9.373	-2.885	34	Cars
6.991	8.480	5.521	0.927	3.097	3.472	-4.079	-2.542	4.738	-1.063	4.216	0.755	-0.260	1.172	-1.653	1.180	-3.349	-0.274	-19.300	-1.481	-1.203	-2.907	-5.829	-2.349	-0.998	0.951	-3.030	3.597	34	ScrambledFaces
9.457	13.476	10.145	6.722	2.417	-2.758	-8.643	-6.728	-1.089	-5.420	-0.725	2.216	-13.726	-12.897	2.352	6.114	-2.997	-2.152	4.151	4.732	-0.445	5.538	3.316	-3.723	1.645	-1.250	-8.986	1.725	34	Cars
4.044	3.010	-1.665	2.176	9.441	12.658	12.313	7.037	6.539	2.615	2.351	0.383	8.673	7.599	-0.857	-1.147	-8.270	-1.433	-17.045	-2.992	-0.352	-7.041	-1.016	1.199	-6.763	-1.322	-10.918	-4.311	34	Faces
-1.853	-7.211	-3.059	2.825	4.798	6.421	14.221	19.114	19.281	15.575	19.492	20.970	2.997	0.375	-8.965	-12.709	-19.616	-21.974	-25.338	-9.274	-9.729	-17.654	-25.673	-2.648	-3.814	12.105	11.849	11.884	34	Cars
-4.377	3.203	-9.345	7.773	13.010	-7.137	7.345	-10.618	-12.284	-1.145	-7.983	-5.783	13.819	25.022	-2.699	7.567	2.964	-11.269	10.258	14.928	25.376	7.381	13.949	4.752	-2.087	-3.608	0.050	-4.998	34	Faces
-10.223	-9.558	-7.069	-11.146	2.253	-2.857	14.013	0.309	4.065	17.183	12.036	3.518	11.819	7.789	-11.542	-8.290	-12.291	-7.778	-3.634	-5.005	-2.965	3.228	-6.895	13.186	4.614	11.724	16.459	3.269	34	ScrambledCars
3.264	11.648	-1.356	18.057	18.643	6.476	13.217	3.700	5.141	7.327	13.117	-5.075	8.965	12.982	0.386	11.541	11.848	-7.834	2.627	11.034	2.997	-10.521	-15.155	-9.314	-17.463	-18.914	-10.608	-13.345	34	ScrambledFaces
1.521	2.936	7.038	-8.950	-1.352	-0.154	1.707	-9.628	-12.920	0.718	7.111	0.960	4.524	-0.191	-0.259	-9.887	-2.948	13.247	1.789	-6.981	-1.977	-5.821	-3.608	-1.696	2.098	-2.060	12.662	1.456	34	Cars
-4.339	2.042	1.159	-7.537	-7.388	-1.909	-0.467	-0.562	-0.959	3.382	-2.763	-6.597	0.138	0.840	7.513	8.399	4.430	8.891	-0.973	-0.951	0.704	5.230	8.583	-2.036	-0.734	-9.795	5.213	-0.090	34	ScrambledCars
-4.470	-1.080	-2.213	-8.709	-2.230	-3.566	4.899	-2.653	-6.213	-4.686	-3.363	-5.616	6.325	-0.668	5.228	-3.267	-2.442	10.895	-21.021	-11.244	-7.893	-3.434	11.307	3.131	8.260	3.368	18.515	2.046	34	Faces
-3.860	-2.751	-0.824	0.425	0.251	0.643	-9.483	-8.288	-5.086	-7.537	0.263	1.348	-0.631	-6.061	5.251	2.072	-0.022	4.897	-6.957	1.917	0.559	-0.233	0.367	-0.225	4.323	5.993	15.529	-0.910	34	ScrambledFaces
2.941	6.016	-1.522	11.649	4.920	-5.428	11.803	-7.355	-3.400	5.704	7.994	4.911	4.726	9.793	2.003	7.481	2.933	-12.166	7.168	12.233	8.009	-0.800	-5.830	1.264	-12.687	-7.436	-2.589	2.237	34	Cars
2.430	12.924	-5.969	7.417	16.390	8.370	6.806	-1.092	2.615	18.731	6.304	-4.453	8.634	15.101	-6.520	-2.509	-8.679	-9.609	-7.560	6.001	19.645	0.797	-5.574	2.908	-12.493	-19.165	-7.022	-7.283	34	ScrambledCars
-3.864	-12.560	1.371	-3.265	-5.321	3.312	7.695	11.384	7.796	11.049	5.267	9.155	4.468	3.185	-0.047	-9.192	-10.978	-3.544	-7.355	-9.428	-2.330	0.568	-12.551	-3.319	-12.132	-3.039	9.344	10.436	34	Cars
-0.021	-11.539	-6.489	-12.519	-8.601	-6.396	-0.446	-1.648	5.834	2.538	11.540	8.539	-0.526	-1.305	-0.230	-12.446	-10.541	-12.643	1.960	-5.792	2.349	-0.727	5.662	4.899	16.699	23.522	-1.206	15.787	34	Cars
-11.305	-6.868	-13.857	-2.900	2.880	-7.738	-0.230	-0.099	8.429	4.325	13.362	8.650	-0.827	-1.709	-1.251	-3.153	-5.407	-2.061	-2.962	-7.855	-2.720	1.531	-1.344	1.091	2.817	9.915	5.858	7.534	34	Faces
-6.569	2.083	-8.882	9.234	7.732	-5.136	2.220	0.533	5.693	7.211	9.525	15.957	3.812	0.377	-2.718	2.954	-3.928	-12.051	5.520	2.820	4.828	3.221	-13.889	1.155	-5.488	3.659	11.330	12.696	34	Cars
-6.507	-5.223	-2.517	-1.105	1.872	1.005	14.277	3.539	8.514	16.890	16.638	8.798	4.036	5.414	-10.346	-17.909	-13.736	-3.724	8.781	-10.293	-10.199	-12.874	4.024	0.182	10.902	11.797	-2.446	6.517	34	ScrambledFaces
-5.227	-0.135	-0.779	2.425	5.116	2.633	8.982	7.703	12.358	7.428	-0.487	-1.613	1.542	1.129	-0.995	2.751	-1.195	3.274	3.135	3.880	1.081	-13.182	-14.818	-9.664	-6.261	1.048	-9.582	-8.671	34	ScrambledFaces
-2.391	5.725	-3.991	-0.942	17.486	0.433	11.454	-8.085	-12.836	4.835	2.838	5.676	18.840	18.038	-8.389	4.662	-1.006	-13.382	10.941	17.064	14.637	11.695	3.117	7.259	-7.425	-3.088	15.744	1.420	34	Faces
-7.294	-0.855	-0.762	3.267	-4.225	-7.747	1.915	-0.668	-2.672	-3.797	-7.086	-1.393	-7.175	0.633	2.784	6.195	7.438	-0.786	14.658	4.229	5.488	8.557	-1.459	6.907	3.941	2.476	-0.829	-4.295	34	ScrambledCars
-9.761	-7.833	-10.666	-7.286	-8.274	-8.019	9.784	-6.169	0.592	7.433	19.101	10.610	-2.739	-9.894	-3.245	-9.752	-7.010	-6.703	0.020	-9.832	-11.238	-4.935	-12.203	8.425	19.934	27.814	10.193	13.451	34	ScrambledFaces
-7.360	-10.202	-6.465	-11.696	-5.588	6.923	20.428	18.433	21.440	29.422	20.264	19.757	10.800	-3.433	-15.439	-20.584	-19.825	-13.542	-15.581	-25.435	-21.046	-4.702	6.752	6.845	-1.490	-1.622	11.995	10.991	34	Cars
-5.397	-1.085	0.642	1.872	6.646	1.531	6.248	1.406	5.796	7.652	7.616	6.443	1.603	-3.665	-4.687	-4.181	-7.585	-11.711	4.581	-6.585	2.427	-3.861	-12.622	0.805	0.989	4.312	6.309	7.859	34	ScrambledCars
2.701	0.389	0.463	-2.826	-1.236	-5.599	7.030	2.053	7.502	8.093	14.092	9.802	2.248	1.742	-5.175	-0.214	-6.712	-8.786	4.609	-3.340	-8.838	-7.742	-5.518	3.775	10.657	8.413	0.314	6.134	34	ScrambledFaces
12.369	9.055	19.477	2.761	-0.810	6.005	-6.202	8.516	-1.126	-6.477	-8.139	-5.897	-11.072	-4.910	1.106	-0.860	-2.526	3.008	-17.171	-6.767	-5.261	-3.943	-0.802	-3.570	4.846	6.889	-15.277	-0.509	34	ScrambledCars
-3.858	-11.917	-3.721	-17.139	-0.958	-13.089	3.552	-12.500	-8.911	8.761	9.640	7.519	11.431	10.779	-0.027	-2.922	3.012	1.291	9.160	-4.302	8.082	1.950	3.015	5.580	0.510	8.169	-4.053	8.627	34	Faces
15.142	10.443	20.086	0.743	11.715	14.931	7.459	10.172	1.158	3.314	0.510	-4.144	-1.826	-3.337	-3.701	-0.006	-3.077	-4.186	-11.545	-0.856	-3.173	-17.363	-13.828	-8.284	-8.693	-11.933	-7.976	-10.358	34	ScrambledCars
0.055	-2.300	7.359	-4.335	-13.121	0.156	-2.515	2.182	13.752	-0.781	13.102	6.813	-10.954	-9.489	1.283	-0.227	-5.533	1.891	-9.138	-6.765	-11.386	-8.573	-4.047	-6.093	-4.136	2.647	-1.267	6.845	34	ScrambledFaces
0.797	2.097	0.707	3.996	5.802	-2.391	-6.242	-11.780	-2.085	-2.570	10.499	5.475	-5.899	-3.380	0.143	6.876	1.776	-0.111	-8.485	7.930	2.958	2.733	4.603	-2.661	-3.700	8.999	6.327	4.683	34	Cars
0.630	3.741	-13.312	8.678	-4.866	-3.617	-3.735	1.063	1.535	1.068	-4.266	-11.775	0.958	-0.097	2.621	7.229	11.473	3.763	5.220	7.224	-0.580	13.571	5.637	5.535	5.805	2.959	-11.977	-12.969	34	ScrambledCars
-1.612	-9.204	-1.306	-9.466	0.302	-3.795	7.153	4.358	8.320	9.458	12.306	12.116	1.426	-3.562	2.119	-3.624	-3.615	2.806	-6.390	1.790	-0.509	-9.860	-4.754	-2.539	-5.297	-4.637	-6.283	3.836	34	Faces
-11.033	9.123	6.220	-1.774	14.020	4.601	-3.799	-6.144	-13.231	-8.221	-1.506	2.312	-3.646	-6.544	4.508	0.020	3.370	3.205	12.642	3.109	3.143	4.456	-3.079	0.025	-3.780	-4.745	-3.664	-3.056	34	Faces
-4.084	-5.623	-1.589	-0.292	-9.784	-6.279	-4.481	1.935	5.629	3.498	7.480	9.669	-4.464	-6.433	1.819	-3.510	-3.381	11.818	-15.258	-4.222	-0.064	-5.359	0.381	1.996	6.808	12.073	-3.912	10.774	34	ScrambledFaces
-9.297	2.769	-10.210	-3.616	7.138	-6.066	-4.433	-17.218	-14.419	-2.013	-8.847	1.469	9.089	11.020	3.668	8.948	8.189	8.574	16.726	4.650	7.180	18.800	6.197	1.464	-11.333	-4.424	1.475	-1.176	34	Faces
-7.774	-5.649	-3.973	-5.841	-5.985	-1.842	1.741	2.697	-3.640	0.614	15.210	12.864	-4.070	-0.691	-5.579	-3.010	-4.694	4.048	-10.984	-3.237	1.799	3.847	0.168	0.798	-0.648	9.597	-3.159	9.497	34	Cars
-7.526	12.120	-4.081	3.753	12.642	7.016	7.831	-5.184	7.006	5.632	-2.970	1.764	6.425	6.952	-13.608	0.825	0.493	-13.754	14.441	5.000	1.055	7.126	-0.401	13.220	3.845	1.804	1.857	-0.757	34	ScrambledCars
2.811	1.501	7.840	3.347	2.624	-3.291	-0.280	-4.712	-5.254	-9.107	-1.595	-4.948	-3.845	-6.408	-0.639	3.056	1.264	5.554	-13.486	4.167	-0.406	-0.859	2.544	-0.485	6.008	6.349	-3.051	-4.079	34	ScrambledFaces
7.018	4.744	4.376	-0.115	-5.008	-7.416	-3.862	-7.567	-14.468	-1.473	0.437	-0.018	-2.028	1.140	7.232	5.198	13.470	-1.142	14.087	7.179	1.640	10.774	-0.082	2.540	-15.813	-4.817	2.138	3.643	34	ScrambledFaces
11.724	0.040	2.610	-3.867	0.148	-5.402	-8.295	-3.099	-5.399	-4.557	-6.597	-4.852	-0.047	-4.845	7.852	2.881	1.564	12.568	0.549	-2.008	-8.174	1.821	-4.582	-5.608	-0.476	-4.207	-8.298	0.761	34	ScrambledCars
-1.219	15.788	-0.957	23.505	3.553	4.433	-6.747	-7.604	-12.307	-4.677	-10.671	-8.758	2.770	7.092	-0.494	16.761	6.686	-1.205	1.135	21.408	13.449	14.450	-2.993	3.768	-3.206	-6.298	-1.304	-13.422	34	ScrambledCars
-13.249	-7.738	-10.203	1.712	-8.872	-2.015	10.072	2.986	5.532	12.917	11.807	8.288	9.089	6.577	-10.285	-3.542	-5.239	-3.071	3.182	0.958	3.916	0.063	-1.416	5.617	-0.553	5.472	20.120	6.299	34	ScrambledCars
-5.912	-1.895	-15.830	17.092	11.602	4.744	13.314	0.775	1.632	12.475	8.884	9.498	17.896	19.828	-1.842	1.144	1.803	-3.635	-4.968	7.420	15.731	3.026	-13.376	5.018	-17.581	-8.729	-2.827	8.441	34	Cars
7.777	2.402	2.593	10.344	6.760	-6.592	-3.867	2.610	0.199	-7.956	7.214	0.437	3.233	6.262	4.538	2.234	-2.923	-6.214	-14.114	0.386	8.483	-1.138	-9.236	-9.032	-9.193	-3.876	-1.098	-4.550	34	ScrambledFaces
-13.820	-5.972	-14.698	-0.687	-0.407	-2.913	14.128	-2.939	6.569	11.130	12.748	13.943	15.724	15.103	-12.506	-10.461	-2.638	-7.652	12.324	-4.098	2.930	0.241	-3.380	10.755	3.716	11.424	16.325	9.495	34	Faces
1.974	18.394	14.834	12.843	22.163	9.934	10.327	-9.003	-12.299	-4.051	-14.789	-14.033	9.292	20.550	10.666	23.043	15.858	5.914	14.553	21.634	18.044	8.994	0.228	-6.156	-18.965	-14.555	-8.683	-16.971	34	ScrambledCars
-5.352	7.982	10.375	11.050	11.293	8.308	0.232	-4.143	-4.023	2.161	-4.417	-2.979	-3.741	0.175	6.849	7.218	3.806	-0.554	-17.356	0.968	-7.598	-0.612	-10.389	-6.074	-10.635	-5.627	4.028	-0.390	34	ScrambledFaces
-0.732	10.966	9.786	4.902	1.759	2.533	3.746	-5.088	-7.067	-2.118	-1.255	-11.851	1.449	-3.142	2.081	4.632	1.674	-2.204	-0.237	6.218	0.761	-3.893	-1.627	-0.248	-4.282	-8.769	-10.100	-11.212	34	ScrambledFaces
0.330	6.712	8.739	11.096	8.334	3.182	9.145	12.593	9.724	9.191	5.612	-4.463	3.359	0.881	-1.713	8.063	4.122	-3.770	10.875	8.006	-1.149	-7.930	-10.840	-4.720	-19.812	-6.792	-10.488	-8.533	34	ScrambledFaces
-10.613	2.055	1.781	-0.450	-1.339	3.215	9.157	1.827	2.121	-5.639	0.136	-1.942	0.444	3.060	-8.773	-1.481	-5.285	1.903	-2.054	-1.706	5.191	6.672	15.453	2.785	8.513	8.245	-3.578	-5.351	34	ScrambledCars
10.456	9.495	9.606	9.318	-3.053	-10.513	-7.452	-8.636	-0.811	0.399	9.002	3.493	-10.287	-9.541	1.631	0.300	-5.581	2.077	-21.572	6.059	-0.156	-11.766	-8.845	-13.955	-0.857	8.909	-0.495	6.023	34	ScrambledFaces
-2.791	11.325	21.127	12.359	-0.286	10.293	4.706	-1.103	-11.029	0.891	-3.020	-0.550	0.971	6.849	-1.332	4.964	-2.252	5.374	-14.216	-2.171	7.358	0.794	-2.453	-9.549	-19.570	-15.784	9.029	-7.824	34	Cars
5.756	19.910	11.628	21.832	11.685	12.479	14.554	0.543	1.016	-1.684	-8.353	-6.280	9.238	13.100	11.045	11.736	8.474	-6.766	1.986	12.072	16.506	-1.884	-25.222	-4.274	-19.490	-25.182	-4.630	-15.707	34	Faces
4.448	3.421	2.335	0.566	4.731	-4.531	-0.447	-14.370	-8.437	-7.590	-3.703	-5.306	-6.084	-5.292	1.961	2.376	7.383	8.859	14.100	-3.471	-3.016	7.345	8.332	-2.735	-3.373	-3.655	-14.969	-0.945	34	Faces
10.326	9.360	2.001	6.189	22.727	8.815	-0.686	-11.376	-21.302	-10.735	-13.411	-9.365	3.337	13.335	10.710	14.333	10.249	0.154	2.339	15.996	18.243	3.547	17.991	-1.417	-21.320	-25.544	-12.239	-14.406	34	Cars
6.280	18.113	-3.060	21.530	0.501	-7.024	0.450	-9.363	-5.885	-2.682	1.792	1.735	-0.285	-1.375	13.394	18.227	13.013	3.012	4.097	15.233	3.946	6.095	-7.996	-6.470	-13.267	-11.284	-15.660	-7.901	34	ScrambledFaces
14.432	10.257	4.375	-2.037	-6.519	-5.058	-7.133	-2.913	-3.864	3.010	7.687	-11.791	-4.161	-8.313	9.706	0.656	4.171	7.426	-4.538	-3.444	-5.416	7.956	11.702	6.334	-12.582	-7.152	-22.840	-11.128	34	ScrambledCars
-11.687	4.130	-7.583	10.994	3.630	12.268	9.395	1.301	-4.284	4.210	1.976	1.925	7.024	9.075	-2.449	6.454	7.295	-1.706	15.706	9.416	10.347	5.172	-2.998	-2.048	-3.474	-3.285	4.598	0.562	34	Faces
-8.306	-2.346	-20.086	1.602	-3.239	-2.639	2.876	-0.227	-2.344	5.619	7.044	3.866	0.613	-3.468	-7.216	1.185	-3.043	-4.680	6.973	-1.594	0.402	13.051	4.056	8.592	14.469	17.649	-3.432	10.929	34	ScrambledCars
4.983	5.961	9.352	5.718	4.533	8.107	7.310	4.902	7.318	0.959	0.960	-3.896	-5.367	-8.004	4.088	3.672	0.663	4.820	-4.605	1.254	-0.590	-11.983	-9.121	-11.492	-8.727	-4.551	-15.476	0.589	34	ScrambledFaces
3.238	3.325	-1.331	-6.206	-1.710	5.706	-0.956	6.299	1.530	-8.989	3.785	0.525	-7.517	-5.040	4.041	6.319	2.991	-3.578	-9.181	5.788	-4.427	3.441	3.111	-2.139	4.951	-9.714	-13.498	-9.476	34	Cars
-4.823	9.366	13.568	8.981	12.493	8.900	7.963	9.759	11.810	9.040	3.604	-6.054	-5.567	-6.002	-5.340	1.521	1.013	-2.682	-7.476	1.015	-2.248	0.566	6.594	-1.432	-9.232	-5.588	-16.490	-6.664	34	Faces
3.460	8.800	12.060	13.558	4.244	4.644	7.267	-5.384	-7.098	-5.409	-1.265	-6.239	4.978	8.856	0.658	4.939	1.483	-1.482	4.069	5.154	11.707	1.386	-1.642	-6.017	-14.740	-14.281	-14.511	-7.879	34	Cars
9.601	5.962	4.101	13.050	9.579	-2.597	-8.859	-9.022	-6.451	-0.712	-1.490	2.027	0.284	8.304	6.131	9.052	8.470	3.760	7.048	13.847	8.149	0.321	-0.461	-13.148	-13.812	-13.258	-5.209	-5.332	34	Faces
0.515	5.944	2.116	-3.592	-10.997	-4.756	-8.821	0.799	1.128	-11.539	1.943	-6.896	-9.819	-5.760	-0.496	5.674	0.882	12.292	7.725	1.125	-5.438	-2.732	4.649	-1.995	3.311	5.062	-10.780	-7.192	34	ScrambledCars
-4.733	15.247	2.363	20.831	10.714	-2.024	1.250	-9.197	-4.578	-1.366	-1.812	-6.230	6.231	5.195	2.310	10.607	10.330	2.115	8.265	10.746	11.526	-1.052	-0.283	-2.361	-7.218	-15.950	-4.259	-8.895	34	Faces
-2.664	-2.617	-1.531	-8.488	4.241	4.908	5.157	-4.048	-6.678	-1.735	-4.829	-3.138	0.342	1.920	3.276	2.953	7.553	5.093	7.219	6.790	10.132	5.804	14.775	-1.799	-3.190	-0.945	-21.785	-5.827	34	Faces
5.085	3.004	-2.521	18.899	8.087	5.621	4.413	-0.366	-2.899	-2.896	-0.385	2.911	-1.128	5.520	-6.793	3.582	-6.524	-5.051	4.998	8.849	9.285	-5.801	-11.453	-0.488	-3.334	-2.505	-3.850	3.635	34	ScrambledCars
1.531	-0.752	-1.169	-6.166	-6.245	3.522	5.036	4.285	0.094	14.419	8.022	12.138	3.409	-0.283	-3.105	-12.018	-9.630	1.710	-7.040	-8.140	-5.258	-7.549	-8.294	-0.053	5.016	3.833	8.727	12.883	34	Cars
1.119	6.406	6.118	2.607	3.405	4.787	2.848	-11.435	-10.677	-3.518	-4.609	-0.982	4.020	6.848	6.354	4.302	8.073	9.402	2.992	3.830	-0.010	7.263	7.743	5.142	-4.486	-3.298	4.312	1.933	34	Faces
-10.155	-9.269	-18.583	-1.020	7.929	4.612	18.963	2.568	5.005	15.215	9.116	11.902	21.498	21.239	-13.014	-13.900	-13.868	-10.407	-3.287	-7.460	4.926	17.628	-5.975	19.850	-6.081	4.481	14.761	14.168	34	Cars
-14.049	-0.843	-8.923	1.821	15.782	-1.462	9.903	4.814	19.074	23.018	15.444	19.718	6.889	7.563	-7.710	-0.760	-6.519	-19.453	-3.225	6.694	7.766	5.902	-19.067	4.518	-6.376	-5.091	-8.592	4.220	34	ScrambledFaces
0.689	5.835	10.106	4.309	3.220	4.834	0.441	-1.150	-5.629	-1.730	-7.659	-5.152	-3.000	0.286	-1.146	1.068	-7.848	-0.299	-2.656	6.797	3.858	-16.017	-12.605	-12.189	-11.639	-11.874	-8.597	-4.208	34	ScrambledCars
1.700	6.869	4.432	7.122	-0.360	-5.701	-8.625	-2.856	3.035	-6.108	2.648	-1.634	-1.066	4.430	2.405	2.295	-4.325	5.068	-5.792	4.660	0.956	-6.736	-7.466	-6.569	-1.719	-10.079	-10.597	-0.921	34	ScrambledFaces
-6.518	-18.542	-12.339	-21.305	-13.164	-9.487	-8.747	-0.019	1.012	2.391	10.940	4.080	-9.060	-13.107	-2.508	-15.557	-7.206	6.547	1.782	-19.198	-14.305	-2.612	4.317	5.413	26.060	26.701	13.846	17.511	34	ScrambledFaces
6.222	-4.972	1.405	-4.439	-6.141	-0.500	-7.976	-8.850	-4.563	-0.123	4.736	12.984	-0.496	-5.604	-0.983	-1.628	2.234	1.016	14.926	2.145	-1.203	-6.827	-1.945	2.178	6.130	4.154	15.261	12.794	34	Cars
10.782	6.980	14.534	12.729	-4.876	5.088	-11.416	-9.223	-11.278	-6.604	-10.225	-12.236	-8.396	-11.649	8.659	4.638	3.950	9.059	4.674	-4.967	-10.788	3.531	0.381	-7.764	-7.907	-2.529	-12.879	-11.634	34	ScrambledFaces
6.764	11.264	12.843	5.912	2.683	13.951	11.770	9.961	8.955	7.504	8.184	-0.179	-2.989	0.295	-4.147	-2.774	-9.911	-8.569	-19.448	-1.163	-6.217	-14.277	-16.273	-13.913	-15.774	-5.656	-13.920	-10.736	34	ScrambledFaces
2.643	5.714	0.323	11.816	9.217	-6.005	7.190	-10.856	-12.823	-1.893	-11.990	-4.945	10.260	18.739	10.428	7.833	8.703	-4.372	1.271	9.212	19.849	8.203	0.139	4.925	-17.575	-20.120	-0.897	-9.238	34	Faces
-12.346	-3.392	-8.699	7.459	6.094	6.848	3.619	-0.297	2.309	-2.975	1.375	-5.578	-5.224	2.085	4.693	2.082	-2.407	-5.619	-6.444	3.056	4.458	1.138	-0.962	0.462	7.005	0.790	13.601	-3.558	34	ScrambledFaces
3.652	15.737	7.674	-0.064	2.478	-0.521	7.281	-9.040	-17.700	-0.439	-2.911	3.732	9.096	6.151	4.733	2.303	2.120	0.837	-7.944	0.278	11.237	-3.734	-12.943	6.789	-7.682	-2.272	17.110	1.776	34	Cars
-3.775	-5.021	3.910	12.762	6.165	7.227	-1.887	4.163	7.756	6.134	8.371	3.484	-5.069	1.155	0.803	3.413	-2.885	0.095	-1.433	10.058	8.057	-12.479	-14.487	-20.721	-16.651	-13.388	-15.198	1.284	34	ScrambledFaces
-12.479	-17.377	-10.569	-10.836	-6.426	-2.936	6.953	11.186	10.075	14.004	15.788	20.661	14.761	2.430	-9.622	-16.310	-20.261	-4.567	-10.740	-9.286	7.518	2.613	-17.867	11.898	5.618	7.564	1.894	12.372	34	Cars
17.795	5.522	11.640	9.740	-0.689	4.477	-5.221	-1.210	-5.988	-11.419	-8.338	-5.151	-11.976	-8.923	1.919	2.960	-1.700	4.713	6.906	-0.885	-6.238	0.088	3.422	-2.629	-3.301	-0.147	-16.969	-4.599	34	ScrambledCars
-6.296	0.386	5.639	-5.183	-2.580	-4.093	5.498	1.732	4.356	10.093	9.956	8.859	0.896	3.505	-5.105	-5.854	-14.190	-13.172	-0.899	-7.694	1.970	-7.302	-3.754	-5.322	-3.523	0.997	12.313	10.489	34	Faces
10.484	3.834	6.725	-1.006	7.974	0.265	1.375	-1.801	3.812	-2.336	-3.099	-7.005	-6.912	-5.341	5.076	3.560	-0.815	10.739	-6.972	5.611	-6.785	-4.651	-13.054	-13.142	-3.782	-0.616	-11.210	-3.187	34	ScrambledCars
-3.689	-3.928	-4.132	-6.400	-7.465	1.003	1.241	6.814	9.210	7.497	14.487	9.301	-4.768	-9.518	-6.814	-3.879	1.024	1.619	-1.977	-0.692	-5.054	-5.798	2.337	-3.719	-6.659	-12.429	-6.420	3.386	34	ScrambledFaces
5.184	3.393	-6.051	8.051	7.210	-1.011	7.312	-0.769	-1.550	6.944	4.405	2.785	11.678	14.243	4.118	12.174	0.923	1.241	-7.911	22.239	17.085	-22.646	-19.937	-11.159	-17.573	-20.260	0.422	-2.030	34	Cars
1.062	6.219	-9.386	10.373	10.346	2.144	3.653	10.911	12.291	2.964	3.972	4.162	8.147	5.311	-8.392	2.237	-5.568	-21.824	-15.564	4.574	3.552	-0.258	-3.953	6.967	3.339	7.721	13.694	3.194	34	ScrambledCars
-7.802	-13.732	-10.894	-9.687	6.339	-5.321	9.785	6.651	15.937	13.593	21.005	14.572	12.528	12.033	0.390	-0.758	1.807	-2.145	13.281	0.555	10.646	2.310	2.342	2.865	-14.972	-14.615	-0.368	-4.689	34	Cars
1.736	3.497	-2.943	8.182	8.206	-0.768	-4.859	-9.514	-6.072	4.952	-0.470	4.617	0.054	4.344	0.088	10.563	0.975	-2.892	12.981	10.123	-3.520	8.963	-4.848	4.484	-1.595	-0.927	0.613	6.371	34	Faces
-1.466	8.411	-6.806	0.755	2.562	-4.450	7.283	-4.819	-2.922	1.107	-9.183	-10.499	5.942	1.493	3.755	9.138	13.420	-5.539	18.908	11.549	1.003	6.517	-5.017	0.921	0.100	-0.812	-1.000	-4.059	34	ScrambledCars
1.936	6.899	6.972	7.346	7.256	-5.783	-1.409	-6.064	-8.663	-3.585	-0.463	-5.998	2.563	6.339	-1.647	7.231	7.190	-5.863	7.092	3.412	10.102	5.044	-4.056	-0.051	-0.555	-3.441	-7.360	-4.535	34	ScrambledCars
1.645	9.209	7.529	6.883	8.334	6.385	10.977	5.584	-2.898	3.491	3.511	-3.555	6.209	1.674	-7.872	1.374	-1.430	-7.690	-4.292	2.007	1.403	-0.327	3.074	0.214	-9.773	2.278	-9.569	5.478	34	ScrambledCars
14.426	9.499	5.747	-4.116	-6.194	-3.912	-12.001	-10.063	-11.324	-10.859	-10.040	-6.257	-8.582	3.347	15.081	11.813	10.866	11.663	15.631	10.659	4.002	2.896	2.058	-0.929	-17.357	-24.813	-1.296	-20.916	34	Faces
8.534	20.958	2.139	24.460	10.169	1.657	1.918	-5.014	-6.833	-4.108	-14.850	-11.566	0.172	9.418	2.832	11.614	3.904	-13.816	4.261	18.240	12.478	1.438	1.575	1.303	-3.468	2.521	1.012	-6.316	34	ScrambledCars
4.689	14.408	1.564	18.268	9.206	-2.164	0.083	-5.462	-7.650	-4.750	-4.898	-14.486	0.796	4.641	0.547	15.619	15.396	3.326	17.734	20.832	9.840	18.424	-7.352	0.137	-8.359	-14.214	4.311	-19.959	34	Faces
1.108	-1.734	-4.811	-4.719	-1.243	1.505	4.487	-3.074	4.350	4.336	4.533	2.366	1.523	-1.174	5.238	4.164	0.292	-7.496	-6.747	3.516	-1.983	-2.326	-4.861	-2.456	-0.671	-11.979	1.403	-0.844	34	ScrambledFaces
8.715	-5.393	-9.377	-11.225	2.573	-1.906	-1.346	5.710	7.371	-0.599	7.660	5.928	-8.212	-4.014	0.740	-2.356	-3.967	0.140	-8.783	-5.187	-6.421	-2.553	2.692	-0.856	1.066	-4.477	-6.849	-2.388	34	ScrambledCars
5.962	6.150	-4.788	3.590	5.089	-1.608	7.029	-6.898	-10.033	2.582	-4.631	-5.946	1.201	9.540	7.130	12.780	8.359	-1.356	6.414	16.683	12.971	4.672	7.395	-2.404	-9.691	-10.285	-18.136	-5.654	34	ScrambledFaces
0.746	-8.275	-3.172	0.014	1.221	-1.137	0.485	-2.633	-0.080	4.317	-1.931	1.733	-2.525	-0.597	0.281	-2.028	-1.224	8.282	4.820	-4.680	-11.073	-8.492	9.292	-3.696	0.475	2.148	-3.017	-1.454	34	ScrambledCars
-17.534	-3.447	-0.222	-3.755	-6.132	-3.977	2.082	14.570	13.684	10.403	18.636	10.272	-7.352	-13.468	-7.288	-12.387	-9.133	4.013	-15.142	-10.602	-14.192	-14.137	-0.572	-3.874	8.563	-2.042	9.940	15.884	34	Cars
6.823	17.348	9.456	8.756	5.300	4.222	5.553	-4.090	-6.702	-1.056	-3.675	-6.751	-0.392	2.457	2.873	14.108	0.930	-7.111	5.548	10.558	8.705	-1.810	-2.345	-4.789	-10.696	-7.660	-5.863	-14.345	34	ScrambledFaces
13.310	3.825	6.705	9.345	4.022	3.691	2.422	-4.095	0.235	-3.366	-0.307	2.966	8.287	4.281	-2.466	-5.306	-9.446	3.395	0.029	-3.869	0.273	-8.308	2.735	-1.091	-3.023	-14.705	-7.547	-3.407	34	Faces
2.242	-0.325	2.860	3.799	0.590	0.900	-3.297	-2.713	-5.868	2.550	-4.608	-3.101	-1.320	2.315	0.724	-2.075	-3.808	-4.422	2.123	-2.976	11.234	8.067	-0.458	4.970	0.948	1.831	0.873	1.015	34	ScrambledFaces
0.519	2.467	5.816	1.341	6.672	-3.138	0.912	-0.536	-2.561	5.423	11.626	3.146	-3.494	-3.470	2.946	5.385	10.963	4.106	16.007	5.053	8.163	-3.633	0.960	-6.892	-18.222	-18.200	-5.502	-5.946	34	Faces
-7.933	-0.520	-7.547	3.977	3.102	4.193	6.330	-2.045	4.144	4.106	-1.611	-2.655	5.952	16.784	-2.681	0.935	2.554	-3.624	8.341	6.906	15.954	12.779	5.329	4.322	-5.815	-6.018	-6.445	-1.517	34	ScrambledCars
3.262	-1.913	-0.172	-5.191	12.691	1.868	-1.240	-0.329	-2.333	0.318	9.228	-0.409	1.957	0.518	-15.785	-6.708	-9.564	-8.687	-15.112	-1.933	2.039	7.062	16.535	-0.562	6.197	11.583	-9.735	-1.350	34	ScrambledFaces
2.841	5.304	7.895	2.593	6.826	0.626	-6.940	-6.227	-20.678	-9.276	-10.759	-5.430	-3.735	-1.885	15.043	13.368	21.780	16.619	15.116	11.084	0.937	7.463	9.139	-6.315	-20.207	-18.720	-14.334	-11.156	34	Faces
-1.551	-9.104	-7.597	-15.437	4.098	-1.692	-2.986	-2.771	-0.322	-0.460	4.778	8.002	1.259	2.193	-5.073	-4.264	-0.767	4.388	8.588	-2.521	-2.046	3.338	3.227	1.678	12.125	1.814	-15.785	5.691	34	ScrambledFaces
-17.606	-6.478	-2.492	-5.420	3.288	-1.064	8.140	2.401	-0.994	5.890	2.705	8.480	7.836	-2.652	-6.213	-11.862	-7.172	7.902	-14.765	-4.500	-9.828	-3.418	4.012	6.167	2.200	9.446	4.705	7.410	34	ScrambledCars
15.782	7.651	10.115	4.382	5.601	4.540	5.511	-0.713	-3.938	9.293	2.834	1.481	1.557	-0.374	-0.342	7.782	-3.905	-1.304	-0.962	3.951	1.853	-1.732	-11.933	-3.665	-19.016	-11.503	3.378	-0.651	34	Cars
-16.170	-5.381	-8.757	-2.821	2.812	-8.511	13.219	-3.121	5.830	10.376	8.208	13.598	13.667	13.282	-8.038	4.515	-4.648	-12.925	-2.374	9.615	3.958	-4.418	-10.656	6.126	0.552	8.103	14.432	7.889	34	ScrambledCars
6.962	16.453	14.680	15.232	10.169	6.287	0.783	2.303	-3.301	-7.967	-0.539	-10.595	-0.977	1.011	2.498	10.511	1.697	-8.832	2.039	13.119	11.395	-1.645	-14.451	-4.920	-12.377	-16.974	-7.490	-10.420	34	ScrambledCars
8.975	4.395	6.891	8.190	4.020	-3.420	-0.029	-12.077	-12.915	2.938	-1.247	-2.208	5.658	7.036	6.235	5.112	1.671	9.667	-1.256	3.575	7.403	6.948	-6.116	-3.426	-14.829	-14.422	-2.293	-2.135	34	Faces
-6.134	5.443	16.974	-0.601	8.007	5.552	1.783	-5.053	0.567	2.239	6.411	2.833	0.245	-4.044	4.737	-5.725	-1.561	10.798	4.524	-10.498	-7.859	0.660	7.477	-6.029	-16.296	-15.651	-14.265	0.854	34	Faces
7.100	3.921	3.748	4.561	-3.393	7.499	-13.175	-10.648	-17.767	-11.744	-16.372	-9.623	-1.256	2.514	6.390	-0.126	2.996	9.314	5.777	4.626	3.242	-7.527	8.746	-1.928	-8.994	-6.684	-12.133	-9.288	34	ScrambledCars
-3.343	-5.610	7.182	-9.457	6.134	3.049	4.572	0.285	-6.284	13.152	1.635	5.019	7.654	3.573	6.419	1.508	6.075	5.105	12.985	-1.319	0.057	-0.518	3.434	-1.624	-19.886	-13.447	-18.376	-2.276	34	Faces
-13.256	-14.680	-6.466	-11.955	-1.936	1.487	9.415	7.865	23.299	11.007	18.559	10.852	7.908	6.927	-12.934	-11.614	-8.885	-9.577	-14.748	-3.328	3.076	-1.102	-5.091	6.377	5.910	8.233	3.749	2.607	34	ScrambledCars
-3.596	-10.018	-17.072	-5.036	-7.913	-11.632	4.064	0.118	10.343	11.418	23.652	23.527	16.809	4.572	-11.409	-9.070	-7.598	-14.568	8.759	-10.087	0.523	-6.290	-1.280	11.932	8.931	20.391	18.018	24.832	34	Cars
-15.614	-13.049	-12.208	1.454	4.285	-2.811	8.457	1.674	8.163	14.904	22.050	25.021	9.767	0.410	-4.680	-6.814	-3.521	-7.601	1.954	-2.201	6.615	-6.184	3.011	9.626	-6.968	2.018	1.656	17.719	34	Cars
14.621	15.172	20.511	18.724	18.637	8.953	-0.044	1.691	-0.503	-2.286	1.818	-3.925	-2.950	3.041	-4.973	8.982	-1.254	-6.294	-5.459	11.072	8.559	-3.914	-5.761	-6.401	-16.673	-13.887	-23.691	-14.717	34	ScrambledFaces
-3.747	1.577	3.465	10.247	0.598	-5.840	-6.475	-5.889	-0.713	-7.358	-5.652	-0.780	-0.020	-1.279	8.911	5.682	3.461	5.920	4.008	-0.499	-8.973	1.339	1.816	-3.574	-7.002	-10.103	-13.879	-8.578	34	ScrambledCars
-6.316	-6.429	-5.629	-2.890	5.498	0.951	2.604	2.751	3.092	-1.199	5.968	-2.361	6.024	10.258	-7.411	-4.203	-6.463	-3.136	8.950	1.586	3.593	-7.530	0.724	6.574	2.473	-3.958	13.933	-6.167	34	ScrambledCars
13.687	5.693	7.550	2.956	2.806	7.346	6.496	-5.203	-2.569	9.404	6.850	5.337	3.449	0.071	-0.406	2.426	-6.624	-5.631	-5.174	-5.227	-1.651	-8.416	3.113	-1.744	-4.841	-4.103	-0.220	-3.165	34	Cars
-2.823	2.919	19.890	1.648	9.467	8.234	6.487	7.169	8.660	14.743	7.907	6.684	3.322	-1.538	-12.530	-3.653	-14.430	-6.530	-17.276	-4.111	-1.922	2.458	-0.275	-7.573	-4.040	-14.146	-4.922	0.203	34	ScrambledCars
1.303	0.673	12.494	15.250	6.853	7.340	4.639	3.150	-6.038	6.299	-3.998	-2.426	3.930	3.390	-6.422	0.504	-0.763	-4.018	13.626	1.848	3.279	5.573	-8.917	1.381	-2.581	-13.898	-7.937	-6.066	34	Faces
1.346	3.607	7.292	8.702	0.826	1.316	-3.918	-15.107	-9.977	-9.217	-5.947	-1.469	-0.837	1.331	6.933	6.100	9.308	11.702	6.176	5.598	4.848	7.960	3.820	-0.334	-9.606	-12.725	-5.439	-8.311	34	Faces
0.862	6.823	17.701	6.601	13.591	5.897	-1.210	-2.253	-7.458	-7.752	5.169	-8.999	-1.740	0.164	5.516	3.864	2.015	7.551	-2.900	-2.672	2.538	-0.377	6.371	-1.196	-14.493	-14.742	-8.652	-14.581	34	Faces
-12.954	2.461	-11.001	3.974	6.417	-2.515	-0.916	-3.348	-1.572	3.521	-0.661	1.964	2.221	2.477	17.427	12.689	14.813	6.029	11.081	10.811	4.227	-11.396	-13.702	-8.105	-9.716	-10.872	-10.345	-3.028	34	ScrambledCars
-4.126	0.696	-7.832	1.451	-5.982	-9.615	0.667	0.381	0.387	8.626	5.492	-3.274	3.740	-2.367	-2.624	8.645	6.095	-5.625	6.194	14.420	9.658	7.713	6.450	5.180	-4.175	11.991	4.195	-7.368	34	Faces
-3.886	-0.225	0.471	-3.110	1.186	-1.295	4.498	0.715	-3.968	3.778	0.672	1.522	6.913	3.997	-4.418	-1.763	-9.664	-5.398	-2.711	-3.908	-6.910	-1.873	-4.977	10.730	2.438	8.396	20.029	12.342	34	ScrambledCars
-4.794	-9.956	-5.449	-16.020	1.132	3.759	0.707	-3.204	-6.735	-0.226	2.185	8.014	-1.836	-2.529	-0.113	-7.032	-2.095	14.580	-7.516	-9.576	-9.307	-2.079	4.233	-3.846	2.322	10.312	10.001	5.573	34	ScrambledFaces
-8.678	-1.961	-10.849	9.055	-3.657	-2.720	5.340	3.854	11.041	4.480	21.665	13.782	2.976	7.439	-1.787	-1.145	-7.121	-5.849	-14.740	2.356	6.406	-2.463	4.738	-2.425	-5.717	4.327	-10.771	8.432	34	ScrambledCars
-12.178	-11.184	-5.203	-5.978	-0.249	-4.578	-6.043	-1.478	-7.413	0.804	1.298	6.506	-0.551	-1.841	-0.966	-8.627	-10.268	-0.280	12.693	-3.404	1.887	3.863	4.809	2.004	7.798	2.263	-2.666	6.046	34	ScrambledFaces
5.702	1.525	0.138	-7.726	-6.639	-10.617	-10.370	1.314	18.891	3.367	19.387	13.566	-11.687	-18.775	-2.518	-2.087	-8.017	-4.343	-11.204	-6.809	-15.729	-5.155	-7.125	-6.425	9.520	7.480	5.791	16.089	34	ScrambledFaces
-1.863	-7.060	-9.552	-7.194	-2.607	-9.503	7.766	12.529	13.128	14.070	18.252	17.775	-3.173	-7.903	-3.487	-3.937	-10.688	-7.067	-13.597	-6.274	-6.053	-16.763	-13.255	-6.668	1.540	13.180	18.206	15.257	34	ScrambledCars
-8.320	-10.417	-2.166	-5.011	-7.116	-6.869	-1.275	2.193	-0.300	4.922	8.481	1.891	3.331	2.238	2.510	-4.185	-6.141	4.870	4.976	-4.916	7.319	4.324	11.998	1.642	3.443	-0.528	-7.355	3.770	34	Cars
13.847	7.641	4.474	-0.298	2.564	-4.752	-4.240	-7.570	-8.197	-2.015	3.622	1.679	1.283	3.695	-2.481	4.694	4.586	2.134	0.206	8.690	1.656	9.301	-12.491	3.174	-6.517	1.680	-2.799	5.503	34	Faces
4.960	4.111	7.452	6.090	-12.152	-18.480	-20.346	-4.247	-9.528	-11.087	3.039	1.839	-9.452	-9.901	12.520	7.016	4.653	16.036	14.838	6.636	-3.841	-6.083	0.893	-8.066	-0.217	-2.809	-0.188	3.281	34	Cars
2.331	9.733	1.139	19.667	6.647	-4.687	-0.493	-10.429	-12.352	-13.944	-0.509	-0.046	4.677	8.140	6.973	6.050	6.096	0.102	6.404	5.260	0.385	9.084	-0.581	1.815	-5.711	-7.375	2.063	-2.569	34	Faces
6.977	11.858	4.974	10.032	6.765	9.630	9.769	4.943	5.781	5.793	4.157	-3.191	-1.454	-0.619	5.564	6.812	-4.651	-8.515	-3.912	-0.160	-4.037	-14.104	-4.910	-8.901	-11.087	-10.058	-6.899	-12.643	34	ScrambledCars
-11.504	-10.974	-10.384	2.237	-1.605	5.333	3.718	2.781	4.502	2.706	11.019	0.950	1.981	2.777	-6.550	-7.067	1.427	-3.234	-3.739	3.693	2.445	3.563	-3.945	3.102	0.705	3.301	0.789	3.407	34	ScrambledFaces
1.763	-0.823	-2.479	-1.059	-2.679	-5.316	-7.570	-9.091	-11.813	-14.520	-13.476	-9.079	-4.595	0.827	12.483	4.244	10.920	12.543	-9.165	1.912	4.435	18.844	4.877	5.128	4.963	-4.144	0.117	-7.336	34	ScrambledCars
-1.199	-1.551	6.932	-10.333	-1.150	0.193	-3.289	7.609	-2.239	8.179	6.165	0.912	-4.433	-4.164	0.943	-6.153	-7.353	0.940	20.411	-8.460	-5.293	-2.616	-9.152	-3.920	-2.335	-1.434	11.799	-1.384	34	ScrambledFaces
4.338	3.781	8.242	-2.401	-1.038	-0.868	-13.588	-7.592	-8.120	-2.585	-5.154	-2.158	-11.538	-7.956	7.622	8.862	14.229	9.859	5.187	1.237	-4.365	3.178	3.186	-5.368	-11.226	-5.962	-1.955	6.503	34	Cars
-5.715	0.623	-0.909	7.709	1.078	4.927	5.767	-4.031	-0.543	6.647	7.774	-3.334	8.021	5.252	5.435	9.392	12.146	10.554	8.369	4.792	9.875	1.213	-6.326	-2.530	-19.759	-14.437	-0.791	-8.755	34	Faces
4.238	8.485	-1.544	10.025	5.815	6.909	-2.577	-3.529	-4.583	-8.386	-4.876	-14.395	-1.161	2.038	6.240	8.278	11.170	2.256	2.535	6.387	2.008	0.943	2.368	-4.527	-7.112	-9.386	10.232	-13.260	34	ScrambledCars
8.994	9.355	9.260	2.968	4.479	-3.293	-5.186	3.269	2.239	-3.688	-4.209	-5.327	-6.999	-4.818	0.131	10.839	6.609	0.899	14.185	9.760	1.445	-3.325	-3.485	-11.341	-12.172	-11.756	-7.941	-8.925	34	ScrambledFaces
0.589	8.806	5.257	12.700	7.689	7.193	5.153	1.374	5.527	3.382	12.349	-0.514	0.982	-0.978	3.295	13.911	5.882	-14.573	0.533	10.293	-3.386	-8.529	-4.229	-2.874	-12.390	-19.070	-3.105	-6.212	34	ScrambledFaces
-0.962	2.445	5.294	2.263	-4.460	-3.259	-8.451	-9.028	-11.892	-2.371	2.827	11.941	-6.335	-7.132	-4.379	-6.027	-2.817	4.346	10.912	-2.109	-13.014	4.312	2.566	6.044	0.523	8.223	2.054	12.582	34	Cars
-0.436	4.466	10.489	6.892	-4.679	10.851	5.484	9.061	8.807	8.216	9.445	2.812	3.464	-4.677	-0.384	-5.231	-2.891	2.586	-10.927	-9.383	-15.798	-14.935	-0.194	-7.834	-5.209	-1.227	0.525	-7.395	34	ScrambledFaces
-7.650	-5.832	-11.528	6.681	-7.833	-7.526	8.066	2.950	7.192	12.122	12.977	14.580	6.073	-2.970	-6.301	1.406	-3.391	-10.451	3.328	1.831	-4.868	0.240	1.298	6.965	4.467	13.722	3.407	16.578	34	Faces
-10.452	-8.489	1.676	-10.306	-7.418	0.835	6.943	11.406	10.619	11.790	9.288	7.788	3.061	-5.123	-6.961	-4.412	-9.794	-2.950	-1.560	-3.694	-10.587	-6.903	-13.323	-1.881	7.156	7.687	5.252	5.333	34	ScrambledFaces
-3.099	-0.651	-2.627	-5.801	-1.182	-7.576	5.967	-3.606	0.129	5.845	7.859	10.698	12.045	2.651	-1.698	-0.979	2.897	2.922	14.012	-9.317	-4.219	0.559	-1.821	3.496	-9.492	-1.982	16.074	2.492	34	Faces
11.312	-3.576	1.730	-4.559	3.046	5.230	5.529	-1.395	-3.572	0.946	-3.924	6.112	0.670	3.765	-1.673	-9.525	-5.640	9.515	-19.493	-7.138	2.422	-6.174	-4.331	-1.871	-13.873	-9.904	5.579	6.061	34	Faces
-3.698	1.106	0.500	9.797	11.353	0.492	2.946	-8.638	-13.263	-8.870	-6.662	-1.954	0.645	11.799	-1.671	6.353	1.731	2.644	9.503	13.806	11.564	6.280	-0.015	2.837	-7.211	-7.241	-10.785	-4.002	34	Cars
-40.758	-9.012	-1.905	-0.405	-4.320	1.417	4.813	12.064	21.453	11.701	24.528	14.650	0.801	1.895	-9.160	-11.390	-12.964	-3.382	-32.721	1.112	-5.910	3.964	4.863	2.907	1.805	1.226	19.310	6.259	34	ScrambledFaces
-19.123	7.192	10.537	3.716	-1.722	-0.256	3.308	-3.412	-8.169	1.595	-6.266	4.541	-2.254	-2.704	2.585	-0.511	-7.576	2.232	-8.036	-4.214	2.821	-6.626	0.635	-0.708	-9.870	1.458	0.807	6.401	34	ScrambledCars
11.785	-8.223	-12.624	-10.578	1.491	-6.849	5.688	-1.420	9.330	15.646	11.972	6.663	-1.386	-4.115	-1.418	1.419	-5.892	-8.751	-0.512	-4.301	4.620	-16.384	-10.938	-3.077	8.376	21.566	2.029	4.472	34	ScrambledCars
2.781	6.437	6.528	8.744	-1.774	7.251	2.777	-8.565	-11.463	2.752	-1.543	-3.289	2.349	1.837	7.161	8.715	9.942	7.808	12.689	8.562	0.202	2.811	-2.790	-1.771	-21.333	-15.278	-3.723	-6.022	34	Faces
20.213	0.117	-1.666	-1.633	5.896	-0.809	-0.501	-3.021	1.320	-0.193	-3.186	2.983	-2.853	-4.375	-5.291	-5.774	1.115	1.200	-6.401	-5.972	-7.942	2.328	4.195	-1.909	-1.934	-8.310	7.099	5.594	34	ScrambledCars
4.579	0.032	3.216	5.227	4.274	2.900	10.422	-1.819	-4.725	-2.396	2.878	-6.637	11.704	13.903	-6.147	0.295	-1.985	1.590	-1.932	5.185	5.282	9.824	-2.342	4.545	-2.165	0.067	-4.195	-5.658	34	ScrambledFaces
