FP1	F3	F7	FC3	C3	C5	P3	P7	PO7	PO3	O1	Oz	Pz	CPz	FP2	Fz	F4	F8	FC4	FCz	Cz	C4	C6	P4	P8	PO8	PO4	O2	ID	Condition
-3.830	-8.210	-4.048	-3.738	-4.102	-0.062	1.676	2.793	11.116	0.754	3.364	2.035	-2.068	0.034	1.062	-5.418	-1.692	1.962	1.092	-2.380	-3.290	-0.788	-1.761	1.179	2.161	-0.888	-3.065	-2.415	35	ScrambledFaces
2.350	-5.500	-3.839	-4.984	-5.641	6.405	-0.717	6.056	8.420	-5.316	3.777	0.330	-9.120	-7.161	-0.698	-2.483	-1.433	4.513	-2.187	-7.707	-6.731	-0.273	3.825	4.499	6.904	11.330	0.162	3.622	35	ScrambledFaces
-2.510	0.205	-2.565	-4.329	-8.364	-2.869	-4.506	2.808	10.026	1.133	5.750	-2.595	-5.180	-6.989	-2.569	-0.767	-2.897	-8.498	-2.240	4.751	1.576	-7.062	-3.814	-7.352	3.947	6.219	-2.473	1.125	35	ScrambledFaces
-7.277	-3.537	-1.024	1.093	2.993	-10.532	7.019	3.074	12.506	-5.687	4.207	3.804	-3.391	8.388	-7.533	-0.651	-1.823	-4.185	-4.286	6.851	13.980	4.165	1.112	1.725	-1.265	5.426	2.514	1.788	35	Cars
0.192	-4.098	4.636	-6.545	-10.996	-4.316	-5.861	4.937	10.614	1.315	14.863	6.169	-12.754	-8.092	2.085	-5.780	-2.568	6.087	-2.552	-8.423	-18.501	-6.308	-2.407	-7.530	4.010	5.539	1.719	11.262	35	ScrambledCars
-1.949	-3.204	-6.686	-1.708	-1.626	-1.642	2.613	9.565	9.908	2.815	9.978	5.430	1.127	3.546	-2.535	-2.794	-4.125	-8.337	-6.470	-0.543	-0.017	1.152	-8.569	2.327	-4.628	4.356	15.570	11.020	35	Faces
4.771	0.772	-1.153	-1.336	-6.810	-17.622	-5.370	6.571	5.148	7.539	1.955	1.703	0.981	-3.741	0.282	-0.289	1.723	5.094	0.199	-2.266	-4.114	-0.032	-0.484	-0.953	0.968	0.442	-1.938	1.348	35	ScrambledCars
-2.725	-5.989	4.612	-4.649	-5.729	-5.356	-6.108	-4.061	11.463	6.937	6.436	2.983	-8.388	-6.247	-5.279	-10.569	-5.331	0.934	-9.005	-10.490	-6.052	-1.346	-4.513	-6.853	0.663	7.764	-2.147	3.999	35	ScrambledFaces
3.521	-0.532	-0.920	2.023	-4.643	8.573	-5.034	-1.351	7.730	-2.772	6.226	0.535	-2.407	-5.303	2.057	1.262	7.501	4.508	4.518	-5.274	0.123	-7.854	0.372	-9.342	-3.392	-1.341	0.586	1.545	35	ScrambledFaces
-5.931	-4.782	-11.079	-10.217	-8.010	-13.958	3.486	13.261	15.838	8.393	17.197	5.426	-0.397	0.600	-0.974	-3.192	-1.177	-5.760	2.228	-5.069	-3.396	0.357	-5.723	-3.722	0.424	4.181	4.686	10.295	35	Faces
1.041	7.035	3.109	-0.506	-5.179	-7.153	1.997	1.689	-2.247	-6.652	1.371	-1.475	-0.575	0.759	7.652	5.566	3.868	2.581	-0.742	3.925	1.959	-7.240	-2.141	1.694	-0.897	-0.927	0.372	-5.413	35	Cars
-10.034	-9.367	-4.244	-6.524	-3.651	2.870	1.268	2.346	17.395	4.223	34.460	9.807	-2.206	-6.199	-11.383	-11.042	-12.963	-10.574	-9.464	-10.614	-10.275	-4.556	-6.038	1.105	5.000	13.738	8.219	18.490	35	ScrambledCars
-1.272	-10.394	-2.840	-5.422	-9.290	-1.183	-1.638	0.156	13.106	1.102	19.529	3.547	-8.881	-6.156	-5.662	-6.046	-8.206	-0.821	-10.453	-7.796	-8.965	-9.737	-5.321	-9.818	5.853	14.696	2.094	6.834	35	ScrambledFaces
6.643	1.763	-3.562	3.487	0.545	-17.651	-1.563	-6.797	-5.636	2.961	-2.917	-5.732	-1.039	6.167	1.102	7.658	7.847	3.692	4.890	8.651	7.234	2.327	2.869	-0.586	-3.560	-3.741	0.453	-5.999	35	Cars
-0.771	-1.776	-5.204	-2.231	1.337	-0.242	0.710	-12.272	-0.126	3.785	3.837	-1.656	11.325	2.785	1.662	6.914	5.705	-1.347	6.113	5.869	8.913	-2.153	3.432	1.437	-0.088	1.479	3.576	-2.077	35	ScrambledCars
-9.075	-14.688	0.010	-6.579	-0.781	4.849	4.085	-6.273	16.886	11.795	9.417	8.745	-0.944	-4.069	-6.254	-16.451	-14.459	-7.253	-6.852	-13.227	-6.067	-5.554	-4.253	0.149	6.383	9.331	8.655	12.785	35	Faces
10.120	10.758	2.161	7.731	1.726	3.975	2.214	7.573	-15.823	-0.923	-13.112	-7.987	-4.764	11.458	6.213	11.174	7.502	-2.539	10.284	13.283	9.374	3.338	6.597	6.954	-7.565	-8.795	-2.233	-3.672	35	Cars
-9.553	-9.384	-10.947	-3.550	-2.141	-6.737	4.310	-5.317	9.631	12.726	15.164	7.056	7.706	5.082	-4.165	-2.042	-3.332	-9.846	-3.321	3.922	4.047	4.918	-1.938	1.764	6.277	8.728	8.697	9.991	35	ScrambledFaces
-4.502	1.795	-1.308	-3.394	-6.708	-7.387	-4.922	1.867	7.429	-4.514	1.047	4.604	-8.786	-8.665	-2.436	0.070	4.803	0.798	2.238	-2.517	-6.722	-3.356	-3.548	-0.285	5.129	10.495	0.459	14.194	35	ScrambledCars
2.255	5.772	1.575	-0.733	-3.608	-2.993	-0.118	-7.468	7.363	-7.199	4.240	1.073	-18.418	-5.874	3.532	2.770	1.894	2.666	-3.179	2.752	-1.359	0.526	-3.089	-7.950	-1.155	-1.374	-4.254	5.676	35	Faces
6.763	-4.197	7.083	3.441	-0.748	10.501	12.072	-4.066	-5.300	-2.221	-5.309	-6.155	-3.671	-1.029	6.298	-0.386	4.127	4.621	2.732	2.305	3.320	4.384	-0.175	-4.743	-4.967	-5.208	-7.367	-17.814	35	Cars
-3.369	-6.543	1.861	-2.192	-2.564	12.456	4.192	-10.615	3.983	-1.902	-5.156	-1.495	-4.582	-5.208	-6.697	-6.051	-0.709	0.626	3.329	-7.212	-0.622	5.688	2.914	-5.168	1.043	0.102	1.819	7.736	35	ScrambledCars
-3.054	-2.975	-0.619	-7.946	-4.886	3.894	-2.021	3.760	9.167	-1.165	4.331	3.685	-1.145	-4.805	-1.004	-6.620	-4.757	3.171	-4.833	-14.538	-9.891	4.417	-0.944	4.557	-0.878	0.982	-0.499	2.529	35	ScrambledCars
9.190	2.429	11.436	0.135	-1.162	-1.467	6.024	-11.136	-3.969	1.162	-8.629	-2.503	-0.129	3.393	4.127	-4.345	3.987	5.884	-3.854	-1.814	-3.689	-1.960	-0.177	1.483	-3.555	-7.943	-2.956	0.127	35	Cars
2.342	-7.599	-0.515	-10.273	-3.947	-7.172	3.349	17.037	11.562	6.541	9.564	5.523	1.438	-3.771	-5.546	-12.310	-7.054	-3.105	-8.343	-9.948	-9.843	-9.447	-5.315	-4.986	3.899	10.048	4.724	5.600	35	ScrambledFaces
-4.416	-1.022	-5.305	-6.254	-7.201	-12.534	-1.699	-0.241	9.915	18.846	17.087	9.898	2.667	-6.441	1.609	-6.739	-7.230	-2.679	-10.422	-9.319	-7.070	-9.678	-3.580	5.505	2.207	5.848	6.156	10.062	35	Faces
-14.319	-13.058	-2.549	-12.091	-14.480	-1.079	6.200	22.426	23.282	13.712	27.185	17.710	3.537	-11.723	-11.942	-13.796	-9.219	-6.983	-16.217	-13.470	-11.677	-12.486	-0.611	-8.076	3.886	13.618	8.879	10.863	35	ScrambledFaces
-5.942	-12.034	-2.352	-7.760	-7.012	8.571	-4.897	2.151	9.069	-6.883	18.001	6.400	-2.850	-9.834	-7.932	-13.451	-11.556	-7.678	-8.599	-11.695	-10.304	0.980	-3.232	1.419	10.414	16.489	6.710	28.837	35	ScrambledFaces
1.145	-0.508	-0.068	0.516	-0.594	12.356	-4.602	10.819	14.599	-1.196	2.550	3.673	-7.777	-1.911	1.308	2.560	-2.444	-3.512	-2.606	2.196	-3.146	-8.833	-2.927	-5.662	-0.432	1.932	-1.215	-3.823	35	ScrambledCars
-0.188	-2.531	-2.992	-5.378	-5.336	-0.987	-6.120	9.061	6.894	-8.888	7.717	3.264	-7.837	-4.643	2.332	-6.400	-3.097	2.574	-6.649	-9.304	-9.324	-3.030	0.734	-1.490	1.864	2.493	-0.276	8.039	35	Faces
-10.757	-10.528	-6.413	-12.126	-8.490	-7.500	3.790	4.714	18.066	7.226	15.395	10.220	5.457	-4.171	-7.330	-13.168	-7.074	-6.176	-6.547	-8.333	-8.046	-12.715	-5.960	-3.746	0.811	11.845	5.546	14.893	35	Faces
3.367	1.020	-3.319	-0.494	-3.105	-11.819	0.578	8.209	6.037	6.783	8.391	4.370	-9.187	-3.922	3.561	0.808	-2.354	-2.911	-5.736	-1.305	1.312	-1.666	-3.925	-2.531	0.338	4.421	1.492	-1.541	35	Faces
-2.156	-2.147	1.534	-0.928	-0.200	-1.923	3.920	-9.190	7.791	11.648	5.642	6.566	-14.496	-2.218	-5.995	-10.675	-6.501	0.123	-2.207	-5.828	-1.751	-5.702	-3.743	-5.367	-1.121	0.547	2.659	3.964	35	ScrambledFaces
-4.432	-7.435	-5.468	-3.172	-3.413	0.850	-1.093	10.684	12.291	3.755	10.163	5.521	-2.212	-1.802	0.221	1.786	2.436	-4.964	1.922	-0.764	-1.712	-2.639	-2.500	1.127	0.046	6.296	1.164	7.658	35	ScrambledFaces
-3.979	-5.327	-5.995	-5.227	-5.406	-4.087	0.945	-5.946	8.010	0.925	7.696	5.218	-5.878	0.044	-1.484	-2.862	4.405	2.459	-1.527	0.042	-2.580	8.962	7.935	5.891	4.982	6.667	6.916	1.465	35	Faces
2.338	-6.172	-3.209	-5.556	-4.568	4.703	-3.399	15.304	9.684	-13.369	8.015	-0.099	-9.462	-9.637	1.269	-4.670	-2.830	-0.045	-5.310	-5.228	-8.152	2.723	-0.126	0.432	4.315	8.705	1.592	-3.228	35	ScrambledCars
-2.899	3.917	-0.103	4.937	1.701	3.394	3.847	-14.397	-2.435	10.830	-2.650	-0.346	12.966	4.894	-3.213	0.841	-1.042	-2.161	-0.576	2.504	7.240	4.166	-2.962	3.208	-6.812	2.005	1.985	6.643	35	Cars
6.066	-1.006	3.651	-3.133	-4.996	-3.313	-5.701	-1.075	3.957	-2.421	-1.642	0.154	-9.540	-7.709	2.597	-3.706	-1.576	-0.264	-4.784	-1.161	-8.604	-10.358	-1.928	0.552	-2.604	5.503	-1.700	9.304	35	ScrambledFaces
-1.421	-7.802	-6.031	0.209	2.920	-19.684	2.026	-8.752	14.913	7.054	8.987	5.341	-8.213	1.863	-7.185	-2.934	-7.499	-7.946	-7.530	-2.230	-0.387	-8.305	-3.094	-7.498	4.509	13.494	2.634	9.553	35	ScrambledCars
2.765	0.037	4.853	2.342	-5.648	1.492	2.386	3.019	4.027	-4.375	3.028	-3.256	-13.047	-6.665	1.009	0.725	3.084	-1.580	-0.326	-2.476	-6.867	-4.225	-4.731	-3.205	-1.391	-2.984	-6.412	-2.697	35	Faces
4.124	4.386	4.991	5.254	-6.324	15.815	-4.572	0.211	3.934	-6.598	-2.981	-4.682	-6.489	-5.488	2.511	1.440	1.862	4.757	2.660	-1.182	-4.027	-2.392	-3.535	-11.889	-5.046	-4.246	-9.585	-3.463	35	Faces
4.065	-1.913	-2.025	-4.750	-5.289	16.090	2.781	6.046	10.708	-4.763	6.273	3.958	-6.355	-6.853	2.802	-6.537	-2.462	-2.405	-3.094	-4.856	-11.463	-9.757	-3.688	-6.873	-2.359	6.799	0.997	3.196	35	Faces
-0.486	-1.001	1.541	-5.625	-0.958	7.631	-8.213	8.305	16.017	-3.179	6.153	6.472	-2.949	-7.648	-0.010	-8.759	-3.844	3.019	-7.861	-13.996	-18.047	-10.526	-4.898	-2.408	5.206	4.368	1.304	5.185	35	Faces
4.322	-2.188	1.170	2.384	-4.133	6.327	-1.711	-8.344	-8.317	1.738	-3.592	-5.879	-1.384	3.032	5.583	7.949	5.752	4.299	-1.331	8.010	2.337	-0.267	-1.302	11.184	-11.454	-6.713	-5.426	10.056	35	Cars
-4.287	-5.465	-4.318	2.345	-1.505	-1.926	2.039	-1.276	-2.065	3.674	0.067	1.626	6.395	5.679	3.421	7.898	6.817	0.735	4.363	7.842	10.186	-0.393	-2.788	3.067	-3.883	-1.069	4.541	-1.711	35	Faces
3.609	4.679	8.245	9.287	2.434	12.502	-2.537	0.523	-2.511	-2.685	-4.489	-5.926	1.949	1.401	0.689	3.486	-0.325	3.293	1.311	0.772	-4.685	-3.765	-2.139	5.267	-8.172	-6.356	-3.953	0.316	35	Faces
6.122	2.226	3.238	-5.140	-7.722	2.672	0.966	-3.016	11.773	1.181	4.301	6.178	-5.618	-5.601	4.491	-1.228	5.373	3.921	-1.037	-6.954	-12.122	-8.028	-3.553	-11.814	-2.245	-0.143	-2.314	-8.914	35	ScrambledCars
4.225	10.270	3.704	-0.772	-0.129	0.097	-1.297	-17.101	-8.511	-8.815	-11.554	-6.636	-3.585	-1.120	7.745	9.723	8.082	2.707	2.108	3.735	2.117	2.264	-0.561	-6.012	-1.321	-5.030	-1.113	6.718	35	Cars
-9.546	-4.653	-3.950	-3.076	3.243	1.264	4.974	12.986	12.339	5.524	15.705	5.293	1.144	0.673	-4.534	-2.620	-11.139	-6.894	-9.854	-3.775	5.703	-8.783	-5.248	-8.499	-3.129	5.398	3.692	3.698	35	ScrambledFaces
-5.510	-7.882	-10.447	-4.768	5.200	-5.672	7.091	9.203	2.511	3.560	3.226	0.757	6.523	10.726	-1.199	4.297	4.561	-0.676	9.776	4.315	1.665	4.251	6.943	3.307	3.008	1.189	5.418	-5.242	35	Faces
0.499	6.410	-0.520	0.332	4.152	10.063	-2.757	-5.110	-1.974	-4.811	-5.613	-3.507	-4.431	1.316	2.359	0.257	-1.130	3.018	1.175	0.564	1.739	-0.207	-2.224	8.639	-4.940	-0.774	-4.187	0.140	35	Cars
-1.046	-3.125	1.518	-2.459	2.833	7.166	2.237	3.805	9.612	5.148	7.438	-0.932	-8.561	-7.011	-3.341	-2.101	-0.978	-4.147	-2.834	-0.057	-3.090	-5.366	-2.293	-7.653	1.187	3.240	-3.994	1.990	35	ScrambledFaces
2.624	9.462	6.480	5.890	-1.152	1.243	-5.701	1.278	-4.754	-2.599	-7.057	-4.575	0.715	0.437	7.248	7.486	2.149	3.474	1.223	3.242	-2.598	0.197	3.429	3.463	-4.848	-1.867	-1.686	-6.391	35	Cars
0.629	4.338	7.754	4.511	1.362	2.248	-3.839	0.328	-5.774	-4.747	-2.735	-4.309	-8.451	3.990	2.290	2.907	9.796	4.436	5.212	6.360	6.869	5.733	-0.860	-10.188	-1.499	-2.233	-0.549	-11.535	35	ScrambledFaces
-1.278	-1.786	-4.000	-2.267	-1.018	-6.617	-0.622	-3.243	8.925	6.332	1.018	7.481	3.918	-5.596	-4.619	-5.438	-5.480	-7.234	-0.990	-6.957	-7.431	43.720	-7.964	-3.998	-2.103	-0.073	-0.576	2.449	35	ScrambledCars
-9.579	-10.995	-6.504	-8.661	-3.548	-4.698	4.903	7.527	13.371	10.035	18.730	12.773	7.198	-0.397	-7.207	-12.012	-11.764	-6.478	-7.140	-12.433	-9.759	-8.779	-1.320	-2.784	4.477	15.041	8.070	19.030	35	ScrambledCars
-0.270	17.154	-7.464	12.756	-8.021	-16.585	-7.523	-3.820	-1.279	-0.473	-0.327	-1.335	-0.108	-1.139	4.834	0.455	9.515	11.264	4.029	4.779	1.492	12.915	2.875	-28.558	-1.146	-2.228	-1.259	9.727	35	Faces
2.907	0.860	2.200	-1.306	-1.849	-15.650	-4.253	11.659	0.662	0.509	0.666	0.151	-2.257	-1.926	3.531	4.522	5.168	0.207	-0.263	-1.253	0.731	-6.533	-4.962	-3.287	-8.646	-0.178	-5.009	9.461	35	Faces
-1.711	-0.959	-0.625	0.414	-4.687	19.978	0.127	0.024	8.235	-4.931	1.317	0.304	-5.288	2.730	-4.898	1.316	-0.723	-4.970	-2.055	9.619	4.527	1.163	1.882	-2.278	-0.933	2.510	-4.077	3.937	35	Faces
-6.288	-8.388	-3.843	-4.023	-4.551	-25.285	2.782	-11.391	-6.519	1.664	3.434	8.367	4.444	-1.157	4.698	-6.497	4.332	5.870	6.096	-3.881	-7.618	2.234	4.274	0.624	3.510	10.654	6.566	11.099	35	Cars
-3.392	1.915	1.578	-8.057	-8.725	0.652	0.011	14.468	15.930	10.774	21.753	11.046	-4.741	-14.125	-6.978	-14.542	-11.482	-6.912	-12.854	-20.464	-23.582	-11.254	-3.935	3.938	6.569	12.516	6.369	20.158	35	ScrambledFaces
-6.659	-2.358	-0.155	-3.692	-5.105	-12.913	-0.700	-1.801	8.189	-1.772	0.794	4.849	8.522	-3.134	-1.977	-5.911	-2.238	3.819	-1.118	-4.570	-1.870	-0.865	2.051	-3.004	9.126	7.924	2.080	1.011	35	Faces
-3.650	-3.265	7.073	0.793	-1.753	-13.000	-2.769	11.600	7.326	0.936	0.176	-3.385	-5.208	-1.640	-2.439	-6.482	-5.186	-1.015	-9.997	-8.062	-6.185	-2.316	2.056	-8.890	2.519	6.927	-0.668	4.650	35	ScrambledCars
1.846	-0.450	9.005	-5.803	-1.830	-12.541	-0.093	-8.333	4.948	-5.212	4.217	2.216	-8.972	-5.807	-0.861	-2.615	-3.411	-0.533	0.410	-7.679	-3.955	0.504	-2.497	-13.368	-0.849	2.362	4.272	3.326	35	Cars
-1.324	-3.572	-4.028	-5.903	0.845	-16.327	-0.830	-9.811	6.809	-1.715	4.634	-0.029	-4.482	2.430	3.707	1.208	3.386	3.527	3.046	1.778	6.772	-0.673	0.728	-9.029	2.321	4.170	-0.877	-2.229	35	Faces
4.895	-0.261	1.063	-0.377	1.290	4.196	-11.183	-7.027	-6.892	-9.590	-3.113	-6.395	-8.689	4.601	6.586	6.412	7.936	6.400	7.569	7.502	0.482	9.322	9.338	-2.961	0.657	-0.770	-1.305	-4.453	35	ScrambledFaces
8.580	3.490	1.082	-0.417	-5.061	-0.848	-1.247	6.126	-4.479	5.279	11.974	10.916	3.333	-2.106	1.680	1.455	3.843	-2.559	6.542	-2.320	-7.002	-2.663	-3.763	-5.813	-5.223	2.475	5.830	6.111	35	Cars
-2.113	-11.680	0.386	-9.039	-7.715	-23.331	4.210	19.811	18.200	9.827	8.044	9.082	-6.213	-7.216	-5.480	-13.417	-8.132	-0.921	-15.203	-14.326	-8.303	-10.618	-0.951	-2.453	11.770	14.898	4.777	13.284	35	ScrambledCars
-2.960	-3.860	-2.468	-5.543	-1.024	4.623	8.512	15.525	15.072	5.116	12.397	6.203	-5.040	-0.253	-1.547	-4.705	-7.273	-9.721	-10.656	-4.451	-6.178	-2.453	-2.004	-9.628	-3.042	7.711	2.860	9.215	35	Faces
6.390	0.691	-2.732	-1.551	-2.796	0.946	1.298	-7.556	8.066	0.264	8.247	4.308	-6.608	-3.380	0.776	1.435	2.797	-2.706	-1.335	0.433	-4.688	-4.449	-5.457	-2.888	-5.809	-2.532	-2.187	4.125	35	Faces
8.210	16.120	2.567	7.906	3.159	-4.491	3.965	-14.994	-5.338	3.561	-1.433	-2.330	5.746	6.058	6.759	6.371	7.510	5.514	4.457	10.896	8.794	8.616	-2.404	-11.000	-6.952	-7.167	-0.145	-14.474	35	Cars
3.353	-3.617	-0.889	-8.394	-4.662	-6.739	0.737	-9.334	4.240	1.360	8.716	7.805	-6.480	-4.855	7.358	-3.228	-0.711	2.927	-0.766	-5.170	-6.066	-5.667	-1.129	-3.677	2.029	-1.422	0.932	8.540	35	Faces
-15.498	-1.983	-7.563	-5.152	-5.731	-25.390	4.098	-4.891	13.282	5.761	16.815	10.568	5.787	-2.523	-8.424	0.183	-1.248	-6.826	-0.010	2.887	2.494	-3.582	-1.437	2.576	7.651	18.709	12.329	11.510	35	ScrambledFaces
1.625	4.967	2.008	-4.298	0.187	5.083	2.526	31.368	10.274	7.571	1.616	4.793	-9.892	-0.463	-6.382	-7.235	-9.742	-4.838	-3.584	-5.746	-0.137	-1.843	-5.935	-5.794	4.757	10.760	2.663	-3.389	35	ScrambledFaces
0.182	7.459	5.354	8.549	1.949	10.289	0.039	-2.658	0.308	-1.312	-5.187	-6.712	-1.111	1.598	-0.868	10.223	3.794	-7.667	0.375	9.477	2.455	1.039	-8.917	8.477	-10.307	-8.689	3.130	-0.141	35	ScrambledFaces
-2.912	-4.626	-3.803	-0.487	-9.144	-3.326	-8.087	14.413	0.013	0.829	-0.555	3.619	-9.053	-6.901	3.937	-3.045	5.378	4.405	-1.057	-2.536	-7.027	1.415	2.019	-1.293	2.819	3.856	-1.948	4.552	35	ScrambledCars
-1.207	-2.885	0.643	2.363	0.384	2.557	8.898	11.332	5.430	1.661	4.931	1.852	-8.411	-4.156	-0.978	-3.761	-6.813	-8.190	-5.572	-2.248	0.331	-7.762	-7.198	1.058	-0.183	6.465	-0.400	2.575	35	ScrambledCars
-5.893	-6.959	-3.095	-3.232	-3.118	7.135	1.109	6.234	12.137	1.663	6.070	7.166	-0.163	-0.216	-5.732	-2.461	-4.095	-9.226	-2.973	0.099	4.483	-4.059	-3.719	0.150	1.900	10.300	3.795	8.138	35	Faces
-5.427	-5.667	-1.072	-6.448	-2.117	-17.971	0.134	2.938	13.091	4.553	4.637	2.792	-4.914	-2.969	-7.119	-5.801	-6.003	-4.602	-5.410	-3.864	-3.785	-2.735	4.444	4.195	11.236	10.895	4.994	2.487	35	ScrambledCars
-9.283	-6.908	-9.814	-6.808	-4.557	-18.487	-0.668	-4.695	9.301	1.566	5.288	1.816	2.872	-3.598	-5.357	-1.074	-1.002	-1.198	0.909	-0.888	-7.356	0.734	1.926	8.342	8.080	16.037	7.227	12.916	35	ScrambledCars
5.084	11.759	-0.507	8.360	-2.521	3.327	-4.559	11.996	-1.235	-1.824	-6.227	1.160	-10.755	-3.287	4.569	2.367	2.371	1.896	3.538	0.911	-5.612	-4.357	-2.204	11.194	-4.955	-2.457	-5.441	-5.685	35	Faces
-14.515	-11.862	-10.082	-7.296	-2.893	-17.310	3.798	11.507	15.511	7.096	22.473	-16.004	0.643	1.560	-14.525	-7.849	-4.542	-6.693	-4.257	-5.879	1.888	1.012	0.025	5.492	8.810	18.285	1.334	22.083	35	ScrambledFaces
-0.661	-1.801	-2.917	-4.148	1.743	-20.376	2.973	-7.353	3.398	0.381	-1.414	1.780	-4.679	-3.936	6.440	-1.720	0.831	1.301	0.921	0.640	1.723	2.465	5.521	7.346	3.371	1.686	-1.101	1.530	35	ScrambledCars
-4.544	-2.734	-0.798	-5.216	-7.138	-14.597	2.016	2.990	17.227	8.390	-0.952	6.409	-0.223	-4.073	-2.758	-5.924	-3.793	0.441	-6.640	-7.801	-12.606	0.861	1.245	0.328	8.032	8.179	6.672	8.526	35	Faces
-4.796	1.781	-5.945	0.411	-4.677	-12.417	1.794	-19.874	1.223	4.810	7.118	9.425	-2.799	-2.857	2.600	-1.180	3.857	0.402	-3.484	0.385	1.476	-0.008	-1.862	0.176	6.956	6.456	6.513	11.201	35	ScrambledFaces
4.328	0.751	-1.405	0.011	-1.319	-5.945	-0.944	7.969	13.856	2.532	-0.234	4.956	-4.392	0.624	-2.253	-1.203	-1.612	-1.073	-9.657	-2.641	-4.373	0.359	-2.424	-4.123	-0.762	5.927	4.952	9.024	35	ScrambledFaces
7.675	5.668	3.320	-2.078	-2.897	-7.825	-9.752	-1.213	0.125	-7.079	-2.432	-4.385	-16.414	-7.497	10.974	3.183	10.359	11.767	6.526	0.423	-5.586	-10.645	0.132	-6.125	-2.475	-4.225	-6.142	-17.495	35	Faces
-0.396	-3.652	0.321	-5.575	-6.613	-8.572	5.901	9.731	20.629	5.206	9.494	11.855	-4.104	-8.745	-7.577	-12.063	-11.652	-6.233	-10.627	-20.866	-8.684	-11.704	-5.733	-3.292	5.571	7.750	3.199	17.177	35	ScrambledFaces
-1.685	-8.964	4.273	-5.442	-5.697	-0.673	0.074	-2.897	9.768	0.853	3.506	0.489	-3.802	-5.581	0.494	-7.509	1.459	6.294	-6.092	-8.844	-6.737	-0.292	5.181	3.105	1.634	0.300	-0.350	-3.655	35	Faces
8.345	-3.037	-1.991	3.041	2.431	6.891	4.340	-1.071	-1.691	1.342	-0.487	4.383	2.094	3.929	3.320	3.471	-1.813	-0.406	0.279	5.018	3.003	-0.875	-0.482	5.715	-0.114	-4.181	2.634	-7.521	35	Faces
-9.247	-11.292	-8.601	-8.342	-4.449	0.149	-0.514	16.104	13.854	1.622	10.553	8.142	-6.865	-8.110	-3.335	-9.865	-4.388	-2.579	-5.586	-8.874	-5.326	4.861	2.131	4.209	8.887	12.013	3.483	9.059	35	ScrambledCars
-9.902	-1.609	1.550	-2.506	-3.349	-3.862	0.877	-7.077	15.022	4.635	1.128	0.714	-13.176	-3.668	-9.130	-0.627	-0.898	-4.861	3.725	-1.750	1.026	0.673	-3.146	-1.066	2.928	10.629	3.319	6.416	35	ScrambledCars
2.243	0.065	-1.695	5.354	-0.453	43.502	-4.776	8.233	-1.044	-4.959	-5.441	-0.101	-12.487	-7.910	2.864	4.188	-1.395	-0.118	-1.579	0.746	-4.870	-2.337	-1.444	2.991	-4.010	0.388	-4.879	-3.408	35	ScrambledCars
0.476	3.687	-4.640	-3.144	-3.590	-1.444	-1.795	-11.880	11.983	2.600	7.443	8.542	-5.645	-6.459	-3.477	-4.904	-6.296	-5.246	-4.919	-4.355	-2.340	-4.486	-0.267	7.520	6.128	12.146	6.749	8.150	35	ScrambledFaces
5.232	-3.881	3.546	-6.126	-5.236	-27.072	10.431	4.635	10.558	5.066	7.878	8.979	-3.897	-4.766	2.793	-6.736	-3.689	-1.921	-6.632	-10.324	-9.921	-9.758	-2.939	-3.234	1.150	-0.575	3.691	1.489	35	ScrambledCars
-2.749	-6.449	1.267	-3.640	-6.532	6.276	-0.705	9.347	19.042	7.771	9.593	4.576	-10.309	-6.690	-5.137	-7.728	-9.892	-6.591	-4.604	-9.669	-13.742	-2.851	-7.267	-7.772	2.287	8.743	2.793	0.453	35	ScrambledFaces
-7.612	0.188	-3.757	0.531	2.776	15.897	5.265	4.031	15.705	4.265	10.502	4.904	-4.022	-1.255	-11.284	-9.782	-10.464	-8.963	-2.536	-6.383	-5.007	-9.706	-5.418	3.996	2.010	6.087	1.407	20.820	35	ScrambledFaces
5.310	6.484	6.199	1.912	1.511	-8.361	1.357	12.815	3.633	2.638	9.281	0.845	-3.145	-1.193	-0.978	-2.423	-1.706	0.253	-7.316	-3.840	0.444	-1.331	-4.008	-0.662	-1.959	-0.234	0.528	-0.518	35	ScrambledCars
1.942	-4.554	6.084	-3.198	-4.777	-5.275	-4.614	-6.490	8.958	-0.903	9.557	1.750	-6.467	-11.143	-2.573	-7.284	-2.007	0.877	-2.399	-11.471	-12.539	-9.450	-5.470	-8.140	-0.384	4.148	-2.571	16.439	35	Faces
-0.765	0.333	0.572	-4.723	-5.766	5.542	-6.284	-5.054	6.321	-0.421	3.063	8.118	-0.666	-4.173	-4.166	-5.858	-0.835	2.877	4.083	-4.682	-0.966	0.186	1.988	-9.642	3.645	12.697	3.418	0.180	35	ScrambledFaces
6.841	3.423	8.762	-1.829	-2.066	1.424	-4.759	-10.334	-3.771	-3.052	2.541	-3.931	-6.594	-9.164	6.010	-2.163	0.815	3.626	4.701	-9.892	-4.975	0.210	-1.103	-7.049	-5.901	-8.674	-6.059	9.380	35	Cars
3.460	5.428	1.324	-0.734	-1.274	5.832	-1.467	6.115	-2.378	-11.233	-7.907	-9.506	-3.591	-4.451	6.123	4.831	8.340	4.104	2.300	3.113	0.936	-1.490	3.276	-0.796	-1.295	-6.242	-4.386	-7.306	35	Cars
-7.076	-15.404	-5.536	-6.369	-0.837	9.147	1.551	-7.974	13.739	7.887	9.333	6.766	0.920	-4.140	-10.326	-7.054	-10.023	-6.221	-4.878	-9.426	-4.867	0.300	-0.193	4.784	4.123	11.753	4.466	1.292	35	ScrambledCars
-1.291	0.114	-2.450	-4.774	2.247	-10.194	-3.936	-4.928	-5.717	-3.702	0.693	2.202	3.115	8.253	5.611	0.337	4.686	4.786	2.135	-1.617	-5.995	4.332	3.356	3.098	-2.247	0.603	2.589	-3.322	35	Cars
-13.347	-10.337	-0.168	-2.965	0.262	0.236	4.802	10.528	7.333	3.443	0.608	-1.838	4.489	3.149	-13.366	-10.289	-11.247	-5.848	0.750	-4.874	3.283	-3.082	0.719	11.005	9.540	11.857	7.252	8.641	35	ScrambledFaces
-6.235	-10.064	-7.276	-5.837	-7.126	11.237	-2.362	4.988	12.864	1.714	9.937	1.125	-7.013	-7.467	-9.462	-6.123	-8.071	-3.597	-6.561	-8.566	-8.631	3.446	2.607	-0.207	10.037	14.941	3.510	17.736	35	ScrambledCars
-3.063	-0.021	0.958	-2.730	-0.432	-10.302	-2.990	5.969	9.766	1.223	5.436	2.206	-5.592	-0.709	-1.704	-1.511	-1.702	1.346	-3.873	-1.354	-4.383	-4.001	-3.163	-11.061	-1.447	0.111	-2.281	-4.974	35	ScrambledFaces
-2.045	-2.292	4.620	6.395	1.862	-2.987	-1.908	4.531	2.489	-11.860	-4.438	-3.397	-4.765	-0.073	1.711	1.998	2.675	5.255	0.488	2.162	3.655	-2.736	-3.824	-2.193	-2.862	-7.351	-3.700	-4.293	35	ScrambledCars
-7.856	-7.310	-3.237	-3.932	-9.513	-13.753	-0.482	5.721	13.110	0.048	0.003	2.862	-5.946	-10.370	-0.753	-7.440	-4.246	2.822	-5.942	-8.931	-12.625	-2.242	-2.245	2.460	2.314	7.359	2.065	10.381	35	ScrambledCars
-0.578	3.326	-1.632	5.529	3.689	10.885	1.103	4.036	-4.949	-7.163	1.102	-2.792	-2.181	-0.535	4.649	7.090	6.132	2.709	2.549	0.127	1.578	-1.844	-1.298	2.679	-3.811	-3.581	1.141	-2.875	35	Cars
-7.664	-7.250	-5.300	-4.211	-1.244	-1.947	5.157	-4.730	8.089	2.940	5.430	8.082	2.334	-0.284	-1.713	-5.066	-2.416	4.057	0.031	-3.768	3.793	-1.769	4.041	0.742	4.036	9.924	5.108	-5.980	35	Faces
-2.104	1.971	10.504	-0.562	3.289	10.512	0.734	11.902	10.083	7.273	4.587	1.231	-5.194	-1.755	-5.837	-2.115	-5.229	-1.670	-7.953	-5.249	-7.586	-1.687	-2.680	0.529	1.112	2.040	-3.059	-11.070	35	ScrambledFaces
4.603	10.091	-1.444	1.999	-1.704	-12.429	-3.001	-7.003	-10.129	-9.063	-10.904	-5.623	-1.836	8.235	6.201	13.523	13.362	4.230	10.424	11.249	8.025	7.365	7.678	1.416	-3.644	-2.088	-1.813	1.583	35	Cars
0.022	0.094	5.537	-3.470	-7.493	-6.919	-5.313	-3.587	8.047	-3.486	8.886	3.614	-7.541	-8.710	-1.492	-3.728	-3.647	1.699	-0.147	-9.199	-9.430	-3.545	-1.899	-6.595	2.398	4.248	2.748	4.122	35	Faces
-3.641	2.108	-2.421	-3.512	-4.883	1.597	-2.157	-2.713	-2.335	2.105	10.812	3.658	4.438	-2.640	0.445	-3.867	-1.800	-1.025	-7.521	-2.888	-18.469	-1.982	0.352	7.592	0.948	2.401	4.308	9.486	35	Cars
1.596	6.736	3.429	9.748	-3.169	1.304	-2.063	-0.456	0.812	-3.295	-3.854	-6.572	-7.312	-7.221	0.840	-12.984	4.028	9.661	2.951	-4.501	-2.164	5.020	-2.246	-16.184	2.836	-3.218	-6.265	-7.866	35	ScrambledCars
9.505	8.134	0.711	3.001	4.352	-4.712	-0.457	-9.003	1.057	-9.854	2.225	-4.017	-4.717	-0.728	9.240	6.363	4.384	2.748	5.964	3.170	1.690	-9.574	4.994	-2.031	-8.604	-6.785	-6.704	0.347	35	Faces
1.772	-0.704	0.865	0.293	-3.753	-9.113	-0.021	-0.329	0.569	0.318	-3.440	-1.193	-2.739	-3.641	-0.236	-3.880	-3.447	4.519	-2.336	-4.622	0.171	-5.646	-3.658	1.995	-2.893	-1.387	-0.909	12.579	35	Faces
1.009	3.265	-2.907	-6.101	6.847	-2.503	5.168	12.634	11.513	6.162	3.489	0.924	-2.648	-0.045	-6.185	-4.067	-4.293	-5.355	-6.250	-3.857	1.098	-4.346	-4.642	4.214	-2.923	1.228	-2.766	-10.572	35	ScrambledFaces
-3.619	-2.370	2.694	3.711	-2.515	3.149	2.031	20.524	13.124	-2.364	8.096	1.617	-2.373	-3.168	-2.535	-6.178	-6.728	-6.512	-3.158	-2.515	-0.193	-8.578	-4.192	-1.820	1.241	4.617	-1.534	-2.954	35	ScrambledFaces
-10.482	-14.788	-13.228	-10.722	-9.326	-15.457	4.793	8.523	16.298	9.592	7.341	10.550	-4.608	-3.122	-2.596	-4.135	-2.230	-4.157	1.787	-10.467	-7.285	-5.707	2.786	2.616	18.562	19.198	11.923	13.156	35	ScrambledFaces
-5.333	-4.161	-3.829	-0.015	0.627	5.859	10.654	-11.375	5.944	10.238	2.605	3.762	-0.440	5.530	2.635	-4.562	-4.134	-3.652	-3.817	0.097	4.250	-3.135	2.367	5.559	-2.374	0.371	5.949	5.561	35	Cars
0.026	-0.934	-4.169	-3.556	-3.578	-2.478	-5.682	5.759	2.857	-1.416	3.772	2.137	-1.793	-1.559	-0.052	-1.700	-2.442	2.190	-0.705	-1.352	-1.373	2.785	-0.876	5.247	6.779	8.312	4.254	-8.265	35	ScrambledCars
-5.121	-8.407	-2.165	-2.931	-3.838	5.691	2.353	-4.378	12.698	6.989	5.990	8.871	2.400	-4.838	-3.884	-7.575	-5.725	-6.585	-1.206	-6.684	-11.209	0.536	-4.308	-2.473	1.147	7.560	1.007	9.215	35	ScrambledCars
0.002	-9.765	-1.757	-0.869	-1.107	7.057	-3.800	5.117	1.620	-1.245	1.552	1.381	-7.691	-4.478	0.446	0.514	2.142	-4.031	0.020	0.592	-0.527	-4.578	1.285	-11.850	3.317	6.647	1.533	-0.239	35	ScrambledCars
-0.698	1.593	2.243	-4.188	-6.989	-2.574	-2.500	15.025	10.843	-3.796	9.292	4.094	-8.889	-7.403	-4.100	-8.091	-11.014	-3.021	-1.992	-9.597	-7.578	-8.445	-3.139	-6.575	7.016	11.846	-0.293	1.553	35	ScrambledCars
7.391	-3.333	0.941	-0.502	-2.567	-2.833	1.184	6.157	3.311	6.122	5.008	1.552	2.447	-3.186	-3.114	-9.997	-6.767	-3.983	-3.531	-7.857	-7.883	-0.220	-2.914	7.653	0.950	4.090	3.119	13.379	35	ScrambledFaces
1.677	3.284	0.893	2.744	4.497	14.386	0.720	5.516	4.775	6.371	-2.096	2.750	-2.410	-1.943	-1.887	1.020	-6.279	-5.535	-3.558	4.374	2.373	-2.179	-5.867	-4.188	-4.205	-2.114	-1.358	0.295	35	Faces
5.103	2.535	5.459	6.211	4.217	10.889	1.299	-3.019	-0.667	-5.455	-3.143	-6.284	2.183	1.233	-0.689	1.834	3.259	0.219	-0.945	0.657	2.218	-0.467	1.062	-2.263	-1.704	-3.309	-2.090	-4.123	35	Cars
2.253	0.876	2.692	2.252	1.510	1.148	-0.334	5.451	-3.783	-2.183	-4.053	-5.249	-0.356	3.776	0.277	-0.899	1.468	2.829	-2.584	-2.392	5.893	7.378	1.189	3.086	-2.191	-6.289	-0.735	-9.699	35	Cars
-5.867	-7.552	-2.161	-6.730	-6.112	-17.373	-2.750	7.208	8.181	5.723	6.198	4.830	-2.894	-2.333	-0.581	-5.275	-4.843	6.310	-7.175	-6.890	-7.793	-1.641	4.058	-2.616	4.118	12.572	6.234	12.677	35	ScrambledFaces
6.334	2.213	8.752	-3.941	-2.231	-10.426	-1.553	-1.124	-1.600	6.064	-7.763	5.057	-4.899	-6.301	8.146	-1.632	2.463	10.272	1.005	-3.117	-8.810	-6.738	-1.027	-2.523	-1.686	-3.673	-1.836	-4.138	35	Faces
-4.129	-1.278	-0.408	-0.413	-3.043	-10.319	-2.093	1.295	3.180	-1.160	9.244	2.187	-8.447	-5.146	-3.216	3.650	3.135	2.425	1.364	2.197	-2.381	12.030	4.479	6.145	4.385	5.022	2.343	2.532	35	ScrambledFaces
-4.040	-5.409	-1.517	-2.005	-1.312	-26.635	-1.461	-0.502	10.738	4.064	6.032	3.212	-1.017	2.622	-2.517	-4.004	-4.614	-3.410	-0.534	-2.631	2.484	-5.607	-1.045	1.585	4.952	14.051	3.047	-1.767	35	ScrambledFaces
-7.484	-7.070	-5.747	-7.490	-10.025	8.254	-1.795	0.954	9.219	-3.812	1.878	7.124	-9.881	-3.863	-3.440	-6.654	1.411	2.726	-8.122	-8.611	-9.132	-3.620	2.648	6.585	9.237	14.135	5.207	9.790	35	ScrambledCars
-0.615	-6.915	-2.925	-6.672	-2.334	-5.545	7.815	4.798	14.161	8.826	13.494	7.021	1.623	2.623	-4.298	-7.136	-5.141	-5.211	-4.654	-4.277	-1.219	-6.776	-3.419	-2.636	-1.530	3.176	3.387	2.024	35	Faces
2.070	3.678	2.300	-1.598	3.307	5.362	5.487	-5.944	-0.448	4.206	1.933	9.467	8.702	0.049	0.309	-0.462	-1.404	0.062	-6.870	-0.888	-0.334	-4.979	-8.774	-3.940	-5.328	-2.435	0.728	3.379	35	ScrambledCars
-1.431	0.082	-3.020	3.725	0.389	13.001	2.296	10.875	-4.693	5.982	-2.345	-1.043	-5.939	1.041	-1.670	-2.247	-0.452	2.280	1.101	2.986	2.675	-1.214	1.709	2.819	-0.341	-2.322	6.368	-1.707	35	Cars
1.868	-0.177	1.074	-4.317	-3.496	-3.634	-0.016	6.777	4.590	-1.704	-1.986	-0.843	-7.613	-5.650	1.621	5.672	7.225	2.439	-4.208	-0.325	-5.659	-0.511	-4.139	-3.833	-6.064	-4.809	-3.138	6.136	35	ScrambledFaces
0.575	-7.614	-2.200	-2.519	-3.113	-5.119	7.113	-15.415	5.188	8.284	6.960	8.736	8.458	5.966	-1.598	-6.858	-3.389	-4.500	-1.436	-6.325	3.644	4.530	-1.079	-1.236	0.124	-0.018	10.156	13.231	35	Faces
-13.539	-8.365	-5.805	-6.087	-4.049	-10.448	7.592	5.008	17.965	13.935	13.788	16.791	2.035	-1.020	-5.988	-10.155	-7.534	-4.093	-7.980	-10.591	-12.836	-5.178	1.168	-0.568	7.591	12.453	12.044	12.738	35	ScrambledFaces
-3.047	-0.270	-0.402	2.078	5.347	5.449	8.785	-15.494	-2.380	10.048	7.265	5.126	6.201	8.513	-5.098	1.844	-0.976	-4.548	5.303	4.508	6.190	8.947	-1.138	-2.896	-4.986	-1.020	4.939	2.632	35	Cars
-1.776	5.093	12.392	-2.123	1.788	2.050	4.042	11.934	9.604	4.266	1.389	-0.246	-1.457	-6.845	-3.931	-4.999	-8.684	-0.362	-10.631	-9.510	-3.872	-6.166	-10.821	-6.367	-1.559	-4.244	-1.707	0.856	35	ScrambledCars
2.684	2.708	1.419	1.688	-0.153	9.959	4.508	6.310	4.462	2.342	-0.555	-1.655	-5.456	0.954	-2.039	-1.515	-2.205	0.019	-1.472	-1.042	-3.864	-1.471	-3.820	-5.166	-6.135	-2.303	0.651	-1.144	35	Cars
-4.122	-10.128	-8.687	-7.210	0.668	-5.624	0.011	5.645	10.916	7.640	9.151	8.976	1.758	-3.227	-7.881	-5.965	-5.876	-1.051	-5.476	-6.176	-5.820	-10.055	-1.582	5.027	5.664	11.698	3.285	17.526	35	ScrambledFaces
-1.108	-7.799	2.024	0.378	3.083	9.044	5.840	3.723	8.703	9.742	13.908	6.751	0.772	-6.871	-7.813	-6.991	-13.934	-4.951	-0.781	-6.286	0.678	-8.451	-9.911	1.528	-0.192	4.836	0.526	17.199	35	ScrambledCars
8.211	8.059	1.077	7.496	-5.539	-7.357	-5.711	19.027	-2.530	-3.017	2.376	-2.154	-8.893	-5.805	7.461	3.740	8.254	6.422	-5.574	0.547	-6.347	12.369	-2.577	-4.693	-2.818	-10.928	-5.089	-8.198	35	Faces
3.359	1.325	4.928	5.753	-4.901	5.771	-0.852	7.519	4.443	-1.624	4.386	-4.097	-11.151	1.253	3.172	0.391	0.313	2.828	-1.250	2.988	-0.051	-6.068	-0.886	0.695	-3.333	-7.456	-3.015	-11.797	35	Faces
-2.902	-6.451	-6.172	-5.469	-6.447	-4.580	5.839	4.524	15.556	7.650	14.795	11.168	8.512	-2.937	-1.690	-12.726	-9.530	-4.295	-9.063	-11.636	-10.168	-6.420	-0.351	-1.215	6.405	10.643	6.318	14.458	35	ScrambledFaces
4.445	6.486	6.088	0.954	1.356	2.905	-3.005	-3.895	-4.569	-9.113	-8.749	-7.452	-3.508	-2.091	2.214	0.848	-1.367	1.670	-4.360	-2.091	0.465	2.701	-0.480	-7.966	-4.906	-4.766	-3.890	10.184	35	Cars
6.842	4.930	5.724	3.711	0.230	10.039	-0.478	3.379	-2.658	-2.402	-7.091	-2.407	-5.877	-2.121	3.042	-4.160	-1.293	6.758	-3.965	-5.200	-11.373	-2.709	0.456	-4.199	-6.566	-2.863	-0.958	-3.496	35	Cars
2.488	1.887	-4.771	3.763	1.158	-11.901	-1.334	-3.415	0.577	1.059	-2.352	-0.057	1.448	8.536	-3.704	-1.136	-1.886	-3.072	1.665	3.847	-0.289	-0.990	1.445	6.792	0.154	5.006	3.346	-5.028	35	Faces
6.192	8.010	-6.844	-0.781	-2.339	2.841	2.207	2.410	7.670	-0.103	1.179	-1.519	-8.110	-6.763	6.606	1.640	2.391	-3.973	2.391	-2.824	-8.315	3.999	-1.610	-10.918	-3.175	-3.058	-2.175	1.836	35	Faces
3.584	-2.376	8.139	5.270	-0.575	9.476	-0.220	0.897	-0.784	-9.407	1.861	-6.797	-12.932	-4.692	5.560	-4.747	-0.570	4.194	-5.654	-1.758	-4.986	-9.420	8.720	-5.546	2.343	-3.522	-6.694	-9.180	35	Faces
-1.441	3.562	3.130	0.385	-1.238	4.767	-0.863	7.918	6.674	0.359	3.630	-0.057	-0.901	-5.037	-0.263	-1.953	1.433	-4.735	4.947	-3.157	-4.901	-6.256	-8.111	2.026	-3.598	-4.263	-3.737	-1.904	35	ScrambledCars
-11.587	-7.116	-7.972	-8.500	-8.892	-11.024	-3.276	7.916	15.315	5.623	16.769	7.903	5.963	-7.368	-5.706	-6.307	-4.908	2.760	-5.975	-4.128	-5.146	-8.825	-1.999	-5.045	8.177	14.894	5.473	10.808	35	ScrambledCars
0.320	-1.318	1.247	-4.780	0.634	2.836	0.908	-4.778	11.254	3.029	9.935	3.582	-7.196	-1.423	-3.425	-7.071	-2.779	-3.632	-6.746	-2.928	-9.170	-7.428	-4.491	-5.474	0.246	3.743	-0.181	9.673	35	ScrambledFaces
-8.416	-2.453	-9.365	-3.938	2.351	-21.513	1.267	4.185	9.952	-0.562	3.507	7.909	-0.361	-3.999	-3.482	-7.968	-4.145	0.962	5.042	-2.478	-0.863	3.622	3.605	-5.113	7.461	15.069	4.660	23.030	35	ScrambledCars
-9.927	-13.175	3.426	-8.706	-10.362	-7.975	-1.195	1.283	13.988	7.185	14.087	6.883	-4.104	-10.857	-4.106	-13.278	-5.732	-2.021	-10.752	-13.073	-8.944	-9.758	-3.274	21.168	9.245	15.122	4.669	5.004	35	ScrambledCars
4.141	4.777	3.380	7.793	1.831	-4.725	0.438	5.576	1.319	2.567	0.210	-0.111	-6.377	3.810	0.429	2.018	0.738	-0.794	1.952	1.542	0.625	-4.879	-2.472	2.154	-6.825	-0.110	-2.940	2.339	35	Faces
-8.024	0.829	-3.990	-2.511	-4.073	-12.893	8.037	9.103	8.759	4.009	9.177	3.045	-2.239	-4.960	-1.594	-3.604	-3.845	-0.074	-0.850	-6.883	-3.021	-3.833	-4.269	0.911	2.594	4.753	-0.968	6.866	35	ScrambledFaces
4.297	-2.605	2.391	3.788	0.947	-4.957	-4.696	-1.119	-0.262	-4.779	-3.974	-6.105	-6.959	0.908	3.322	3.480	3.938	10.081	14.081	3.498	1.220	5.087	7.212	-8.406	0.646	-6.732	-6.269	-5.923	35	Faces
-8.368	-2.751	-4.068	-5.447	4.838	-15.257	9.653	18.883	7.149	6.349	5.651	9.949	6.115	2.085	-9.704	-9.023	-9.690	-5.983	-2.240	-6.493	-1.399	-1.689	-3.096	-2.355	2.717	5.308	6.968	6.911	35	ScrambledFaces
1.756	3.751	1.921	8.540	1.302	13.610	2.852	-4.309	-1.099	0.057	4.507	0.723	2.026	-1.876	3.198	-0.924	-5.585	-3.253	2.720	-2.104	1.655	-11.181	-6.830	-1.459	-8.152	-8.948	-4.165	-4.483	35	Faces
-4.690	-4.940	-4.731	-2.264	-6.142	-7.317	-3.576	6.853	10.596	2.429	13.949	6.021	-4.139	-2.343	-3.941	-5.103	-3.165	-7.502	8.934	1.020	-9.141	-1.100	-6.040	2.725	7.855	7.479	6.416	13.603	35	ScrambledFaces
-2.427	-6.976	-1.099	-5.484	-4.224	3.472	1.917	13.170	10.433	0.878	8.126	7.351	-4.442	-5.182	-5.808	-2.924	-4.789	-7.478	-5.237	-5.188	-1.265	-4.162	-2.875	-7.084	6.164	12.722	1.583	10.229	35	ScrambledCars
1.860	-0.783	1.147	-1.452	-3.753	11.810	6.280	-2.250	6.053	1.441	5.845	1.644	-4.737	-5.619	-0.193	-1.930	-3.119	-0.321	-6.767	-3.413	-0.840	1.976	0.270	-4.048	-0.719	-3.612	-1.839	-5.530	35	ScrambledCars
-7.645	-5.068	-3.105	-5.401	-0.201	4.685	2.171	-6.378	12.129	10.111	19.454	12.804	0.434	-1.311	-10.027	-3.922	-6.242	-9.851	-1.613	-3.375	0.695	-6.187	0.921	-1.439	2.705	9.125	10.426	23.578	35	ScrambledFaces
-3.629	-3.939	-1.815	-8.425	0.524	-12.439	-0.218	14.366	12.606	3.764	8.254	7.748	3.693	-0.209	1.135	-4.311	1.188	0.988	-5.406	-4.586	-7.549	-4.002	-4.192	-7.064	-0.668	2.384	3.865	2.604	35	ScrambledFaces
1.924	33.113	0.130	17.904	2.927	-13.759	-3.048	-22.676	-11.534	-6.154	-3.670	-7.768	2.771	1.210	4.837	6.490	8.176	2.240	12.286	4.469	-5.714	6.726	-1.258	-6.452	-7.623	-9.828	-2.837	-8.097	35	Cars
-0.218	6.024	5.520	1.071	2.820	9.532	-3.342	-8.986	-4.105	-2.850	-0.836	0.877	7.167	0.743	3.141	4.513	4.148	6.082	-4.501	2.375	0.990	-2.537	0.711	0.206	-7.006	-3.642	1.217	-4.917	35	Cars
0.104	-7.140	-1.533	-4.351	0.885	3.431	0.235	-13.593	-1.040	0.755	5.345	1.314	1.677	4.295	-0.941	-3.959	0.270	3.946	-1.298	-0.467	-1.500	1.925	4.992	-4.561	0.659	1.674	6.444	3.603	35	Cars
-7.473	-2.695	-9.873	-6.103	-4.496	-2.063	0.931	5.373	12.730	11.800	14.405	9.106	8.584	-1.626	-5.847	-8.798	-5.345	-6.915	1.023	-9.886	-1.197	-6.316	-0.578	-1.628	6.898	11.140	10.823	7.061	35	ScrambledCars
-2.609	-3.208	0.091	-5.153	-1.224	9.607	-4.157	14.227	-0.355	-2.620	2.158	0.687	-5.910	-8.410	3.360	0.638	4.055	5.926	-0.358	-5.291	-6.161	-1.447	-1.368	1.459	-5.318	-2.657	-2.043	5.110	35	Faces
-2.226	-7.989	-0.397	-2.712	-6.609	-9.219	3.531	13.451	13.417	1.745	16.210	6.337	-5.068	-3.122	-3.899	-7.858	-7.649	-4.210	-9.877	-7.344	-12.467	-6.256	-6.791	7.746	5.959	9.120	3.711	7.155	35	ScrambledFaces
1.122	-4.466	-1.543	-6.847	-2.618	4.238	0.088	-2.839	3.907	0.143	7.512	2.991	9.959	-2.482	-2.203	-4.714	-4.824	3.523	-1.869	-2.499	-6.226	1.126	-3.540	-9.933	4.469	4.533	0.115	-0.709	35	ScrambledCars
-2.633	5.799	-7.564	-0.181	0.107	-12.456	3.756	2.165	-6.819	4.930	1.163	6.599	1.377	6.510	-2.495	1.476	0.114	-1.983	1.430	4.016	5.578	2.896	-0.236	9.702	-2.929	-0.600	6.723	3.989	35	Cars
-2.798	-1.078	-0.096	4.579	1.811	9.779	8.224	5.249	3.407	4.217	-1.013	4.781	11.332	3.553	-1.607	-3.801	-3.049	-4.354	-2.758	-1.347	3.932	-0.467	-6.382	6.343	-7.917	-2.216	3.099	8.896	35	Faces
-3.349	-0.372	4.583	-0.121	-1.208	-12.565	5.243	19.814	10.934	5.474	3.999	3.572	-5.716	-6.148	-5.133	-1.875	0.040	-3.319	-0.432	-4.961	-1.769	0.293	-2.532	-5.748	-1.253	-3.269	-2.703	17.273	35	ScrambledCars
-2.846	-10.863	-6.164	-7.888	-4.605	1.062	7.848	7.923	26.679	13.707	23.823	13.150	-0.747	-0.892	-14.298	-19.822	-21.406	-14.393	-20.050	-17.519	-14.657	-14.581	-7.321	9.772	7.718	15.086	6.279	20.478	35	ScrambledCars
10.144	5.136	7.650	4.061	-6.219	-3.515	-8.170	-3.974	-5.685	-2.369	-1.547	1.025	-13.139	-0.295	6.386	4.867	-0.242	-0.192	2.889	2.245	-2.309	1.207	-0.257	-7.973	-3.675	-3.538	-4.308	-1.750	35	ScrambledCars
2.814	-0.221	2.722	-5.850	-3.653	10.573	1.941	5.692	2.871	8.564	3.803	4.064	-0.254	-2.719	-5.798	-13.260	-6.245	-2.205	-2.648	-17.262	-9.884	1.223	0.602	3.138	-0.113	0.694	2.064	4.866	35	Cars
-3.591	-3.977	-2.434	3.839	-4.041	-2.697	-7.182	-12.068	-0.852	2.910	-3.922	5.288	12.470	0.910	-1.015	1.926	0.536	0.015	3.570	0.709	2.415	0.652	1.510	7.623	1.622	4.361	5.016	10.289	35	Cars
-2.873	-0.692	-4.208	-4.719	-6.486	1.819	-0.973	12.178	8.831	-0.421	5.963	2.186	-2.320	-3.475	-4.938	-4.475	-1.904	-4.595	-3.478	-6.509	-2.476	-0.675	0.165	-0.172	4.618	6.944	5.105	10.626	35	ScrambledCars
1.067	-7.576	-2.358	-4.670	-3.712	-9.118	-3.434	-4.923	5.469	-2.064	2.548	-0.802	-5.093	-0.156	-0.388	-1.717	1.895	7.246	4.905	-2.827	-5.065	1.166	0.806	-4.865	5.188	4.592	0.615	-6.445	35	ScrambledCars
-1.237	3.742	2.730	-1.100	2.386	8.073	5.236	1.886	3.261	2.316	15.783	-1.600	-0.648	-0.989	0.815	-1.556	-0.282	2.952	-2.464	-3.067	3.870	-1.143	-0.464	-2.260	-3.787	-0.572	0.258	-8.806	35	Faces
-10.190	-10.600	-8.909	-6.846	-2.872	-10.284	6.726	18.167	23.441	15.812	17.856	13.324	15.005	-2.056	-11.238	-14.944	-14.226	-12.537	-7.663	-13.064	-10.470	-8.564	-4.372	6.478	9.037	13.698	8.134	15.160	35	ScrambledFaces
-4.054	-5.915	-0.334	-6.502	-5.779	9.859	4.898	0.061	17.732	1.234	12.150	5.163	-3.890	-9.942	-5.023	-4.033	-8.038	-6.995	-4.099	-7.590	-10.577	-6.815	-6.907	-8.518	8.120	8.774	0.546	4.022	35	ScrambledFaces
1.777	-0.038	-2.929	4.902	-0.386	8.327	0.268	-6.648	-1.714	-0.467	-3.710	-0.941	-0.315	4.598	3.720	3.143	6.333	1.741	0.591	7.148	3.222	-6.041	1.443	-6.468	-2.547	-1.897	-1.710	2.962	35	Faces
-9.210	3.735	-8.000	-0.628	-4.195	9.199	-3.219	3.070	-0.019	-7.422	6.998	-1.998	-5.265	-4.646	-0.032	4.308	10.580	2.209	3.988	2.458	-2.456	0.523	2.756	0.589	2.675	6.823	-0.355	2.593	35	ScrambledFaces
-9.776	-12.039	-8.933	-5.197	-4.306	-8.573	4.731	-1.887	16.608	5.912	7.496	6.333	1.411	-7.051	-4.303	-13.508	-8.021	-0.395	-2.802	-12.299	-1.012	-0.916	2.492	2.637	12.455	17.114	5.395	5.097	35	ScrambledFaces
-2.748	-11.418	-1.527	-2.970	0.238	-16.677	-1.491	4.818	9.427	2.526	4.058	8.186	-4.330	2.999	0.284	-3.252	-0.024	2.517	-9.302	-3.274	-3.149	5.130	3.100	2.329	8.977	9.744	3.813	-3.341	35	ScrambledCars
5.854	-3.053	-0.254	5.814	2.143	9.687	-0.409	-9.155	-6.734	-1.541	-3.279	-11.318	-5.155	2.248	1.165	3.880	2.806	4.867	0.643	3.182	0.949	2.221	0.071	0.467	-6.111	-0.935	-0.799	-4.108	35	Cars
2.970	-2.552	-6.341	-0.516	-1.956	-0.318	1.161	-13.915	2.530	-1.101	-1.170	3.309	-0.445	7.492	-0.942	7.790	3.204	-5.555	9.904	13.519	11.086	1.495	-0.902	7.146	-2.443	-0.001	1.032	-2.251	35	Faces
-4.704	1.812	-1.386	-6.997	-1.327	-2.593	1.161	11.509	17.847	4.368	13.737	5.548	-4.875	-7.391	-5.394	-9.386	-6.221	-3.256	-10.320	-5.141	-3.839	-7.913	-3.552	-8.654	1.594	8.564	2.104	5.004	35	ScrambledCars
-2.923	-2.769	-8.225	-4.468	-1.654	-2.931	-1.613	13.260	6.168	-3.882	7.172	4.716	1.006	-1.589	-4.079	-4.739	-2.966	-3.089	-6.034	0.751	-4.732	-4.361	-0.059	-9.799	7.819	12.685	3.612	14.302	35	ScrambledFaces
-3.978	2.382	-3.515	3.833	-1.519	-1.673	0.162	0.510	8.796	-0.903	2.598	5.761	-2.640	-2.822	-0.203	0.426	1.489	0.755	0.708	-0.932	-4.561	-2.931	0.045	-3.757	4.036	1.457	1.128	10.247	35	Faces
-5.884	-0.582	-0.312	0.868	-3.095	0.851	-0.172	0.547	10.560	3.944	11.008	6.339	-2.747	-9.228	-2.764	-3.671	-2.515	-0.835	-6.130	-3.054	-6.167	-3.940	-7.994	-3.945	-1.844	2.522	0.924	3.435	35	ScrambledFaces
-2.589	8.089	4.525	1.034	3.449	2.690	7.205	10.842	4.145	7.834	4.688	-0.039	4.418	0.930	-4.212	-2.421	-3.460	-7.660	-3.031	0.054	-0.673	-9.577	-7.600	0.772	-7.484	-2.248	3.603	7.024	35	Cars
4.118	2.857	5.148	0.450	-6.802	2.406	1.072	6.356	3.429	3.452	1.659	8.262	-5.099	-1.253	3.036	-1.070	-2.115	3.927	-4.493	-3.144	-9.893	-8.334	0.049	-0.417	-2.104	0.893	-1.175	-13.913	35	ScrambledCars
-2.685	4.106	-1.811	-0.450	4.302	-2.302	-3.399	-5.272	1.932	5.164	3.801	3.070	0.984	2.357	-3.735	2.457	3.764	-2.983	2.803	6.373	7.346	0.983	0.410	2.609	1.327	4.730	-0.695	4.399	35	ScrambledCars
-0.762	5.626	-1.171	2.018	5.657	4.986	1.747	-7.296	-2.096	2.865	6.214	0.534	-0.838	4.513	3.931	0.734	-1.032	2.824	10.951	2.569	6.564	-1.274	-4.382	-4.839	-9.580	-7.365	-1.834	-5.574	35	Cars
-5.426	-4.437	-2.139	-10.607	-7.014	-0.835	0.614	12.434	9.233	-1.577	-2.025	2.338	-11.347	-8.673	-0.033	-0.986	-2.546	2.096	4.869	-4.083	-4.245	-4.123	2.960	2.496	5.562	11.485	1.956	0.937	35	ScrambledCars
4.847	7.943	0.410	-1.136	-7.279	-2.136	-4.262	-7.445	1.661	-0.820	3.235	-0.321	7.240	1.830	4.582	3.068	7.123	5.375	-8.530	-1.125	1.410	3.458	0.441	-6.582	-5.187	-2.778	2.297	3.836	35	Cars
1.051	0.957	-1.027	-0.856	-2.180	-5.833	2.833	21.038	4.030	1.223	2.366	-0.607	-1.692	-1.325	-2.919	1.549	-3.023	-7.005	-1.248	-1.131	-5.388	-5.917	-2.658	1.395	-0.088	4.349	1.224	7.621	35	Faces
-1.671	0.645	-0.552	1.140	-3.218	-10.222	3.605	1.073	11.613	4.246	10.115	4.610	-6.636	-2.707	-0.736	1.886	-5.289	-2.686	-8.254	0.555	-6.263	-6.216	-5.216	-2.209	-1.399	1.734	-0.550	8.481	35	Faces
0.618	5.411	0.275	-2.212	0.302	10.124	-2.423	0.469	5.374	-1.281	6.580	0.266	-2.382	-4.721	-1.175	1.351	-1.210	-2.151	0.592	0.087	0.914	-0.629	-3.876	-9.324	0.557	4.994	-1.389	-6.145	35	ScrambledFaces
5.281	-7.525	-1.146	-4.122	-3.306	-16.189	-5.638	-3.001	-3.623	-0.596	-9.976	0.707	8.005	-0.235	5.532	5.028	6.445	4.366	3.145	2.506	1.515	-2.987	1.775	0.443	-1.475	-0.189	-0.154	2.544	35	Cars
-3.401	-2.391	1.951	-1.120	3.414	1.091	-0.168	-4.433	-3.654	2.649	2.277	7.698	1.595	1.959	-3.419	2.738	-4.458	-3.584	4.227	-0.659	0.871	2.997	-3.945	-0.602	-1.728	0.689	2.344	8.476	35	ScrambledCars
-0.256	-1.190	-0.144	-0.692	-7.606	-4.044	-4.864	11.162	4.674	0.390	3.378	2.231	-1.678	-6.670	-0.028	-10.272	-4.975	1.272	-2.656	-12.899	-9.649	-5.722	3.753	0.689	0.063	6.828	2.813	3.091	35	Faces
1.046	13.029	1.211	7.471	3.371	-10.561	-3.319	6.743	-4.790	-10.824	-3.444	-4.046	2.000	0.450	-0.884	7.615	4.698	1.426	4.530	8.429	10.660	1.471	0.372	-2.220	-1.786	-1.331	-2.267	-5.421	35	Faces
-5.335	-2.286	-5.433	-9.393	-12.492	8.381	1.135	5.291	14.331	2.029	16.452	12.095	-4.445	-11.516	-1.702	-6.651	-6.698	-4.722	-4.702	-7.358	-9.979	-8.472	-6.150	-1.187	3.097	10.320	2.681	4.980	35	ScrambledFaces
-0.411	-1.367	1.948	1.063	0.827	-0.841	-1.131	1.061	4.898	3.269	3.620	0.437	-8.678	-3.431	-5.960	-5.425	-6.747	-1.362	-8.851	-0.804	-1.631	-1.201	-0.760	0.330	1.812	3.913	2.550	12.705	35	ScrambledCars
-4.039	-1.073	-8.252	-0.365	-0.884	8.955	7.337	-7.473	-3.754	2.311	-0.355	-2.031	16.319	8.981	-0.522	3.709	5.323	2.259	8.181	7.886	9.664	7.839	1.256	1.448	-6.963	-6.894	2.203	15.324	35	Cars
-6.526	-5.076	-3.625	1.364	-4.251	-2.028	1.867	-7.201	1.409	4.436	-0.185	-3.271	1.525	2.300	-0.075	5.436	9.967	4.229	7.049	3.879	4.619	4.855	5.484	-3.930	0.676	-2.424	2.122	2.175	35	Faces
2.980	7.008	-2.623	-3.644	-3.794	-4.149	-4.442	10.734	5.126	-0.957	7.858	6.256	-7.557	-3.275	6.276	1.495	2.746	4.920	1.780	-1.093	-5.100	-2.030	0.268	-0.287	1.253	-1.355	0.445	-7.130	35	ScrambledCars
0.747	13.554	-6.094	0.681	3.035	6.919	3.909	30.122	1.631	-3.071	-1.751	-0.329	-4.019	-2.110	0.904	1.579	-0.301	-3.416	-5.672	3.579	-2.317	0.438	-4.571	-5.935	2.121	2.530	-0.045	2.342	35	ScrambledCars
-3.385	-7.036	-0.463	-0.683	0.350	-18.265	4.322	6.351	13.496	-0.814	18.213	4.070	-5.742	-7.166	-1.779	-0.708	-1.157	-3.474	-1.127	-4.595	-3.760	-1.769	-1.337	-8.657	4.087	10.046	-2.164	-4.622	35	ScrambledCars
1.660	3.065	0.679	2.303	-0.059	-4.595	-2.436	-8.302	-7.795	-4.105	-13.702	-4.940	-3.378	9.097	8.142	3.933	5.775	8.865	4.543	5.289	8.196	5.822	6.411	6.736	-3.185	-7.282	1.508	-12.282	35	Cars
-1.220	-5.639	-3.594	4.646	1.465	-7.571	2.634	-14.026	2.536	1.827	4.138	-0.612	-1.997	3.977	0.475	4.319	8.473	7.304	3.998	3.609	3.240	3.230	3.931	-3.416	-0.330	-0.138	2.483	-5.979	35	Cars
-4.004	-8.143	-5.332	2.718	3.101	-6.479	-0.233	-0.098	2.161	1.728	6.479	0.126	4.651	2.765	-4.231	0.985	-4.818	1.587	15.057	2.228	-1.980	-2.968	-2.322	2.954	-0.383	-0.737	-1.276	4.515	35	Faces
1.426	6.006	4.304	5.193	1.108	6.781	-3.456	-3.907	-6.839	-4.290	0.091	-10.490	-4.728	2.823	0.788	6.042	8.638	1.103	1.100	7.378	5.207	2.569	0.185	0.080	-4.520	-0.774	-2.262	-7.786	35	Cars
-10.943	-6.944	-12.424	-8.968	-6.560	-8.218	1.764	4.649	8.571	6.896	1.541	4.112	-2.417	0.705	1.298	-1.018	6.932	5.457	8.712	-3.580	1.225	-0.296	3.398	-1.427	4.589	7.329	4.674	6.316	35	Faces
-0.772	-1.287	-5.136	6.829	6.612	-4.619	-1.462	-7.594	-4.049	0.779	-4.134	1.103	13.341	5.581	0.859	10.220	-1.550	-4.290	7.071	13.517	13.188	1.735	-0.238	4.157	-4.547	-0.873	0.873	-3.033	35	ScrambledCars
1.894	22.497	-3.475	6.691	1.749	-2.519	-4.313	-4.563	-9.644	-4.711	-9.177	-10.900	8.385	8.280	3.232	10.539	8.141	3.181	12.089	10.374	7.942	11.928	3.688	-0.637	-6.214	-10.232	-3.011	-1.238	35	Cars
-4.612	-9.583	-4.696	-0.472	4.520	6.408	3.025	-0.727	1.158	2.835	4.447	0.862	1.491	9.235	1.668	7.198	1.428	-1.890	6.879	9.546	14.794	2.695	1.855	-9.109	-2.899	-1.963	2.979	6.761	35	Faces
-1.956	-7.134	3.781	0.083	-2.600	-3.786	4.181	-8.528	12.885	3.297	2.475	2.077	1.251	-12.158	-0.291	-1.757	-4.604	-3.308	-5.404	-4.311	-5.971	-2.706	1.166	-5.095	-2.005	4.464	-1.383	-6.125	35	Faces
-8.808	-4.057	0.440	-0.282	-7.382	-17.526	1.458	16.780	15.935	4.272	12.446	10.702	-1.591	-9.602	-11.706	-11.618	-13.501	-8.825	-8.094	-11.430	-7.635	-3.977	-3.706	4.025	8.351	17.224	7.110	15.146	35	ScrambledFaces
-5.405	5.825	-4.104	-9.025	-0.060	-14.987	0.090	11.303	18.656	1.841	5.785	7.776	-3.274	-0.595	-3.344	-4.673	-5.800	0.447	-0.145	-6.177	-6.735	-1.818	-2.441	-9.672	2.969	1.902	0.291	-1.895	35	Faces
2.944	-4.729	-5.371	-1.998	-1.307	-0.825	3.153	-6.144	-4.878	-1.169	8.063	-1.197	1.863	10.912	1.968	3.138	5.396	5.253	9.200	7.371	9.046	1.574	0.069	-2.968	-7.803	-4.693	-0.146	-9.535	35	Faces
-3.206	-8.314	2.125	-5.764	-5.276	7.873	-0.318	-4.458	14.586	3.429	13.860	4.570	-9.104	-10.853	-4.285	-7.055	-6.344	0.302	-12.767	-11.195	-12.687	-9.823	-4.378	-4.061	2.914	7.347	0.274	11.198	35	ScrambledFaces
2.078	-10.417	-2.169	4.386	8.652	13.300	3.963	-12.264	-5.803	3.610	-10.852	-5.139	11.039	8.238	6.143	8.796	2.699	0.648	6.120	8.572	12.405	0.655	0.453	2.198	-9.787	-11.413	-2.034	4.623	35	Cars
6.185	-11.196	3.130	7.933	3.501	-9.083	-3.706	-9.102	-8.668	-6.986	-11.831	-3.058	1.239	7.640	5.074	10.464	3.340	-2.674	4.237	11.997	7.854	-1.071	4.625	1.353	-6.024	-3.146	-2.130	4.431	35	Cars
2.374	-6.880	2.691	4.816	4.385	-0.314	4.431	-10.672	-6.468	-0.803	-5.633	-1.112	7.711	8.061	3.790	11.232	5.989	-2.459	12.730	10.541	7.519	-1.116	1.192	6.727	-6.231	-5.579	-1.988	-3.584	35	Cars
1.093	15.830	5.046	-3.433	-6.379	-6.054	-5.969	13.277	12.755	-2.218	0.702	0.868	-11.771	-14.224	1.534	-6.458	6.421	4.736	-2.190	-8.466	-11.179	10.242	-7.592	-10.375	2.005	0.115	-7.640	-5.661	35	ScrambledFaces
5.344	3.536	0.500	2.530	-1.148	-11.315	-4.006	-3.815	-2.696	5.241	4.086	-3.584	-5.366	3.225	4.353	3.377	5.913	2.901	6.579	4.384	3.921	3.589	3.662	-3.511	-4.134	-7.705	1.037	-0.006	35	Cars
-7.698	6.045	-7.319	-0.879	0.416	-0.748	3.053	-7.726	7.426	6.892	10.429	3.731	4.718	7.517	-2.857	2.938	-0.002	-7.941	-6.395	4.865	6.382	-0.397	0.591	6.838	-0.330	7.247	3.422	-0.383	35	ScrambledFaces
1.463	-8.751	-2.408	-5.808	-2.869	11.599	-2.985	-3.337	6.800	4.248	-0.509	5.094	-10.875	4.423	-3.279	-6.500	-2.504	-0.876	-5.847	-3.166	-4.710	-2.211	0.083	5.401	0.265	7.924	6.431	-2.618	35	ScrambledCars
3.650	-1.422	-3.134	-1.671	-0.711	-18.373	-3.245	3.450	3.813	-3.066	-0.879	-0.644	-4.253	1.807	4.402	4.554	5.892	4.072	2.323	6.547	0.973	3.249	0.043	-8.343	-1.357	0.587	-2.032	-10.740	35	ScrambledCars
1.470	6.739	2.371	1.908	7.833	9.004	-1.008	4.420	-5.918	-3.126	-6.254	-5.872	-6.038	-1.419	4.061	2.208	5.101	6.152	1.271	2.308	0.180	-2.432	0.754	4.213	-6.656	-8.091	-6.195	-10.311	35	Faces
1.861	1.396	-4.770	-4.713	-1.493	-7.133	3.086	-6.268	2.253	6.373	5.343	5.105	7.400	-1.557	-0.106	-4.062	-3.942	-1.145	-3.186	-5.500	-1.710	-0.195	-3.093	-2.673	-1.556	5.940	4.738	9.556	35	Faces
3.792	12.392	2.044	-2.135	-4.343	-13.193	-2.186	9.057	3.068	-3.415	-3.861	1.714	1.124	-3.790	0.888	-2.741	5.568	4.583	-5.392	-1.229	3.131	-1.379	-3.040	-0.887	-1.071	-0.957	-3.898	-4.914	35	ScrambledCars
1.215	-7.917	4.791	-2.176	-2.557	4.245	-5.293	-6.087	3.844	-0.206	-3.909	0.548	-1.705	-1.306	-1.046	2.085	1.005	-0.870	0.458	-1.734	-0.548	4.779	1.160	-2.291	0.677	1.254	0.241	-6.144	35	Faces
-5.212	-3.681	-3.874	-0.526	-0.491	0.951	-0.619	6.023	7.225	3.464	12.081	4.408	0.762	1.684	-6.500	-4.679	-3.841	-6.935	-9.508	1.835	-4.457	-5.865	-4.220	15.625	4.866	9.750	4.991	3.482	35	ScrambledFaces
-4.687	-4.919	-2.187	-8.114	-8.751	2.088	-0.054	-4.247	6.613	10.086	6.989	5.833	3.978	-3.289	-4.357	-4.212	-0.450	-0.836	1.088	-5.458	-6.534	0.669	-4.291	-1.648	2.633	9.026	3.014	7.785	35	Faces
0.311	6.926	1.023	1.220	2.836	8.851	-8.187	-5.350	-12.001	-9.885	-6.250	-9.619	8.314	1.230	-1.545	-1.047	2.219	5.327	6.730	3.724	3.220	8.167	3.964	7.083	-2.198	-5.606	-4.744	5.411	35	Cars
1.524	-7.324	-2.365	7.281	0.767	-5.546	-6.262	14.268	2.606	-4.479	2.413	-4.122	-14.463	-4.347	2.144	4.275	4.222	-0.544	4.193	2.478	-4.340	-1.687	3.907	-4.006	1.563	1.439	-4.707	10.356	35	ScrambledCars
-9.335	-14.904	-3.732	-10.746	-7.188	-5.057	5.840	-3.062	11.089	0.563	10.056	8.823	-6.467	-5.400	-5.963	-11.038	-7.164	0.660	-7.520	-13.363	-6.469	-3.293	-1.621	-0.478	9.841	14.385	7.725	12.416	35	ScrambledCars
-6.554	1.024	-3.502	-4.508	-2.320	8.914	8.059	6.280	15.305	10.009	16.866	13.349	0.517	-1.899	-9.026	-5.954	-9.607	-12.728	-4.548	0.035	2.317	-7.465	-8.674	1.781	2.904	11.442	7.256	4.860	35	ScrambledFaces
-0.207	7.023	6.225	0.520	0.318	5.739	2.551	0.100	-1.904	0.551	-7.132	-4.352	2.862	1.328	1.594	3.525	1.948	0.634	-1.097	1.885	3.097	2.067	-3.740	0.062	-6.808	-7.729	0.404	-4.181	35	Cars
-3.397	-15.633	-2.211	-4.120	-6.154	3.896	-6.445	-3.249	8.314	3.017	4.526	6.346	-4.753	-6.219	-3.885	-6.541	-0.622	2.022	-2.316	-4.340	-8.486	0.980	3.892	-3.707	6.064	13.583	2.399	1.377	35	ScrambledFaces
