FP1	F3	F7	FC3	C3	C5	P3	P7	PO7	PO3	O1	Oz	Pz	CPz	FP2	Fz	F4	F8	FC4	FCz	Cz	C4	C6	P4	P8	PO8	PO4	O2	ID	Condition
-10.641	-13.147	0.114	-11.389	-9.446	-5.734	0.037	15.196	11.057	5.293	16.410	8.365	-12.679	-11.903	-7.161	-8.411	-9.018	7.881	-6.169	-10.979	-15.598	-11.235	-6.913	-1.650	6.106	16.068	7.024	12.390	36	ScrambledFaces
-24.200	-12.245	-22.776	-5.294	-0.124	-0.580	5.809	14.076	22.790	16.571	18.263	19.037	7.807	3.511	-23.908	-9.155	-11.735	-24.302	0.829	2.039	3.968	-0.924	-8.354	14.051	1.171	27.968	22.010	23.569	36	ScrambledCars
-12.845	-7.672	-15.535	-4.899	-3.090	-9.116	2.573	-7.125	9.684	12.010	17.915	18.538	2.753	0.543	-17.831	-3.138	-6.804	-9.207	-3.586	-2.333	-0.448	-2.339	-8.603	11.015	10.695	21.002	15.207	21.547	36	Faces
-9.896	-11.587	-6.230	-8.372	-5.057	-10.492	-0.772	-2.816	12.560	9.121	16.313	14.001	2.153	3.021	-11.156	-9.151	-4.018	-1.342	-7.413	-4.007	-8.668	-6.687	-14.499	0.679	6.366	12.583	8.230	16.514	36	Faces
-7.717	-4.783	-10.332	-3.860	-0.627	-9.091	-0.239	-2.920	3.768	3.505	3.617	7.198	4.257	0.401	-8.011	1.138	2.695	-7.455	2.611	9.167	3.801	-0.234	4.322	2.978	10.667	13.350	3.511	9.181	36	Cars
-6.334	-7.331	-13.035	-8.603	-10.624	-11.860	-5.692	-1.717	13.400	7.512	15.823	18.885	0.596	-3.076	-9.560	-4.305	-7.167	-1.238	-10.135	-4.999	-10.995	-5.579	-7.500	-1.539	11.001	17.532	8.103	20.265	36	ScrambledCars
-24.733	-20.535	-15.509	-11.373	-9.898	-5.283	9.214	19.657	34.516	24.062	36.120	27.596	4.859	-8.321	-30.408	-26.674	-25.595	-25.248	-20.885	-22.814	-18.267	-14.026	-15.933	5.619	17.318	37.485	18.532	37.409	36	ScrambledFaces
-13.855	-6.402	-1.737	-5.102	-1.055	-5.768	2.972	-5.067	7.497	3.992	1.030	12.132	0.173	-0.224	-12.752	-7.734	-3.715	2.413	3.836	-7.373	-1.508	6.689	6.176	11.537	7.744	14.758	5.669	11.881	36	Cars
-3.257	6.982	7.092	5.697	1.580	-8.767	-3.036	-1.760	1.703	2.148	8.415	5.240	-5.824	-7.770	-1.619	5.881	3.028	-6.310	-1.118	6.321	2.930	-5.834	-9.346	-1.541	2.291	4.655	3.277	5.475	36	ScrambledCars
-12.318	-8.589	-7.249	-7.074	-5.547	-0.965	5.150	2.742	19.085	13.309	21.086	16.900	-1.976	-8.799	-14.554	-10.830	-12.116	-7.866	-8.415	-7.659	-8.478	-3.741	2.635	2.863	5.211	18.944	6.685	19.326	36	ScrambledFaces
-18.399	-3.255	-7.916	-3.855	-5.458	-11.459	7.248	3.271	16.393	15.630	19.529	16.719	9.722	4.085	-23.385	-3.755	-3.585	-8.414	6.172	-2.311	-6.551	2.089	-2.171	7.728	15.943	22.455	15.596	21.354	36	ScrambledCars
-11.332	-7.320	-6.330	-1.821	-2.463	-2.628	6.442	6.779	7.742	13.016	19.646	14.142	7.081	5.390	-16.011	-4.621	-5.196	-5.807	-3.350	1.492	4.779	0.344	-6.092	1.204	0.624	8.251	7.951	12.545	36	Cars
-26.842	-14.692	-9.621	-14.100	-4.368	-8.149	6.659	-3.576	13.035	18.849	26.850	25.045	6.700	6.693	-20.585	-8.084	-3.946	-10.298	0.104	-4.505	-4.444	-2.730	-14.120	13.430	4.209	25.324	25.096	22.455	36	Faces
-10.582	-3.880	-13.989	-3.802	-10.397	-6.356	6.621	0.166	6.748	14.787	24.094	20.845	5.771	-1.983	-12.464	-9.664	-8.236	-7.123	-5.947	-11.034	-6.169	-4.094	-3.749	1.338	12.179	19.193	8.781	19.150	36	Faces
-15.700	-19.252	-22.175	-12.274	-15.672	-11.923	2.425	17.840	18.874	10.124	12.108	17.806	5.498	-6.189	-12.413	-12.571	-8.741	-5.440	-6.198	-12.459	-11.231	-2.670	-9.736	5.524	16.225	26.371	11.052	24.736	36	ScrambledFaces
-14.117	-11.988	-1.919	-13.902	-7.051	-2.474	7.770	17.181	22.488	16.526	25.935	19.260	5.789	-5.030	-17.882	-13.786	-16.549	-8.264	-11.892	-13.162	-7.971	-9.179	-1.849	-2.049	12.467	18.740	3.832	18.689	36	ScrambledCars
-23.337	-13.990	-17.831	-10.241	-5.291	-2.316	10.997	12.786	24.831	21.802	32.274	30.026	0.126	-4.082	-25.649	-16.848	-19.307	-16.384	-10.538	-10.517	-4.687	-7.721	-13.559	5.217	19.975	29.979	16.456	32.027	36	ScrambledFaces
-17.944	-5.288	-9.793	-3.268	-3.165	-1.810	6.646	-7.977	5.323	9.869	11.104	10.830	6.194	7.526	-11.334	-4.709	0.690	-3.099	2.354	1.793	2.126	5.878	2.768	10.458	11.491	13.058	10.291	11.874	36	Cars
-14.598	-6.825	-10.886	-5.533	-3.397	-1.287	-0.214	-0.890	6.980	5.637	11.208	10.000	-1.188	-2.248	-15.629	-8.474	-5.483	-1.190	-2.503	-5.287	-5.178	-1.381	4.813	5.781	13.368	23.611	9.326	18.413	36	Faces
-5.247	-3.826	2.369	-3.701	-1.622	-0.094	5.675	1.097	10.752	11.321	20.608	10.519	0.248	7.354	-12.098	-6.992	-11.172	-10.010	-5.679	0.717	5.320	-6.472	-7.018	1.055	-5.252	15.592	2.348	18.330	36	Faces
-10.651	-11.774	-7.978	-5.782	-5.222	-1.564	4.739	4.911	10.836	9.824	11.793	14.931	5.157	1.813	-10.184	-5.103	-5.972	-13.824	-6.634	-3.003	2.562	-1.521	-5.381	3.074	5.921	13.242	7.605	16.708	36	ScrambledCars
-20.960	-10.435	-11.087	-4.722	-2.246	-2.765	10.505	4.810	18.752	17.498	21.296	17.650	3.916	0.056	-15.919	-7.463	-13.393	-14.406	-10.212	-8.194	-4.997	-8.388	-8.583	11.512	4.289	16.716	19.790	20.280	36	ScrambledCars
-24.617	-16.905	-19.748	-14.636	-6.441	-7.648	9.561	2.353	18.718	17.950	21.157	19.246	13.907	-0.467	-27.826	-18.568	-11.418	-12.545	-4.385	-15.835	-7.479	-2.215	-2.083	12.179	22.383	26.011	15.750	26.910	36	ScrambledCars
-0.608	5.397	-0.166	2.130	-4.778	-6.620	-4.402	-10.459	-6.651	-2.049	2.902	1.937	-5.335	-0.118	2.846	5.006	7.692	8.041	6.095	1.969	3.104	0.886	-3.743	-3.260	1.920	-1.782	-3.306	3.184	36	Cars
-14.020	-11.475	-17.284	-12.508	-10.501	-0.169	6.898	7.091	18.514	15.043	22.622	24.133	0.082	-3.602	-12.911	-20.837	-19.012	-10.681	-18.100	-20.232	-13.405	-12.516	-12.263	1.476	8.643	27.462	11.072	30.299	36	ScrambledCars
-22.087	-17.656	-13.502	-8.004	-4.383	0.215	9.064	-5.489	6.152	11.105	9.433	13.033	10.557	7.190	-6.723	-13.203	-6.163	-3.947	-2.485	-4.086	0.056	1.148	8.936	11.814	2.794	8.485	9.521	11.059	36	Cars
0.135	-1.952	3.666	-0.152	1.583	-8.936	-5.797	-9.796	-10.826	-3.348	-3.633	2.640	2.976	-0.706	-0.289	0.866	3.549	0.075	2.744	7.186	4.222	-1.307	-0.371	6.791	1.168	6.297	10.964	4.622	36	Cars
-22.219	-18.309	-11.392	-13.842	-14.404	-12.092	1.085	4.848	21.479	18.128	32.538	28.693	-0.041	-8.762	-24.618	-17.913	-13.142	-9.432	-7.057	-15.413	-12.001	-3.982	-3.169	11.486	20.551	32.421	22.499	31.816	36	ScrambledCars
-12.273	-7.019	-10.041	-6.336	-3.080	-0.435	9.036	4.427	15.686	15.495	20.006	16.650	6.628	-0.175	-15.246	-11.909	-9.641	-8.876	-10.285	-5.863	-3.779	-8.747	-6.445	3.092	0.426	16.299	11.347	20.141	36	Faces
-13.221	-7.564	-8.879	-7.191	-7.267	-1.641	3.379	9.634	17.730	11.772	19.905	19.208	-1.889	-4.512	-12.245	-11.172	-10.040	-13.045	-12.132	-6.644	-8.653	-8.687	-10.256	-6.147	11.960	15.164	3.698	23.479	36	ScrambledFaces
-26.954	-18.150	-22.085	-12.043	-0.753	-14.844	3.744	-4.468	13.180	13.687	19.173	19.372	1.990	-4.686	-20.318	-14.019	-6.816	-0.558	-8.209	-7.193	-2.201	-6.964	-0.834	12.031	12.667	24.824	22.932	22.585	36	Faces
-9.887	-8.795	-2.511	-3.454	1.244	2.072	9.631	-1.961	9.245	14.786	15.863	15.946	12.276	9.413	-8.931	-5.811	-13.710	-14.503	-9.711	-8.870	-1.814	-9.922	-5.854	7.844	-6.734	5.833	14.517	11.768	36	Faces
-23.660	-9.956	-15.169	-8.980	-6.723	-9.576	9.861	12.534	26.739	20.439	27.589	21.993	7.019	2.368	-21.148	-11.962	-13.873	-18.059	-10.198	-11.054	-8.979	-5.697	-17.268	4.279	11.261	26.051	11.902	27.742	36	ScrambledFaces
-5.784	0.511	-4.378	2.448	-4.332	-1.652	-4.327	1.034	3.587	-0.068	6.048	10.025	-13.280	-6.845	-5.132	-2.889	-5.270	-13.901	-4.515	-2.033	-3.937	-3.453	0.155	-0.993	12.748	28.507	7.950	20.738	36	Faces
-16.019	-11.005	0.200	-10.929	-8.845	-6.410	1.965	7.046	19.416	12.541	20.235	20.752	4.829	-7.658	-18.635	-17.299	-14.753	-5.523	-10.681	-14.250	-12.287	-5.690	-8.307	1.881	15.401	22.969	9.060	25.352	36	ScrambledCars
-14.206	-15.513	-11.300	-12.980	-6.864	-4.975	3.519	9.242	7.691	11.257	16.344	15.952	10.240	-1.135	-13.712	-12.085	-10.795	0.092	-10.001	-11.667	-9.984	-1.783	4.896	9.858	8.110	17.054	15.549	15.136	36	ScrambledCars
-5.594	-0.598	-4.890	0.088	-3.540	-6.534	8.361	10.659	15.426	13.586	17.310	15.130	3.829	-4.946	-8.010	-5.385	-5.319	-7.887	-6.550	-4.511	-0.636	-5.799	-11.065	-3.831	-2.025	9.082	6.008	11.201	36	ScrambledFaces
-16.354	-7.364	-12.219	-1.789	-4.243	-8.371	2.359	9.767	16.982	13.349	21.907	14.062	2.048	1.831	-17.507	-7.769	-11.415	-15.459	-6.595	0.411	-0.533	-6.745	-11.253	6.233	11.319	20.624	16.108	19.013	36	ScrambledFaces
-19.799	-15.748	-17.821	-16.800	-10.415	-6.671	2.439	9.886	22.825	16.315	29.023	19.417	-3.847	-9.030	-17.899	-9.997	-10.856	-4.776	-15.052	-3.423	-9.841	-12.486	-16.586	5.937	9.624	22.807	20.580	27.324	36	ScrambledFaces
-26.865	-13.512	-22.538	-10.190	-11.522	-15.072	9.792	2.869	19.944	20.744	28.647	26.235	5.089	-4.496	-27.456	-13.590	-7.817	-16.292	0.065	-6.306	-9.487	-1.536	-5.212	8.653	15.981	37.767	19.366	37.037	36	ScrambledCars
-18.774	-12.288	-13.568	-5.974	-5.751	-1.465	7.282	3.684	13.698	11.183	14.211	13.753	0.322	1.106	-11.702	-10.120	-8.659	-5.971	-2.928	-11.124	-10.259	-2.545	6.630	3.724	9.592	17.248	7.072	11.267	36	ScrambledCars
-22.495	-13.862	-27.761	-8.286	-1.748	-5.155	3.843	9.656	11.710	7.968	10.361	9.310	-3.633	-0.792	-18.520	-4.128	-2.688	-3.019	5.922	-0.314	-0.904	4.699	6.712	9.994	11.280	17.550	10.905	16.058	36	ScrambledFaces
-3.844	-4.045	0.803	0.055	0.324	0.763	-1.255	-3.758	2.518	1.046	4.440	5.260	-6.640	-5.792	-5.674	-1.391	-1.858	7.175	-0.490	-1.138	-7.659	-1.002	-8.160	1.095	4.880	10.944	4.673	1.938	36	Faces
-12.479	-5.928	-9.349	-4.928	2.541	-6.857	4.338	-5.653	-0.815	6.588	3.693	12.269	10.864	0.568	-12.373	-7.338	-7.221	-9.455	-1.877	-0.249	3.547	1.119	9.332	10.374	8.469	11.935	14.020	15.815	36	Cars
-3.315	-1.498	-0.811	0.578	0.520	5.154	3.208	-10.249	4.451	3.949	2.105	2.207	1.216	7.835	-6.271	0.698	-1.237	-0.453	-0.098	3.945	2.148	-1.276	-2.729	4.864	-6.003	2.492	7.029	2.300	36	Faces
-22.350	-14.416	-22.463	-7.623	-1.417	-0.964	3.196	11.207	20.691	13.298	18.725	15.860	2.744	1.588	-21.443	-12.716	-13.918	-20.953	-10.721	-4.547	-3.373	-3.926	-7.739	15.074	15.707	31.347	18.119	26.650	36	ScrambledFaces
-19.092	-11.038	-22.146	-17.371	-5.535	-11.123	5.410	-0.592	19.824	15.521	21.004	23.218	-2.207	-8.938	-15.991	-5.467	-10.006	-10.770	-8.020	0.034	-3.215	-7.699	-5.324	10.347	8.669	27.333	20.492	30.325	36	Faces
-11.315	-11.573	-13.772	-12.767	-9.829	-7.998	-0.352	-2.658	1.661	6.446	9.758	15.112	8.054	0.745	-10.924	-8.520	1.401	1.305	-0.708	-6.845	-2.048	4.022	11.245	8.078	10.795	18.019	9.935	17.307	36	Cars
-31.247	-17.751	-17.274	-10.456	-7.574	-8.207	2.880	12.805	24.940	17.295	29.964	21.859	0.159	-4.979	-25.682	-15.908	-8.769	-7.066	-10.023	-12.907	-15.157	-6.571	-0.241	0.617	17.161	30.783	13.372	23.741	36	ScrambledCars
-12.553	-11.968	-6.363	-5.390	-13.877	-9.607	-5.871	7.479	12.157	4.272	13.803	20.070	-10.229	-13.708	-5.383	-8.439	-4.151	-0.201	-4.777	-13.628	-15.889	-6.686	-8.414	-2.693	5.790	22.921	2.346	22.411	36	ScrambledFaces
-15.983	-3.698	-14.324	-0.857	3.415	-4.403	9.333	-3.846	8.205	12.848	13.498	7.654	11.500	12.875	-15.760	-4.301	3.290	-7.879	2.277	-1.910	5.681	1.076	0.057	4.364	-0.237	6.830	5.812	7.545	36	Cars
-27.333	-18.329	-15.473	-12.169	-6.352	-5.569	8.267	20.467	25.622	16.496	23.550	20.863	0.542	-9.235	-30.522	-19.087	-15.608	-5.367	-11.006	-19.467	-15.316	-9.468	-3.941	7.556	21.622	29.746	12.536	23.479	36	ScrambledCars
-21.255	-17.963	-11.234	-17.902	-14.491	-7.748	5.661	15.998	25.414	20.126	32.812	25.703	3.166	-10.029	-20.661	-18.924	-12.467	-11.061	-14.767	-18.932	-18.163	-15.466	-9.167	7.624	10.721	29.392	18.730	29.650	36	ScrambledFaces
-13.772	-2.815	-6.098	2.952	-3.021	-6.661	1.372	-1.208	20.769	15.582	30.670	22.197	-9.300	-10.273	-14.966	-5.050	-14.325	-3.913	-12.831	-3.082	-11.141	-11.125	-12.445	1.564	7.742	20.420	15.479	26.494	36	ScrambledCars
-21.505	-19.215	-25.615	-13.278	-7.456	-13.304	1.095	0.071	19.131	13.169	20.870	20.782	-5.323	-3.922	-19.232	-12.357	-9.149	-12.766	-6.899	-6.169	-3.525	-1.320	-0.697	12.842	17.527	30.732	21.937	24.351	36	ScrambledCars
-27.593	-16.077	-21.818	-10.433	-8.445	-10.752	5.359	7.604	12.696	12.194	14.378	15.161	4.904	-4.335	-19.702	-12.809	-18.079	-14.588	-9.660	-9.471	-5.654	0.140	1.193	18.745	19.070	32.904	27.624	30.101	36	ScrambledFaces
-1.495	-4.426	-2.742	-2.405	-2.742	-2.526	6.038	2.990	7.850	9.264	14.000	8.531	1.751	0.191	-6.357	-10.544	-4.881	4.278	-4.424	-14.364	-9.549	-3.841	-5.277	-2.499	-2.654	-3.601	2.136	2.311	36	Cars
-27.748	-8.835	-16.081	-4.083	2.160	-0.518	17.729	20.696	34.993	25.063	30.937	23.418	7.015	0.499	-28.532	-16.843	-21.410	-26.230	-16.890	-10.030	-2.235	-8.536	-9.030	2.253	13.550	26.978	6.229	30.685	36	ScrambledCars
-9.703	-10.473	-3.009	-11.499	-2.364	-4.637	3.980	-4.860	10.261	8.013	8.358	12.248	5.233	6.052	-15.649	-10.663	-10.434	-5.837	-12.080	-11.461	-5.862	0.383	-0.483	11.412	9.969	14.778	11.411	16.990	36	Cars
-4.587	-2.793	7.562	-0.993	-0.756	7.024	4.401	2.209	3.761	7.423	10.356	2.361	9.412	-0.705	-6.897	-7.337	-6.366	-5.192	-3.910	-6.082	-5.648	-6.011	-8.802	2.560	1.784	0.874	7.551	0.741	36	Cars
-17.604	-7.466	-4.991	-3.336	0.802	-2.923	2.432	-4.892	7.998	7.293	7.359	11.980	1.907	-0.805	-11.696	-13.006	-3.594	-2.054	-3.268	-7.271	-4.578	-4.420	-1.908	12.979	5.892	14.707	18.861	14.848	36	Faces
-11.085	-5.776	-6.894	-7.747	-4.756	-9.158	2.512	6.158	14.415	10.205	14.431	17.061	-0.370	-6.636	-17.627	-8.561	-12.048	-12.904	-6.399	-6.185	-9.581	-6.929	-7.493	6.904	9.294	24.696	17.729	27.066	36	ScrambledCars
-7.171	5.271	-6.386	3.938	5.143	2.604	7.966	0.366	15.632	14.965	17.440	12.629	4.976	-0.380	-15.566	-3.899	-2.193	-11.072	2.712	-4.680	-6.748	0.170	-5.206	3.930	-6.836	3.054	13.243	8.719	36	Faces
-5.761	-4.649	-0.842	-4.869	-7.293	-9.642	-5.586	-6.690	-1.051	0.693	5.062	10.379	1.261	-8.581	-10.021	-4.661	-3.024	0.498	-1.648	-7.981	-8.326	0.599	7.962	0.358	10.512	18.741	6.161	15.676	36	Cars
10.407	5.659	16.753	2.283	-4.084	2.821	-5.029	-0.465	-4.059	-7.873	-9.188	-2.143	-7.073	-3.370	2.387	-0.843	2.630	7.178	-0.373	-5.213	-5.108	-1.113	5.213	-3.037	-1.110	1.766	-3.758	0.879	36	Cars
-11.433	-6.966	-6.920	-3.926	-10.043	-9.734	0.942	-6.402	6.097	6.932	14.770	12.410	-1.884	-7.623	-10.408	-6.807	-4.325	-1.444	-1.450	-2.912	-12.903	-2.849	1.206	2.069	16.645	21.538	3.569	21.291	36	ScrambledCars
-24.021	-18.897	-25.672	-11.389	-7.286	-5.813	5.475	12.800	19.094	16.520	27.548	22.909	-0.363	-4.429	-18.726	-14.197	-14.139	-18.265	-5.891	-6.663	-8.215	-4.371	-4.857	7.049	18.266	29.625	8.839	24.244	36	ScrambledCars
-9.731	-1.594	-0.660	-1.448	-1.692	-2.473	0.192	-3.456	6.920	4.166	6.077	5.952	-0.276	-2.614	-13.472	-3.568	-3.707	3.301	0.624	-7.699	-11.742	2.028	2.738	5.427	5.699	12.788	9.634	10.979	36	Faces
-12.908	-7.640	-10.039	-4.528	-6.600	-11.264	-0.417	-3.373	0.286	2.994	7.647	7.903	-1.715	2.778	-16.403	-1.616	-0.834	0.293	-2.295	-4.642	-4.210	-1.605	-3.694	8.312	19.328	29.894	11.409	21.836	36	Faces
-20.516	-16.116	-16.412	-14.810	-14.666	-12.362	5.713	8.435	18.546	11.836	12.097	21.807	5.695	-3.471	-16.355	-14.432	-13.293	-12.415	-9.264	-14.193	-9.319	-5.122	-6.511	8.621	21.589	35.047	14.382	29.624	36	ScrambledCars
13.637	7.784	1.213	3.809	-1.792	5.088	-1.107	-8.597	-7.756	-4.631	-4.959	-5.749	-5.440	-3.124	9.872	9.106	7.982	5.774	1.489	3.566	1.229	0.902	-0.873	-2.124	-10.797	-4.614	-5.771	-1.189	36	Cars
-19.625	-11.908	-15.933	-9.189	-7.217	-2.473	6.792	3.930	17.070	13.233	19.095	19.292	0.401	-7.181	-21.154	-13.854	-15.902	-9.091	-8.039	-16.405	-8.353	-4.889	2.904	2.127	14.633	36.409	10.382	27.515	36	ScrambledCars
-20.953	-16.744	-11.234	-10.959	-0.815	-1.066	13.761	18.924	21.563	20.469	23.094	14.084	21.095	3.470	-25.287	-18.832	-17.047	-7.339	-12.727	-13.502	-5.807	-4.677	-0.695	6.911	2.821	10.645	11.282	16.457	36	Faces
-8.250	-10.956	-15.374	-11.217	-12.777	-5.173	-3.820	11.064	12.707	6.978	19.439	12.858	-6.785	-10.425	-7.192	-6.550	-7.074	-4.425	-8.944	-4.672	-11.184	-10.067	-5.271	1.921	14.659	20.552	6.651	18.645	36	ScrambledCars
-12.827	-9.549	-12.072	-11.699	-7.238	-5.628	7.276	1.529	14.592	12.356	14.595	18.687	3.331	1.282	-13.716	-13.322	-10.181	-0.603	-11.685	-14.693	-5.654	-9.313	-3.462	5.117	12.435	14.673	12.930	19.355	36	ScrambledCars
-22.549	-8.949	-8.160	-9.994	1.851	-6.486	14.417	4.423	23.655	19.431	18.485	19.276	9.288	3.601	-24.075	-11.336	-15.706	-13.442	-13.150	-12.423	-3.783	-5.869	-11.818	11.666	3.610	19.741	17.719	18.629	36	Faces
-2.914	3.953	-7.431	3.182	2.786	-0.723	3.885	1.837	-3.911	3.093	1.341	-0.856	8.317	7.785	0.274	2.701	4.592	2.921	4.805	3.241	1.531	1.989	-5.194	2.850	0.585	-6.996	2.747	-6.403	36	Cars
-2.619	-3.107	-2.952	-3.399	-1.940	-7.468	-2.318	-3.599	-5.200	0.184	4.730	5.512	-3.071	1.493	-0.154	-2.384	-4.712	8.820	-2.359	3.441	1.730	-1.952	2.917	-0.324	-0.019	2.980	4.853	6.091	36	Cars
-24.229	-19.003	-9.477	-16.250	-8.789	-4.269	10.423	14.585	25.987	18.431	25.781	22.930	2.001	1.844	-25.539	-17.006	-16.849	-12.117	-11.664	-12.325	-10.698	-6.137	-9.327	6.843	17.270	32.741	14.519	31.733	36	Faces
-14.981	-10.503	-9.600	-8.205	-7.250	-8.789	-1.671	-3.386	6.818	8.033	13.636	12.604	11.825	-3.709	-12.672	-4.907	-4.051	-9.364	-4.112	-4.734	-8.156	-5.796	-10.232	1.355	17.963	27.205	9.221	22.856	36	Faces
-34.713	-23.684	-15.960	-15.384	-12.175	-12.590	5.518	1.583	23.739	19.081	27.717	26.362	8.383	-0.795	-31.019	-19.810	-11.355	-20.717	-13.232	-11.107	-8.013	-7.740	-1.891	10.872	29.704	49.448	21.757	40.692	36	ScrambledFaces
-22.051	-14.311	-16.833	-10.638	-5.989	-6.852	4.501	-2.540	7.377	11.194	13.750	17.045	4.386	2.450	-20.301	-13.497	-5.152	-11.073	-0.384	-6.342	-5.656	4.036	3.246	17.850	13.495	27.341	23.640	26.834	36	Faces
-30.057	-21.001	-14.458	-17.744	-11.807	-11.519	9.985	14.093	26.774	19.968	28.384	22.054	0.908	-11.480	-30.535	-17.227	-13.647	-0.488	-1.419	-23.299	-20.781	-5.401	-2.530	8.802	18.872	23.797	19.736	28.921	36	ScrambledFaces
-23.143	-17.314	-24.151	-9.101	1.100	-3.219	9.301	2.782	18.148	19.504	24.017	20.117	11.652	4.235	-22.620	-13.504	-12.501	-18.075	-11.777	-8.681	-5.909	-3.303	-7.554	12.599	12.160	18.704	21.394	24.167	36	Faces
-25.460	-18.104	-19.917	-16.053	-4.827	-8.868	5.061	8.073	17.904	15.472	19.499	24.975	6.175	-2.272	-21.341	-21.395	-15.455	-7.705	-8.765	-20.001	-16.708	-7.124	0.838	10.402	16.738	29.220	24.565	23.770	36	ScrambledFaces
-14.948	-7.692	-21.024	0.630	-1.608	-13.884	4.189	-9.271	10.370	12.286	13.374	20.786	6.154	7.224	-14.190	-0.063	-4.004	-16.770	1.683	11.025	11.666	-2.451	-5.169	4.382	7.287	26.387	11.990	17.975	36	Faces
-15.914	-13.614	-21.469	-12.147	-9.226	-12.951	-4.267	3.694	19.103	9.072	19.678	17.859	-7.243	-8.387	-18.851	-12.909	-19.083	-11.605	-9.592	-10.293	-11.776	-10.880	-9.376	4.516	25.208	35.225	18.460	30.500	36	ScrambledFaces
-6.746	-4.980	-3.722	-5.365	-3.635	0.734	7.553	5.937	6.860	7.221	9.069	6.202	2.339	4.537	-0.761	-9.614	-3.698	1.742	-6.473	-10.927	-7.056	-4.649	-1.135	-8.045	0.367	-1.645	-2.796	1.137	36	Cars
-8.395	-9.827	-5.366	-7.290	-4.125	-9.270	6.544	-1.461	10.763	8.621	9.178	8.464	5.661	-0.259	-7.390	-10.724	-4.742	-2.089	-7.538	-12.920	-7.132	0.419	7.168	1.898	8.467	4.899	0.166	4.968	36	Cars
3.552	2.574	2.937	0.029	-2.954	2.662	2.501	1.873	0.320	3.679	7.853	8.195	-3.374	-10.001	0.586	-0.629	-0.724	3.542	-3.328	-0.513	-5.481	-6.788	-5.409	-7.989	-3.854	-0.990	-1.510	2.744	36	Cars
-20.038	-13.552	-15.630	-5.429	-8.586	-5.914	6.759	15.836	19.118	14.193	24.165	12.946	0.592	-4.040	-15.531	-14.696	-8.464	4.870	-9.726	-12.579	-11.446	-7.254	-4.136	-1.871	8.816	8.289	0.581	15.292	36	ScrambledCars
-10.053	-8.645	-4.564	-3.890	-5.363	-5.726	-0.692	-7.680	11.421	4.007	3.033	6.189	0.178	1.095	-5.673	-5.459	-1.054	1.644	0.336	-2.104	0.999	1.115	3.188	7.418	6.084	10.907	10.300	5.764	36	Cars
-5.043	-0.360	-5.010	0.140	-2.909	-2.906	0.677	4.180	7.331	5.551	12.437	8.076	-3.944	-10.319	-8.184	-6.110	-4.257	4.459	-3.790	-5.712	-6.261	-10.327	-6.800	-3.852	3.609	9.582	1.897	9.099	36	ScrambledCars
-21.775	-12.254	0.170	-6.312	-0.231	-5.906	8.895	8.854	16.822	14.611	20.209	15.844	2.196	3.586	-14.773	-10.005	0.193	-3.600	2.273	-6.088	0.435	-1.817	-2.917	-1.045	-2.630	4.342	3.274	12.622	36	Faces
-21.770	-14.750	-15.099	-12.681	-12.046	1.731	5.886	8.672	27.109	20.661	29.381	34.112	7.997	-4.482	-27.113	-19.363	-16.033	-21.535	-13.388	-22.229	-14.434	-10.023	-2.538	3.708	18.878	39.272	15.840	36.974	36	ScrambledCars
-2.780	-0.611	-2.418	3.446	-3.984	3.626	7.906	3.781	13.741	12.358	15.012	11.281	4.384	3.863	-9.883	-2.460	-10.013	-17.519	-6.523	-7.476	-7.041	-5.203	-8.378	2.126	-0.796	8.009	6.717	8.861	36	Cars
-1.018	-3.232	0.332	-6.942	-10.025	-7.526	-2.922	-0.711	4.481	2.843	9.397	8.829	-5.315	-6.581	-3.635	-5.636	-3.991	-0.327	-4.823	-5.458	-9.848	-5.173	-5.426	-0.362	2.463	16.936	8.306	15.896	36	Faces
4.938	6.978	2.767	6.116	7.497	-5.758	1.082	-6.281	-9.657	-0.650	-4.080	-5.896	7.273	2.091	3.903	7.941	4.215	-4.334	3.176	6.078	5.000	-1.496	-5.458	7.890	-10.051	-8.123	4.921	-7.384	36	Cars
-11.006	2.654	0.691	7.888	3.850	3.477	5.844	-5.330	4.166	7.620	5.621	16.672	3.464	-3.641	-14.934	-0.355	-2.062	-7.521	-1.924	1.290	-1.234	0.066	-5.495	-0.321	3.914	10.212	7.750	13.748	36	Faces
4.328	5.537	4.276	0.382	-4.146	1.967	-5.223	-5.668	-1.502	-3.063	0.191	-1.390	0.276	-2.361	3.921	0.441	2.709	15.694	0.336	-1.561	-6.071	-6.039	1.579	-4.094	-2.781	-1.747	-8.282	1.072	36	Faces
-19.284	-15.306	-12.369	-12.057	-8.928	-12.352	3.943	7.656	19.292	14.567	22.959	24.903	1.159	-2.610	-21.416	-15.644	-15.888	-8.322	-7.938	-16.818	-6.216	-2.762	-5.775	8.602	19.138	26.564	11.951	28.043	36	ScrambledFaces
-19.449	-7.158	-13.500	-4.810	-6.519	-4.306	5.406	1.998	20.606	16.082	24.262	21.234	2.935	-2.302	-19.277	-8.576	-6.111	-10.805	-4.531	-3.821	-4.455	-4.486	-5.993	4.147	9.108	27.166	8.222	28.599	36	ScrambledFaces
-20.849	-20.138	-25.249	-13.193	-5.831	-12.190	8.332	10.840	10.968	15.570	20.613	14.506	13.850	7.254	-17.518	-12.856	-12.052	-9.704	-2.992	-4.399	3.767	-0.392	-4.818	7.569	8.734	21.377	11.502	18.414	36	ScrambledFaces
-3.820	-3.328	-4.967	-8.285	-6.609	-3.569	9.623	6.131	11.361	10.937	12.578	10.749	3.505	-4.045	-6.339	-10.351	-11.440	-2.595	-11.515	-8.066	-9.121	-7.960	0.999	-1.779	4.300	5.700	6.270	8.916	36	Cars
-11.182	-4.053	-16.266	-3.072	-3.359	-10.067	-0.856	-0.315	4.220	5.258	7.704	7.642	4.970	4.241	-11.771	0.133	0.946	-3.091	1.139	-1.108	-0.789	-1.380	-0.659	8.991	9.660	17.965	10.229	12.438	36	ScrambledFaces
8.595	4.714	-1.508	2.508	-0.020	5.852	-0.809	-10.584	-6.044	3.839	10.171	3.456	3.880	-6.876	3.991	-2.362	-1.227	3.674	-2.476	-2.426	-1.341	-4.460	-6.476	-1.291	-12.601	-6.341	0.847	-1.293	36	Faces
-8.344	-1.012	-13.361	6.017	2.884	-3.199	6.543	-0.481	7.818	12.889	17.798	12.365	0.746	1.269	-10.928	0.509	-2.567	-6.076	1.859	6.181	5.456	-4.561	-6.216	2.054	-9.524	4.177	13.206	7.689	36	Faces
-21.441	-16.149	-11.186	-15.217	-9.932	-2.747	8.381	13.935	24.894	20.025	29.773	26.894	2.793	-8.943	-22.568	-25.119	-23.710	-11.181	-18.339	-25.246	-19.671	-13.782	2.370	7.797	16.798	25.130	20.585	26.740	36	ScrambledFaces
-24.946	-13.780	4.434	-8.866	-8.345	-6.359	8.502	3.897	17.313	15.156	21.116	20.215	4.905	1.866	-20.042	-14.893	-13.773	-6.035	-5.172	-14.255	-10.548	-4.706	-8.784	6.404	13.694	27.066	12.504	24.357	36	Faces
-1.340	2.841	-11.509	1.596	-1.555	-7.194	1.710	-8.369	2.924	2.768	1.109	5.001	1.723	4.998	-7.103	1.879	0.582	0.248	0.656	2.820	2.505	1.962	-7.075	2.520	6.828	11.265	5.126	12.522	36	Faces
-16.792	-9.593	-11.950	-10.100	-4.090	-11.248	0.197	-7.595	8.386	7.443	14.222	15.337	-3.490	0.396	-15.233	-4.112	-2.944	-2.611	1.078	-1.614	-3.469	-1.229	-9.587	3.827	17.864	23.543	8.812	24.394	36	Faces
-4.311	-0.591	0.008	-1.649	-6.834	-7.256	-4.625	-0.427	-0.988	0.001	2.332	2.765	3.796	2.782	4.190	3.557	6.842	2.388	6.048	4.753	3.217	2.261	-4.772	2.553	-1.795	0.798	-0.002	2.624	36	Cars
-9.310	-5.460	2.850	-1.481	3.939	7.962	8.579	-4.620	5.667	7.931	6.355	7.169	7.541	7.624	-11.803	-11.512	-7.558	-11.807	-3.815	-10.452	-5.213	-1.176	-3.891	0.836	2.659	10.678	6.216	13.275	36	Faces
-13.507	-8.751	-5.709	-3.505	2.186	-1.044	0.852	-1.761	9.032	6.916	11.495	12.986	-3.711	-3.202	-11.268	-8.443	-10.665	-7.096	-9.059	-6.844	-4.298	1.257	1.142	10.698	8.178	16.634	14.095	17.560	36	ScrambledCars
-11.933	-5.929	-13.020	-4.832	-3.694	-8.697	0.589	3.333	11.847	5.930	9.080	11.513	-6.029	-3.065	-12.142	-3.784	-3.079	-7.353	-2.750	0.689	-2.493	-1.730	2.306	3.532	11.144	19.633	10.708	17.177	36	ScrambledFaces
-17.842	-11.351	-11.948	-8.498	-4.402	-7.091	2.746	2.025	15.871	13.445	20.777	18.775	1.664	-6.097	-18.493	-2.258	-9.917	-20.506	-5.973	-0.370	1.363	-4.987	-2.868	7.427	11.541	25.815	15.985	29.016	36	ScrambledFaces
-13.201	-10.002	-9.307	-5.998	-6.660	-9.719	-0.017	-2.687	8.313	6.022	8.473	8.914	1.754	-2.782	-9.864	-10.846	-7.089	-9.110	-0.392	-5.044	1.708	3.490	4.577	9.714	9.355	19.846	13.836	19.039	36	Faces
-27.404	-16.446	-25.954	-14.844	-5.772	-7.896	4.767	2.128	12.414	16.842	24.736	23.035	12.528	5.852	-23.026	-12.902	-13.773	-15.450	-9.320	-8.884	-1.500	0.138	-3.685	11.671	25.919	31.124	21.066	33.493	36	Faces
-15.606	-8.430	-12.997	-3.388	-5.564	-0.572	0.286	13.643	13.978	9.843	17.143	13.804	0.112	-4.008	-12.702	-9.965	-2.939	-11.652	-1.665	-7.253	-6.958	-0.357	-7.150	6.181	5.196	18.027	10.705	18.418	36	ScrambledCars
-10.848	-3.143	-8.286	-0.761	4.852	6.032	11.250	0.378	9.549	11.430	8.606	9.804	4.228	-2.923	-14.005	-3.885	-8.762	-7.460	-7.202	1.481	0.430	-2.905	-7.104	7.263	2.802	3.952	15.936	8.858	36	Cars
-19.580	-16.146	-9.975	-14.346	-14.237	-14.515	-0.391	6.517	23.759	16.046	28.044	25.398	-1.498	-13.324	-21.441	-16.246	-14.200	-15.181	-14.285	-13.909	-16.002	-12.096	-6.373	10.766	19.562	33.018	24.319	31.235	36	ScrambledFaces
3.309	13.991	10.641	13.221	2.686	3.345	0.491	-4.221	0.226	0.703	-0.602	5.493	-0.302	-0.253	1.680	10.182	3.732	2.005	-0.313	10.631	5.118	-4.662	-11.894	-5.749	-10.310	-0.015	-0.795	5.046	36	Faces
6.715	4.689	11.126	3.424	-4.621	0.749	-1.620	0.530	4.163	-1.165	0.279	6.994	-8.045	-8.115	-3.427	1.534	2.463	1.617	-1.078	-3.930	-10.370	-6.671	-7.242	-7.353	2.436	2.550	-5.802	4.981	36	Cars
-15.093	-11.007	-10.811	-9.030	-8.028	-7.339	7.855	8.177	18.219	16.014	19.597	23.979	10.446	-2.745	-14.733	-15.009	-16.763	-13.595	-14.640	-14.501	-10.395	-7.542	-4.158	4.261	10.993	21.436	10.362	25.832	36	Faces
-0.011	5.172	-13.912	5.999	-3.740	-1.708	0.089	8.114	9.054	6.099	9.712	5.804	3.212	-2.410	-3.183	3.171	-1.839	-4.190	-1.309	3.480	-2.051	-4.845	-5.844	-5.571	1.120	0.535	1.875	10.077	36	Cars
-18.673	-17.723	-15.408	-9.982	-5.621	-3.296	13.815	18.775	21.297	18.867	18.783	24.339	9.254	0.062	-21.359	-15.532	-16.203	-15.025	-15.603	-20.831	-8.663	-11.117	-8.352	7.798	5.805	19.142	17.800	21.337	36	ScrambledCars
-20.784	-17.470	-14.078	-9.807	-4.729	-12.865	6.747	0.447	18.141	14.608	19.152	14.963	3.184	2.428	-16.112	-6.271	-2.837	-5.820	-0.989	-0.704	3.484	-1.612	-13.091	9.076	3.318	19.651	12.480	20.178	36	ScrambledCars
-10.107	-7.769	-10.039	-5.623	-8.271	-1.922	6.264	7.225	11.552	10.889	13.687	13.408	8.666	-0.732	-15.849	-8.388	-11.170	-8.190	-7.375	-6.462	-7.034	-5.950	-12.599	3.849	9.080	21.690	6.895	22.397	36	Faces
-15.345	-7.477	-8.760	-3.877	-1.774	-5.795	3.679	0.901	11.892	10.145	18.533	8.923	-1.394	-7.181	-17.249	-5.295	-9.864	-6.282	-7.506	0.276	-3.756	-7.608	-5.930	2.943	15.811	22.147	8.639	17.427	36	ScrambledCars
7.021	8.610	13.477	5.506	1.542	-3.153	2.332	-12.114	-9.288	1.856	4.358	-2.524	4.211	4.998	6.545	8.750	7.990	-5.036	3.270	10.018	2.780	0.053	-6.427	-3.996	-8.966	-11.180	-1.537	-2.012	36	Cars
-19.813	-2.788	-5.036	0.098	2.926	-7.441	6.654	2.416	12.694	17.350	24.620	20.669	9.749	0.566	-16.931	-6.788	-7.262	-20.203	-9.772	-0.109	0.258	-7.766	-11.304	4.590	5.156	20.208	18.535	25.940	36	Faces
-9.336	-10.555	-2.929	-9.106	-7.832	-3.251	4.323	7.393	21.959	12.568	18.412	14.806	0.991	-0.117	-12.006	-13.584	-16.035	-12.851	-15.577	-12.092	-11.606	-8.589	-5.250	4.361	7.297	15.057	8.709	15.905	36	ScrambledFaces
-23.997	-11.876	-10.540	-6.817	-1.315	-6.030	6.815	10.279	15.424	19.877	32.551	21.546	4.429	-4.039	-26.717	-14.048	-16.883	-15.148	-10.572	-8.388	-5.646	-5.532	-1.417	12.009	10.283	20.549	25.045	25.141	36	ScrambledFaces
-7.211	-4.172	-4.305	-4.504	2.779	2.278	9.358	0.403	8.847	11.431	11.132	12.380	7.082	3.008	-10.533	-1.692	-2.566	-2.969	-0.765	-6.108	-2.177	-3.274	-2.401	-0.035	-4.607	-2.816	4.122	5.087	36	Cars
-24.603	-10.778	-9.482	-6.881	-4.457	0.568	10.549	22.140	21.975	21.022	33.527	19.946	6.904	-5.728	-27.343	-18.438	-18.723	-15.807	-15.211	-19.738	-17.056	-10.094	-2.244	8.762	15.877	27.059	13.750	25.145	36	ScrambledFaces
-20.491	-12.107	-4.568	-7.142	-8.656	-7.900	-0.023	6.300	12.364	7.526	16.399	12.613	-2.188	-6.407	-12.765	-9.139	-8.627	-3.774	-7.102	-3.647	-8.154	-4.020	-13.423	0.561	13.994	25.648	4.353	24.622	36	ScrambledFaces
-9.965	-8.537	-15.004	-7.893	-7.048	-15.391	2.958	-4.873	0.362	6.481	7.301	8.910	6.624	4.616	-3.423	-5.190	-0.872	-3.370	-3.421	-3.444	-6.081	3.745	4.959	9.098	11.081	10.545	12.357	10.359	36	Cars
1.553	6.276	-3.442	0.717	2.986	-1.546	-1.837	-4.706	-7.834	0.842	1.156	-3.234	9.838	6.443	3.311	2.929	4.037	9.278	6.262	1.718	2.747	7.176	11.822	4.680	-6.010	-13.677	7.993	-5.387	36	Cars
-0.193	-4.135	3.305	-5.088	-4.586	1.851	-1.559	2.152	4.124	0.514	7.192	3.309	-9.534	-14.587	-3.226	-6.049	-5.285	3.741	-1.314	-13.998	-12.071	-2.624	7.777	-3.542	10.208	3.236	-3.273	1.933	36	ScrambledCars
-6.495	-11.553	-11.338	-12.480	-12.445	-6.809	0.191	3.509	6.378	7.128	14.587	16.541	-3.158	-7.916	-3.414	-7.450	0.250	-0.930	-4.190	-10.257	-11.082	-3.500	1.621	0.987	5.537	10.836	3.643	13.712	36	Faces
-23.570	-12.339	-16.564	-9.142	-1.966	-3.723	4.857	11.082	22.614	14.011	22.559	22.734	-5.386	-3.668	-20.985	-16.279	-20.954	-12.399	-18.347	-11.883	-9.376	-8.656	-0.005	4.769	19.792	29.636	11.227	24.239	36	ScrambledFaces
-2.401	-1.298	0.845	-2.296	-5.811	-2.720	0.245	-2.714	6.498	6.058	10.186	12.107	2.204	-6.273	-10.318	-3.483	-4.574	-7.403	0.843	-8.546	-7.110	-5.490	4.981	-1.880	3.307	16.103	5.970	19.204	36	Faces
-10.142	-9.047	-13.083	-9.474	-13.459	-1.313	1.307	8.408	14.091	9.815	18.890	14.939	-0.504	-10.115	-15.963	-14.230	-16.200	-1.344	-17.783	-19.232	-16.083	-7.618	-0.994	3.412	19.549	25.779	10.662	19.087	36	ScrambledCars
-18.051	-14.839	-4.763	-14.988	-5.815	-1.486	8.497	6.016	13.716	15.704	22.295	14.662	9.558	-3.292	-13.103	-18.544	-17.364	-9.570	-12.096	-11.595	-14.333	-10.251	-2.179	13.539	8.696	16.532	17.098	22.498	36	Faces
-14.934	-7.270	-14.335	-5.903	-1.512	-7.235	5.679	1.630	7.548	8.776	3.949	7.574	10.786	-0.391	-4.635	-0.147	3.455	-6.735	2.216	2.078	0.467	2.365	-2.974	10.840	-2.128	4.586	14.786	5.483	36	Faces
3.435	5.681	9.148	3.269	0.184	1.124	-6.300	-0.368	4.728	-1.989	5.008	4.969	-14.609	-13.317	-1.833	1.402	-4.153	-2.583	-2.139	3.070	-3.420	-4.104	-7.268	-8.442	4.802	8.497	-1.127	5.327	36	ScrambledCars
-2.585	0.238	-1.183	3.508	-0.366	1.196	0.340	-5.140	-1.007	-0.285	-2.943	3.657	-1.669	3.148	2.585	0.895	0.665	7.348	4.316	0.222	4.256	2.402	3.479	3.025	-3.435	-9.207	1.521	-3.237	36	Cars
11.776	11.538	20.980	4.931	-8.433	-1.932	-9.574	-7.146	-5.948	-5.890	-0.197	-1.267	-3.836	-7.776	10.466	6.953	4.636	10.250	1.752	-1.505	-12.585	-6.487	-2.378	-9.924	-6.426	-7.129	-7.520	-1.707	36	Cars
-17.094	-17.406	-13.534	-18.207	-22.286	-7.991	1.097	10.055	23.484	17.022	33.007	24.806	-1.238	-14.437	-13.198	-15.128	-13.722	-3.341	-17.797	-24.845	-22.079	-12.149	-12.838	-0.537	18.309	29.337	15.242	29.904	36	ScrambledFaces
-7.059	-12.854	-5.411	-9.745	-10.626	-5.429	5.300	12.808	14.069	9.844	14.268	14.776	1.441	-7.852	-7.222	-11.377	-9.831	-4.322	-12.623	-15.751	-12.293	-9.632	-1.101	-1.694	5.541	12.070	3.899	14.838	36	Cars
1.210	1.242	-9.415	9.433	6.868	2.650	2.946	-15.446	-12.035	-1.822	-9.011	-3.208	8.960	13.664	2.022	7.890	7.952	5.658	8.840	11.311	14.498	8.791	6.139	4.158	-4.090	-13.185	-3.551	-6.893	36	Cars
-1.032	0.145	4.339	2.778	-2.769	-2.313	-0.722	-5.178	-3.298	0.575	3.789	2.750	1.765	7.545	-6.705	-7.272	-5.436	0.919	-3.556	-2.093	-0.552	-4.467	-0.852	1.956	2.714	16.249	4.792	12.663	36	Cars
-4.351	-3.929	-10.661	-1.088	1.537	-1.002	1.511	-0.016	2.802	3.094	6.032	10.075	-6.310	4.056	-6.048	0.046	2.182	-1.414	2.133	7.865	5.580	0.174	-3.770	-6.671	2.291	6.707	-1.714	9.425	36	Cars
-16.650	-9.062	0.083	-1.743	-3.343	3.256	5.895	12.297	15.872	9.084	14.207	10.881	-3.957	-2.724	-24.517	-12.179	-15.327	-7.900	-8.143	-10.921	-6.388	-2.728	3.005	4.370	17.944	27.134	11.887	22.223	36	Faces
-11.554	-0.868	-6.622	-5.519	-3.583	-1.916	2.722	3.958	6.103	9.540	17.796	11.932	3.271	-0.261	-13.465	-2.847	-2.618	-10.444	1.257	-1.854	-7.110	-1.910	-0.404	2.878	7.731	22.512	5.881	19.279	36	Faces
-22.767	-19.610	-12.421	-18.292	-14.965	-8.544	5.635	18.929	22.753	19.857	35.085	24.654	3.770	-4.776	-22.024	-17.079	-16.108	-29.406	-14.481	-15.205	-10.711	-7.043	-8.412	5.847	22.019	39.645	15.472	35.882	36	ScrambledFaces
-6.774	1.753	-11.792	6.047	1.049	-4.640	7.610	-12.858	1.004	11.134	9.595	11.802	11.877	8.755	-6.760	6.005	2.848	-7.193	0.128	7.003	8.280	3.384	-7.095	5.117	-2.241	4.556	11.299	4.968	36	Cars
-1.198	6.567	-6.207	9.420	9.568	-2.605	-0.129	-3.156	2.117	2.945	2.566	0.269	0.511	7.461	-8.531	11.919	8.896	-6.448	10.706	24.536	18.878	3.423	-10.048	1.808	-9.423	-4.850	4.186	1.188	36	Cars
-15.842	-9.678	-5.160	-6.377	3.158	3.336	5.096	14.163	26.523	15.666	24.400	14.842	3.736	-5.384	-21.433	-8.927	-15.546	-12.699	-10.672	-5.201	-1.659	-9.078	-15.574	-1.000	6.836	16.468	4.660	18.475	36	ScrambledCars
-12.325	-6.025	4.884	-5.104	1.811	-1.659	1.499	0.115	9.479	6.126	6.610	11.505	2.183	-4.763	-19.538	-7.874	-5.572	-11.694	-7.933	-4.811	-7.200	-4.168	-4.504	10.115	4.887	24.955	16.583	23.615	36	ScrambledCars
-3.934	-6.088	-5.664	-7.946	-7.564	-11.939	-1.012	4.744	10.502	3.678	7.782	11.116	-9.040	-6.603	-4.775	-6.939	-8.681	-7.658	-7.993	-6.527	-8.338	-6.058	-10.890	5.616	11.875	16.121	9.561	16.690	36	ScrambledCars
-19.023	-5.672	-18.160	1.460	7.244	1.408	12.744	-3.667	6.748	14.012	8.668	10.310	17.917	7.342	-17.570	-3.802	-4.800	-8.799	-0.392	2.411	6.200	4.205	-0.985	12.982	1.082	10.787	15.000	11.183	36	Faces
-5.261	-3.648	-4.540	-1.440	-1.983	-3.406	2.896	-7.512	-6.103	3.028	3.754	5.580	4.595	-0.021	-2.975	-3.761	-10.154	-2.876	-7.766	1.862	5.827	-4.957	-0.411	8.053	8.988	12.033	10.687	9.576	36	Cars
-9.419	-7.396	0.312	-3.517	-0.972	-2.967	-1.162	1.454	4.360	6.103	7.804	12.347	10.285	1.647	-10.952	-5.719	-4.261	-5.337	-3.003	0.682	1.812	-0.453	-1.292	9.638	4.460	10.826	10.507	8.476	36	Cars
-17.944	-18.139	-16.608	-16.038	-11.657	-11.926	5.374	13.220	19.108	15.116	24.195	18.143	1.136	-8.390	-15.284	-13.748	-14.087	-12.889	-9.247	-14.056	-10.545	-2.200	3.628	5.807	11.923	21.917	10.796	20.234	36	ScrambledCars
-3.540	2.645	-1.283	6.868	4.242	4.896	8.512	3.572	4.256	5.673	0.007	7.238	4.913	3.538	-5.157	4.726	2.372	-4.073	0.668	5.476	0.635	-2.714	2.436	-2.755	-7.866	-9.994	-2.330	-0.326	36	Cars
-11.402	-8.456	-1.952	-8.036	-3.895	3.994	5.443	3.377	8.020	9.443	9.957	15.358	8.621	-5.794	-11.856	-9.609	-10.109	-8.260	-8.982	-10.974	-10.702	-1.126	1.808	6.187	1.794	13.666	11.361	22.555	36	Faces
-0.310	1.914	-11.325	3.873	-0.404	-0.742	0.171	-5.872	-3.632	-0.010	-0.924	0.556	0.005	2.964	-3.639	3.386	-0.249	-2.727	2.438	9.990	6.507	1.363	7.635	3.608	5.830	4.084	5.351	7.025	36	Faces
-2.079	2.589	-3.453	3.527	-0.832	1.026	3.401	0.674	3.708	9.302	13.601	8.479	12.099	2.340	-4.515	-0.573	-6.183	-4.186	-9.285	-2.571	-4.439	-3.314	-2.621	2.936	-3.315	3.664	3.167	4.640	36	Cars
3.869	6.172	1.616	3.534	-2.718	-8.054	-4.968	-6.401	-1.963	2.147	13.921	7.422	-7.170	-4.259	4.224	4.918	2.004	-3.008	-0.403	5.792	-2.947	-8.661	-8.235	-7.685	0.861	4.372	-4.624	7.294	36	Cars
-19.236	-12.358	-1.436	-11.609	-9.431	-6.623	5.207	1.630	11.093	16.033	30.109	14.987	6.016	2.414	-16.119	-11.825	-7.304	-5.825	-3.365	-8.956	-3.007	1.702	-4.714	6.683	10.420	19.199	10.353	20.744	36	Faces
-29.002	-26.546	-20.368	-19.787	-10.547	-11.217	6.382	15.366	22.350	17.645	28.061	28.889	0.291	-3.738	-22.890	-17.651	-13.505	-13.622	-11.433	-14.280	-8.294	-10.448	-8.062	4.684	21.845	37.409	14.137	35.680	36	ScrambledFaces
1.519	-0.869	1.235	-5.586	-5.718	-3.914	-0.241	-1.260	4.885	3.118	3.166	9.929	4.039	-5.600	1.248	-4.617	0.199	1.744	0.875	-4.717	-12.252	-4.694	-2.138	-3.391	-2.670	-3.262	-2.740	7.203	36	Cars
-4.439	-1.355	-10.763	-2.105	-3.416	-4.911	2.369	-1.597	6.116	6.211	8.361	12.023	-1.142	-1.782	-8.662	-3.981	-5.298	-7.624	-6.610	-4.755	1.640	-3.919	-0.102	4.769	6.422	10.473	7.448	14.865	36	Cars
-1.952	-8.207	-5.265	-2.087	-3.836	-6.902	0.420	6.232	-5.397	3.209	6.009	3.936	8.504	-1.896	-4.854	-3.300	0.828	4.015	-1.140	-1.806	-11.685	-3.258	-3.872	0.643	-0.304	6.654	6.904	2.057	36	Cars
-16.065	-11.466	-13.413	-6.538	-1.307	-0.374	-0.315	3.147	9.721	5.234	9.463	14.435	-5.043	-7.199	-16.968	-10.045	-9.082	-4.782	-4.528	-6.406	-8.037	-0.728	9.987	3.030	16.145	23.001	9.592	20.707	36	ScrambledFaces
-8.129	-11.651	-9.027	-12.203	-7.517	-5.036	1.862	5.434	12.074	12.183	21.780	18.625	3.085	-1.782	-13.775	-12.958	-14.051	-10.826	-10.253	-12.331	-9.891	-6.753	1.122	3.401	10.115	18.891	12.996	23.418	36	Faces
-20.534	-13.446	-6.305	-14.397	-7.245	-7.945	1.302	-6.250	-1.306	7.069	13.798	12.041	2.902	-2.669	-9.253	-8.698	0.526	-1.111	5.506	-8.469	-6.929	8.484	8.455	7.464	9.136	22.386	12.379	18.196	36	Faces
-7.503	-1.182	3.294	-4.313	-6.114	3.159	1.029	10.754	11.791	7.615	16.128	15.631	-6.980	-6.517	-9.028	-5.931	-5.732	-6.601	-5.560	-9.983	-19.936	-10.061	-9.786	-4.204	1.925	8.887	3.025	17.719	36	ScrambledFaces
-6.744	-5.101	0.249	-0.075	-5.966	-2.991	1.778	-5.536	9.476	8.121	13.164	10.824	5.013	-4.362	-7.524	-8.936	-5.191	5.418	-7.708	-10.941	-8.777	-7.177	-11.364	-3.126	5.961	11.041	4.928	13.425	36	Faces
-11.912	-9.610	-1.564	-3.531	-6.073	-5.329	2.803	-6.006	1.361	4.102	4.430	6.017	3.747	1.292	-12.191	-2.878	-3.456	-0.133	-3.752	-2.575	3.450	-1.368	-9.211	2.653	12.460	21.019	13.620	17.530	36	Faces
-11.612	-6.851	4.147	-3.932	2.904	2.670	1.792	10.572	15.226	10.770	20.073	16.428	-2.003	-3.860	-22.483	-8.063	-9.161	-13.500	-7.933	-7.276	-5.939	-7.249	-2.582	-0.417	9.478	20.083	8.578	15.069	36	ScrambledCars
-8.353	-9.837	4.161	-7.635	-0.506	-10.738	-0.745	-4.887	2.538	5.773	9.325	11.167	4.332	-2.949	-3.579	-9.879	-6.130	-5.377	-2.883	-2.178	-6.775	-1.980	-0.274	5.248	6.187	1.738	10.559	3.800	36	Faces
-21.430	-18.449	-25.600	-17.331	-11.427	-14.057	5.193	6.772	18.573	16.975	23.259	25.934	4.710	-3.761	-15.199	-13.993	-8.586	-10.716	-8.874	-9.643	-9.428	-1.722	-2.247	13.432	18.034	28.704	20.704	22.231	36	ScrambledCars
-19.564	-6.724	-17.963	-3.788	-2.942	1.240	4.553	10.686	11.306	9.301	9.049	13.349	6.630	0.852	-16.501	-1.689	-2.974	-9.520	5.654	1.986	0.603	-1.502	-4.104	2.894	13.598	17.488	11.177	18.234	36	ScrambledCars
-16.655	-12.141	-7.522	-9.918	-7.146	-8.345	8.408	2.107	10.205	11.019	13.366	14.132	3.538	2.840	-14.847	-10.441	-8.328	-4.593	-3.739	-2.821	-4.649	2.078	-5.240	7.967	15.701	22.965	10.562	16.866	36	ScrambledCars
-12.107	-15.126	-15.319	-14.159	-8.294	3.132	5.587	-0.087	18.601	13.204	19.834	18.553	-0.894	-11.784	-10.468	-16.275	-8.509	5.177	-3.530	-18.565	-15.888	-2.017	3.256	-1.723	6.661	11.178	4.376	14.683	36	ScrambledFaces
-5.160	-6.679	1.430	-9.581	-10.606	-8.882	-3.080	6.263	8.773	2.679	12.026	8.622	-10.002	-11.848	-3.689	-4.754	0.788	-0.975	-6.207	-7.959	-10.948	-4.736	3.818	-3.408	7.909	17.664	-0.025	16.291	36	ScrambledCars
-13.008	-13.913	-16.163	-11.250	-8.028	-7.825	3.711	3.435	15.039	11.501	16.917	13.808	4.673	2.150	-9.922	-5.492	-7.283	-11.604	-6.634	-2.681	2.736	-6.711	-10.638	0.411	10.627	17.582	6.080	19.374	36	ScrambledCars
-28.493	-18.363	-12.814	-13.358	-9.429	-9.084	10.186	9.608	22.414	21.209	29.451	27.285	5.084	-3.360	-25.313	-15.937	-8.596	-18.153	-4.495	-14.649	-12.563	-3.560	-5.798	11.650	17.728	28.455	18.236	28.377	36	ScrambledFaces
-16.662	-10.629	-1.380	-6.033	-5.925	1.176	4.964	17.019	23.337	10.387	15.734	16.430	-3.900	-5.309	-21.924	-15.266	-18.583	-12.240	-18.976	-17.623	-10.620	-10.523	-6.012	2.788	17.378	24.682	6.801	28.146	36	ScrambledCars
-8.627	-4.996	-11.870	-6.822	-1.904	-7.949	11.474	4.015	13.990	14.935	15.044	16.193	9.530	4.592	-10.701	-7.257	-10.085	-11.891	-9.412	-11.695	-1.928	-6.289	2.104	6.238	3.581	10.377	9.482	15.350	36	Faces
-1.514	0.665	0.845	6.338	1.494	8.583	5.100	3.963	12.024	9.075	11.837	5.104	7.220	3.271	-5.362	-6.763	-8.659	-12.935	-7.074	-10.773	-3.510	-6.887	-10.481	-3.520	-0.089	-0.836	-1.078	2.825	36	Cars
-0.704	5.775	14.046	2.764	1.829	-1.437	7.353	-6.008	4.210	8.316	10.075	5.871	5.264	3.392	-8.460	1.973	3.939	-4.610	1.380	0.054	-3.790	-4.245	2.460	-1.470	-7.941	-2.116	-1.634	1.227	36	Cars
-14.574	-8.442	-14.635	-8.052	-3.323	-10.153	7.705	6.337	11.025	15.023	21.725	19.890	4.323	-1.625	-16.229	-6.581	-9.843	-10.032	-5.311	-4.908	-3.056	-4.656	-4.037	4.949	7.696	16.431	10.618	18.825	36	Faces
-11.219	-13.737	-14.669	-9.236	-7.022	-5.856	0.964	-1.281	8.039	8.771	13.038	17.477	4.487	-2.535	-11.455	-12.659	-11.007	1.711	-2.302	-4.732	-0.922	5.913	13.992	6.222	8.208	12.197	8.612	13.479	36	Cars
-18.996	-14.118	-18.802	-12.726	-6.428	-11.256	5.255	6.845	20.843	16.353	24.081	23.263	0.078	-8.903	-15.988	-10.542	-13.613	-8.949	-13.177	-7.890	-8.612	-10.306	-2.944	7.492	12.835	19.516	16.220	22.939	36	ScrambledFaces
-21.785	-6.853	-14.087	-6.026	0.584	-5.773	7.054	5.276	16.406	13.293	13.253	12.995	3.795	0.484	-18.270	-4.434	-1.811	-16.653	2.038	-3.815	-0.931	1.109	-3.130	12.406	3.986	21.827	22.024	18.355	36	ScrambledCars
-16.045	-13.435	-20.577	-12.360	-9.023	-12.582	5.588	8.754	16.884	16.491	23.642	21.373	6.187	-6.430	-7.761	-9.012	-7.313	-10.965	-10.011	-13.197	-12.067	-7.519	-3.608	5.964	10.600	16.322	16.138	22.357	36	ScrambledFaces
-24.052	-23.511	-18.064	-23.646	-15.549	-13.073	-2.015	9.920	49.376	16.397	24.370	15.244	-2.091	-9.028	-13.679	-16.410	-15.176	-1.192	-10.092	-13.534	-12.533	-8.140	-3.830	4.957	14.925	26.439	14.116	20.275	36	ScrambledFaces
-9.100	-5.199	-10.425	-5.729	-3.824	-7.173	2.460	1.865	4.693	6.142	14.114	7.314	-9.406	-5.996	-5.679	2.139	-5.552	-8.959	-0.844	1.930	-2.003	-1.250	-3.783	3.182	5.021	16.682	6.473	14.821	36	ScrambledFaces
-17.506	-17.670	-4.548	-14.613	-9.592	1.117	-0.345	10.697	17.465	5.838	13.009	8.936	-4.111	-6.491	-10.467	-14.466	-11.392	5.090	-11.736	-16.879	-13.663	-6.073	6.751	2.380	14.811	15.235	2.952	16.469	36	ScrambledCars
-15.380	-15.778	-9.163	-9.788	-7.631	-2.140	4.358	2.259	10.652	9.640	8.997	15.049	13.510	6.266	-15.149	-12.689	-11.158	-12.240	-8.493	-10.518	-0.602	3.868	-1.776	10.489	16.011	26.009	13.334	22.218	36	Faces
-8.424	-4.175	-4.449	-1.270	-2.663	-5.422	-0.256	-4.567	-4.092	2.387	1.782	8.510	8.214	6.324	-0.068	-2.766	2.458	-4.002	4.275	-0.356	-0.897	4.063	4.416	2.546	0.945	8.154	3.178	5.373	36	Cars
10.624	0.779	-3.519	-0.223	-10.412	-1.003	-13.842	-6.433	-5.169	-7.320	-0.810	0.882	-7.255	-9.036	10.802	4.275	4.583	10.570	6.475	-1.901	-8.177	0.571	11.045	-3.729	-0.544	-3.669	-6.191	0.215	36	Cars
-3.853	-0.477	3.688	0.651	-5.055	-7.966	3.125	2.202	6.022	5.538	7.980	9.787	-0.929	-2.080	-1.177	-5.383	-5.497	2.989	-6.794	-4.402	-2.009	-2.029	-0.786	-0.178	-0.450	0.337	2.926	5.358	36	Cars
-18.481	-4.104	-10.770	-4.469	-3.540	1.787	17.221	7.094	17.055	18.470	18.649	15.625	10.929	-4.185	-24.365	-10.323	-9.697	-12.915	-7.327	-15.592	-12.771	-3.858	-1.438	7.470	16.353	18.900	9.700	18.762	36	Faces
-4.875	-8.118	5.202	-11.725	-9.828	0.811	-0.946	2.197	13.846	7.682	17.870	10.771	-1.880	-6.243	-9.394	-11.498	-12.494	-0.486	-13.761	-16.235	-17.787	-6.815	-22.293	2.079	5.247	19.605	7.327	21.961	36	ScrambledCars
0.970	-6.159	-2.514	-8.251	-10.659	-4.361	0.674	-5.019	-0.531	1.451	0.652	10.151	0.879	-3.687	3.479	-7.245	-4.753	0.442	-6.199	-13.033	-10.384	-2.691	-4.438	3.389	-0.139	5.059	2.003	8.616	36	Cars
-14.790	-12.884	-3.716	-15.415	-6.701	0.544	8.910	18.693	17.454	8.327	13.622	9.028	-11.264	-15.779	-9.526	-14.667	-5.429	-2.186	-12.121	-20.501	-22.219	-9.242	2.637	-3.340	8.702	11.146	-1.886	14.051	36	ScrambledCars
-7.715	-6.572	-5.867	-7.451	-6.419	-11.438	-0.769	10.897	8.809	4.495	12.352	15.535	-9.025	-9.464	-8.158	-7.845	-10.726	-3.088	-4.268	-10.475	-6.679	-7.974	-0.201	-1.245	15.808	18.446	3.036	19.775	36	ScrambledFaces
-2.640	-1.437	-17.544	-3.545	-1.938	-5.350	1.635	0.404	-2.246	2.102	1.967	-2.868	5.790	3.283	2.049	2.408	8.693	8.541	5.477	2.089	3.300	3.922	4.145	3.291	-4.252	-6.943	-2.110	-3.394	36	Cars
-1.523	2.892	-5.061	4.756	-4.354	-1.354	-3.510	1.811	4.445	-0.122	3.255	6.191	-6.552	-7.446	-4.866	-1.696	0.619	-4.228	-2.970	0.353	0.951	-2.886	-7.866	-6.478	8.344	13.702	0.119	12.035	36	ScrambledCars
-14.914	-8.723	-21.074	-6.834	-8.774	-9.809	0.968	15.579	22.906	16.259	31.983	17.889	-0.462	-8.793	-18.676	-9.298	-10.632	-16.241	-11.847	-9.124	-15.231	-10.576	-6.408	2.075	17.245	28.138	8.614	25.215	36	ScrambledCars
-17.755	-2.774	-20.883	-1.944	1.111	-3.926	4.868	-2.087	15.188	10.260	9.760	7.135	5.471	-3.692	-14.710	-0.034	4.897	-6.610	6.183	3.142	-1.756	2.148	-0.764	2.974	6.431	14.469	8.180	13.866	36	ScrambledFaces
-18.926	-12.761	-17.545	-8.263	2.212	-2.575	7.635	9.541	9.249	11.131	13.545	15.199	4.056	7.097	-18.342	-9.336	-11.513	-10.713	0.239	-4.258	1.396	-1.659	-1.644	8.009	11.561	21.928	13.185	21.979	36	Faces
-18.779	-18.599	-22.346	-13.676	-14.159	-14.210	2.388	4.973	8.903	11.295	18.546	21.466	-1.025	-6.667	-15.248	-12.495	-10.623	-20.595	-8.935	-8.076	-6.322	-4.376	5.183	13.415	21.267	37.182	22.713	35.039	36	Faces
-19.216	-12.082	-16.136	-7.790	-8.859	-7.065	7.853	7.187	28.305	15.149	19.181	15.308	-1.590	-3.590	-21.175	-11.506	-12.933	-15.927	-12.532	-10.634	-8.976	-7.397	-11.330	2.060	18.144	26.318	13.276	29.482	36	ScrambledFaces
-19.646	-19.810	-15.207	-16.845	0.051	-7.437	6.468	11.007	18.341	15.409	17.935	19.237	12.007	4.773	-20.577	-20.606	-17.229	-10.679	-7.390	-11.663	-5.355	-6.605	-6.448	11.484	9.182	18.476	18.556	20.895	36	ScrambledFaces
-19.654	-15.292	-17.317	-13.926	-3.746	-10.923	3.678	7.656	16.727	12.365	18.243	16.083	0.481	-3.865	-15.119	-12.927	-14.891	-10.015	-13.762	-13.972	-12.334	-11.233	-4.332	7.737	14.117	22.139	17.370	18.315	36	ScrambledCars
-13.091	-1.354	-7.431	-2.639	-3.663	-5.780	0.895	13.328	16.707	9.459	14.601	22.053	-4.139	-16.699	-10.924	-7.437	-4.796	-8.206	-8.851	-10.079	-12.638	-9.655	-17.629	-1.673	4.198	18.696	6.448	20.136	36	ScrambledFaces
-9.691	-9.719	-10.024	-7.363	-3.134	-10.221	5.419	-2.535	6.312	13.816	16.154	18.055	18.013	9.265	-7.265	-3.322	-9.530	-11.754	-4.116	0.106	6.745	-0.817	-2.956	8.574	2.567	11.311	12.897	14.935	36	Faces
-20.636	-13.534	-12.837	-10.485	-8.373	-0.105	7.772	9.838	23.540	18.356	25.439	20.421	7.430	4.065	-22.836	-10.292	-15.687	-19.131	-11.788	-5.570	-2.446	0.150	-7.290	10.039	18.694	31.347	17.960	27.057	36	ScrambledCars
-1.590	0.177	-6.489	-3.693	-7.575	-7.490	-6.435	9.722	11.400	7.317	22.932	13.896	-9.109	-8.304	-1.636	-3.495	-1.944	-5.085	-8.045	-8.729	-8.945	-13.073	-7.850	-4.261	7.295	3.808	4.647	8.079	36	ScrambledCars
-21.340	-19.482	-8.598	-21.202	-11.869	-7.516	5.167	10.487	24.233	20.691	31.502	28.809	8.915	-5.462	-20.478	-17.503	-18.684	-16.363	-19.466	-14.442	-12.908	-11.653	-7.167	5.751	17.934	29.546	22.848	27.531	36	ScrambledCars
-16.773	-13.948	-14.372	-9.591	-1.616	-7.938	0.465	8.599	17.045	12.018	16.849	18.117	7.853	3.654	-16.730	-13.720	-9.316	-13.004	-10.518	-7.911	-5.246	-10.913	-10.106	7.957	5.549	20.751	14.814	21.650	36	ScrambledFaces
-0.840	-10.182	2.817	-10.119	-5.650	-4.939	-2.542	-4.014	3.938	6.058	14.821	11.326	-0.449	-6.240	-2.484	-8.088	-6.930	-3.370	-9.459	-7.384	-1.943	-9.730	-11.108	2.274	-1.793	2.710	7.759	10.272	36	Cars
-0.329	-2.232	-4.041	3.856	3.759	-6.117	1.373	-8.623	-4.250	2.442	1.948	-2.211	7.170	9.483	-0.116	4.547	9.164	10.762	7.218	11.066	8.856	5.296	-2.736	5.034	-11.075	-8.169	2.234	-5.941	36	Cars
-6.748	6.123	-2.965	7.872	10.503	6.493	2.108	-5.937	-4.959	-2.239	-6.671	-5.706	-3.736	7.174	-9.040	8.571	9.584	3.241	10.026	13.395	8.106	4.986	3.741	3.975	-2.933	1.974	4.899	-3.609	36	Cars
-1.862	-4.140	-5.854	-4.244	-2.471	-1.584	-0.735	4.035	4.191	5.916	12.974	2.875	3.181	-0.630	-3.295	-5.084	-3.248	-1.122	-2.778	-6.066	-5.721	-0.008	2.889	-2.853	-2.113	-4.974	3.567	0.075	36	Cars
-8.894	-0.829	-9.386	-2.507	-7.133	-1.366	1.385	11.201	13.894	5.475	10.018	14.396	-7.462	-4.072	-11.063	-8.760	-8.069	3.043	-11.140	-8.675	-8.414	-9.333	-7.342	-3.570	13.161	18.869	3.145	15.957	36	ScrambledCars
-21.694	-14.059	-2.658	-13.589	-7.052	-3.960	1.320	11.796	17.599	6.668	10.618	7.845	-1.009	-7.486	-13.474	-9.813	-6.878	4.540	-7.581	-10.713	-8.189	-6.258	0.166	-1.331	10.896	22.410	8.810	14.836	36	ScrambledCars
-5.346	-3.316	3.550	0.393	-4.224	-4.107	5.879	-1.468	3.289	11.410	15.708	15.893	10.598	-4.204	-10.622	-8.456	-12.505	-8.671	-6.933	-10.968	-9.420	-6.870	-1.006	3.560	3.410	12.979	14.126	21.410	36	Faces
-1.563	2.737	3.271	1.059	-2.160	1.422	0.309	2.304	7.333	0.104	2.714	2.278	-10.889	-1.582	-2.408	-2.141	-2.789	2.078	0.442	-1.318	-6.720	2.234	7.100	-3.575	5.110	1.477	-4.062	3.985	36	ScrambledFaces
-5.566	-5.994	-0.478	-8.065	-5.526	-5.237	2.213	4.511	16.894	10.192	17.789	16.130	-3.839	-1.524	-9.091	-8.783	-14.921	-13.624	-12.773	-8.476	-10.962	-7.608	0.631	-1.967	3.569	18.506	8.050	20.477	36	ScrambledFaces
1.121	0.116	-2.730	1.781	0.526	-1.457	6.471	-3.214	-8.521	2.100	-5.233	3.393	13.306	5.160	0.838	2.405	1.734	-0.306	4.476	5.301	1.020	5.754	-4.324	6.010	-0.898	-5.415	2.369	0.208	36	Cars
-11.680	-6.192	-17.513	-5.258	-1.308	-5.760	15.284	5.376	9.781	17.910	15.656	21.061	15.596	6.591	-14.984	-5.046	-5.682	-14.240	-3.034	-2.032	-3.606	-1.527	-0.074	8.997	2.371	10.081	10.252	10.506	36	Cars
-4.244	-1.725	0.427	2.899	1.467	-3.156	2.317	4.789	2.306	3.179	2.360	8.531	0.657	-1.351	-4.281	-2.748	-3.104	-6.552	-5.517	-0.782	0.682	-5.239	0.408	4.520	2.612	7.256	7.992	9.349	36	Faces
8.662	0.487	3.623	1.013	7.230	6.879	-3.976	-11.375	-13.285	-8.506	-14.163	-3.029	-1.619	5.362	4.662	4.003	3.103	8.574	4.134	4.833	10.927	7.159	5.945	5.172	-8.017	-6.518	-0.243	-5.502	36	Cars
-18.798	-10.768	-22.123	-7.673	-5.362	-6.262	3.144	6.548	17.772	12.851	20.659	19.061	-6.450	-6.355	-18.761	-9.052	-9.913	-19.421	-8.668	-4.459	-4.958	-4.237	-1.348	10.258	18.323	23.705	16.812	25.181	36	ScrambledFaces
-20.477	-17.476	-11.395	-13.088	-8.064	-15.074	4.905	7.245	16.566	19.105	31.511	18.818	8.752	-4.583	-14.357	-11.705	-12.479	-15.406	-9.837	-8.969	-5.793	-7.099	-7.540	10.236	7.641	17.119	18.487	22.294	36	ScrambledFaces
-21.418	-7.197	-10.913	0.591	-0.252	0.047	2.027	2.549	17.282	7.575	12.925	14.394	-8.945	-6.439	-17.911	-9.413	-7.405	-6.281	-8.036	-7.152	-9.746	-6.692	1.706	-2.522	14.782	22.110	3.754	22.686	36	ScrambledFaces
6.372	8.152	8.860	7.816	0.936	5.723	0.911	-7.628	-7.119	0.629	3.616	0.080	-0.163	-2.137	3.865	5.377	9.403	4.941	10.213	6.467	2.885	3.543	1.228	-8.291	-11.058	-12.409	-7.748	-6.650	36	Cars
-5.364	-6.414	-6.173	-3.236	-1.166	-7.432	0.481	-4.635	3.516	6.239	10.069	9.692	8.506	1.858	-7.615	-8.559	-9.140	-0.577	-11.064	-7.730	-5.052	-4.595	-0.473	3.625	4.097	7.109	3.251	13.282	36	ScrambledCars
-1.179	-6.733	-10.948	-7.971	-2.685	-4.609	-0.936	-13.924	-6.885	1.398	-0.014	5.195	4.479	2.784	4.099	10.045	9.925	9.328	8.386	9.418	3.077	0.517	-0.839	3.119	-6.660	-10.562	5.369	-1.506	36	Cars
-19.225	-5.933	-12.357	-6.458	-1.175	-2.871	7.619	3.354	12.334	17.111	21.516	19.564	14.283	6.806	-21.083	-7.362	-6.539	-11.474	-5.330	-6.210	1.632	0.743	1.753	8.307	5.542	16.970	16.354	17.554	36	Faces
3.422	6.134	-8.376	9.023	8.626	1.512	6.894	-3.676	-8.032	4.760	2.658	3.526	6.116	8.400	1.698	14.700	4.244	-9.556	4.240	18.902	14.545	-1.723	-9.252	-0.177	-12.908	-9.865	-0.743	-2.710	36	Cars
-18.053	-7.311	-5.825	-7.557	-2.412	-7.183	1.994	0.757	11.397	8.906	9.601	13.977	7.518	-1.868	-13.703	-10.768	-8.680	-4.996	-9.874	-7.070	-4.945	-8.160	-12.177	8.116	11.967	21.716	19.064	19.017	36	Faces
-24.607	-9.355	-15.722	-5.780	0.522	-5.663	9.239	12.321	22.963	20.561	26.065	15.907	11.776	-0.390	-23.019	-7.198	-4.849	-13.078	2.509	-7.935	-2.500	2.338	1.752	9.693	2.250	13.349	17.616	15.352	36	ScrambledCars
-16.312	-12.868	-12.665	-14.055	-11.747	-5.711	-0.660	0.831	13.775	10.714	18.180	22.855	1.590	-7.278	-13.625	-10.084	-15.005	-8.646	-12.155	-16.490	-12.915	-4.911	-8.523	5.075	15.400	35.642	17.536	28.151	36	Faces
-4.220	-9.833	6.042	-8.699	-3.021	0.749	5.518	-2.690	5.693	9.742	13.851	9.360	8.774	3.245	-4.961	-8.331	-11.806	-4.742	-6.588	-6.656	-1.022	-3.139	-9.890	4.809	-0.709	6.246	8.680	10.396	36	Faces
-3.676	1.290	-3.448	3.667	-0.366	0.243	3.681	4.561	8.719	7.702	14.379	9.793	-4.866	-0.091	-9.837	-0.677	-0.846	-2.660	-3.121	-0.916	-3.815	-8.004	-6.365	-5.946	-0.549	4.505	-0.732	8.919	36	Faces
-9.672	-17.264	-6.580	-13.306	-9.033	3.519	7.223	11.665	17.985	12.741	17.375	18.696	-0.101	-2.991	-9.612	-13.753	-14.573	-14.514	-11.640	-11.740	-3.760	-6.092	-10.510	-0.542	1.187	15.280	5.617	14.504	36	ScrambledCars
3.744	-0.446	-1.618	-0.411	-7.111	-1.517	1.929	8.828	2.714	2.944	5.010	7.988	-1.929	-4.592	0.621	-5.800	-2.061	-0.696	-2.940	-13.250	-10.808	-4.778	5.992	-1.100	-4.090	-4.804	-0.665	9.635	36	Cars
-19.871	-15.509	-15.958	-9.117	-7.745	-10.446	1.463	4.086	16.890	8.166	9.932	6.929	7.472	-1.142	-11.632	-9.189	-4.623	0.629	-0.900	-4.391	-8.854	-4.628	11.299	2.660	13.008	13.475	3.615	13.071	36	ScrambledCars
-8.174	-7.067	-1.599	-10.098	-4.481	-4.216	5.284	5.043	2.857	3.993	2.601	12.224	-0.045	0.540	-8.782	-3.574	-4.806	-11.102	-6.696	-0.917	-3.239	-4.194	-4.532	-0.186	8.542	22.337	6.915	19.147	36	Faces
-13.135	-10.692	-6.792	-8.912	-5.491	-4.139	5.470	0.957	15.908	15.357	23.887	22.137	-1.017	2.617	-11.035	-5.651	-12.902	-18.525	-15.453	-2.470	0.251	-6.023	-8.858	7.519	5.870	19.750	15.544	20.236	36	ScrambledFaces
-16.632	-17.276	-9.051	-23.059	-12.181	-3.735	4.187	17.591	29.854	15.259	26.816	25.043	-6.504	-11.548	-16.795	-25.674	-27.143	-19.900	-26.106	-24.174	-22.485	-11.902	-9.884	5.288	28.202	35.880	13.133	34.146	36	ScrambledFaces
-21.379	-11.236	-23.807	-8.599	-5.274	-11.095	4.049	16.409	23.217	14.237	21.559	20.087	-4.766	-11.592	-19.123	-13.072	-10.819	-8.706	-8.830	-12.440	-11.298	-5.333	-11.618	6.748	13.201	23.438	15.249	24.943	36	ScrambledFaces
-21.006	-13.062	-16.140	-9.088	-10.604	-5.924	2.872	9.476	20.124	15.474	27.159	16.798	-0.537	-4.884	-17.528	-3.493	-1.144	-17.069	-0.853	-6.794	-5.342	-6.907	-20.498	3.952	8.820	32.674	12.789	26.085	36	ScrambledFaces
-4.356	-6.325	4.151	-3.495	-4.769	-0.879	-5.829	6.580	12.356	-2.774	0.629	3.485	-12.813	-11.918	-4.158	-6.915	-5.009	4.785	-5.986	-10.120	-12.929	-6.846	-6.722	-6.279	6.856	9.604	-4.134	7.201	36	ScrambledCars
-7.393	-5.096	-5.964	-0.602	-2.202	-0.075	0.586	-14.805	-4.026	4.069	2.418	10.540	7.843	2.543	-9.811	2.913	7.398	2.219	7.531	1.514	-1.789	6.051	5.639	9.079	-0.043	10.734	11.011	8.059	36	Faces
-19.282	-2.214	-6.245	-2.646	4.338	-2.754	15.993	0.427	3.623	11.870	6.206	8.369	6.242	5.900	-0.559	4.816	3.850	-1.533	3.489	8.654	3.132	0.883	-5.908	10.246	-10.439	-6.802	9.674	3.256	36	Faces
-17.261	-16.645	-4.521	-13.967	-11.200	-8.644	5.504	9.365	21.855	14.464	24.071	15.312	-0.263	-8.504	-21.264	-17.122	-10.784	0.013	-8.542	-17.738	-15.578	-7.144	-1.842	4.340	18.060	17.643	11.549	21.896	36	ScrambledFaces
-22.938	-11.951	-14.290	-6.273	-3.478	0.120	10.038	5.541	19.960	18.287	21.279	20.178	8.941	-2.987	-21.268	-17.749	-11.617	-14.558	-12.530	-15.239	-8.887	-8.770	-0.440	6.519	8.605	20.715	18.703	18.663	36	Faces
-10.651	-2.037	-3.237	0.109	-2.205	-2.055	6.853	14.689	13.356	10.538	17.753	16.366	-6.631	-11.558	-9.602	-13.083	-11.409	-2.483	-8.636	-14.245	-10.689	-11.859	-8.752	-6.306	3.529	11.171	2.288	13.292	36	ScrambledFaces
-7.104	-1.986	-2.406	1.484	1.288	1.129	11.066	9.467	13.479	11.133	9.689	10.691	2.935	3.672	-12.118	-7.439	-7.356	-9.369	-2.985	-7.400	-2.624	3.043	2.822	0.714	-0.582	-1.737	4.276	6.801	36	Cars
-4.827	-5.569	8.583	-7.207	-11.755	1.907	-7.766	-6.027	-1.666	-3.979	3.059	5.020	-9.998	-13.685	-1.948	-4.468	-0.962	0.544	-7.217	-13.742	-15.138	-5.845	-1.329	0.589	13.212	21.605	3.954	18.027	36	Faces
-13.645	-8.163	-15.335	-4.006	-3.726	-1.978	3.118	4.850	13.407	11.609	18.606	19.148	1.681	-6.359	-14.810	-11.786	-7.371	-1.684	-7.611	-8.461	-9.302	-9.410	-8.339	-2.413	8.645	21.061	7.689	20.315	36	ScrambledFaces
-12.086	-13.535	-15.738	-11.972	-10.976	-1.946	4.305	8.657	19.433	11.305	16.660	13.446	-0.716	-5.117	-15.478	-10.705	-11.397	-14.704	-12.467	-11.151	-10.183	-6.753	-9.709	3.647	16.158	27.364	10.553	19.994	36	ScrambledFaces
-15.958	-12.460	-14.612	-3.815	4.202	1.871	12.583	0.278	6.128	15.396	14.778	15.665	13.403	4.150	-10.417	-9.659	-5.022	-5.411	0.758	-1.242	5.696	0.283	1.298	4.346	-4.635	-3.323	9.182	4.954	36	Cars
-13.491	-3.408	-7.168	-4.958	2.653	-4.484	5.860	-9.668	-2.842	10.463	16.674	9.454	8.783	-0.039	-10.039	-3.785	-5.041	13.184	0.022	-6.791	-1.578	-0.572	10.331	5.134	0.186	0.020	9.775	6.795	36	Cars
-7.853	-10.348	-7.176	-7.081	-8.035	-7.846	-2.301	0.831	9.287	6.251	12.588	13.863	-1.710	-10.003	-5.009	-5.635	-6.480	-0.819	-10.647	-6.650	-10.495	-12.033	-13.774	0.948	8.165	11.850	10.320	16.013	36	ScrambledCars
-9.535	-10.172	-13.726	-7.901	-6.740	-7.560	-1.596	3.712	15.385	8.205	15.797	13.268	-2.964	-11.632	-9.032	-10.783	-10.572	-4.291	-9.160	-12.347	-11.539	-6.668	2.545	1.030	10.800	16.422	8.266	13.524	36	ScrambledFaces
-6.689	-9.141	1.051	-8.989	-4.027	-0.062	-1.146	-1.426	10.524	5.070	8.090	6.538	4.369	-5.099	-5.476	-5.029	-4.388	0.488	-7.929	-2.946	-5.895	-7.479	-13.060	1.795	-1.418	7.182	3.990	12.829	36	Cars
-0.597	-6.680	-9.530	-7.567	-6.682	-8.898	-2.325	9.873	7.414	2.841	9.883	10.755	-9.297	-10.383	-5.381	-6.816	-11.761	2.567	-11.175	-12.208	-10.008	-8.873	-10.465	-0.404	7.928	16.863	7.675	15.500	36	ScrambledFaces
-29.906	-13.474	-27.011	-9.571	-3.181	-4.738	23.005	25.488	34.040	28.883	32.022	23.773	11.878	7.182	-33.013	-15.764	-21.409	-27.541	-12.245	-9.077	-3.099	-6.023	0.644	13.517	9.674	24.879	12.698	28.945	36	ScrambledFaces
-15.861	-20.644	-13.963	-12.688	-11.391	-5.969	5.421	8.416	22.626	14.742	22.412	17.827	-1.722	-8.070	-15.010	-11.535	-10.668	-13.335	-9.258	-11.989	-15.428	-8.101	-16.117	2.775	14.613	21.045	13.525	24.942	36	ScrambledFaces
-20.489	-13.468	-3.473	-6.674	-3.107	2.128	14.572	9.173	23.320	19.562	21.354	19.615	9.931	1.539	-19.770	-13.065	-14.693	-17.814	-13.971	-5.778	-1.859	-6.109	-4.459	5.098	6.324	15.172	9.837	18.576	36	ScrambledCars
-8.388	-5.400	-10.623	-5.324	-5.575	-0.800	6.002	5.895	16.549	10.864	15.162	14.210	-3.231	1.019	-12.611	-6.212	-5.498	-7.726	-5.783	-7.333	-4.615	-3.534	-6.966	1.887	7.090	13.327	4.474	11.963	36	ScrambledCars
-17.913	-12.947	-12.420	-12.231	-11.589	-6.280	2.003	12.384	20.425	11.218	14.658	19.301	4.046	-6.005	-18.862	-14.544	-13.799	-13.212	-8.494	-16.353	-18.629	-9.283	-4.076	5.295	18.308	32.806	16.890	28.763	36	ScrambledFaces
-11.403	-17.688	-13.433	-16.725	-13.519	-7.858	-3.684	21.123	13.859	7.489	20.083	18.601	-5.549	-5.826	-12.398	-13.316	-8.555	-3.467	-4.536	-9.931	-11.682	-6.274	-3.503	-2.707	14.772	19.334	5.003	23.083	36	ScrambledFaces
-17.203	-11.296	-8.139	-10.066	-11.372	-12.518	0.179	9.444	15.405	9.816	19.096	20.796	-6.137	-9.438	-11.681	-9.165	-10.418	-5.278	-12.226	-13.019	-12.791	-9.766	1.275	2.261	15.446	24.829	11.978	24.060	36	ScrambledCars
4.018	3.989	0.852	6.543	5.589	2.665	5.938	-7.638	-9.487	3.084	2.153	0.688	7.789	4.482	0.727	7.095	4.829	1.202	11.132	10.751	8.051	3.040	0.883	-1.696	-3.400	-13.477	-5.632	-8.058	36	Cars
-9.563	-13.545	-10.929	-10.445	-13.241	-3.983	-0.102	9.115	17.118	8.659	18.629	13.559	-5.028	-5.782	-13.002	-16.463	-16.557	-8.345	-12.226	-12.299	-10.330	-9.368	-9.899	1.551	16.740	25.981	8.286	24.732	36	ScrambledCars
-14.090	-8.539	-15.407	-4.201	-3.750	-5.671	2.074	5.036	12.817	10.126	14.645	14.334	3.995	-0.928	-12.035	-11.814	-6.003	-4.296	-3.333	-8.706	-5.784	-5.763	0.624	4.620	6.258	15.125	8.304	13.284	36	Faces
-16.928	-7.491	-2.990	-6.149	-3.447	0.337	6.789	6.548	22.509	16.555	28.096	20.979	-4.865	-4.556	-20.308	-11.347	-15.426	-14.184	-13.983	-13.306	-8.333	-6.086	-6.327	0.183	13.588	21.756	10.190	23.777	36	ScrambledCars
-2.310	1.304	-3.004	1.299	-4.198	-7.694	4.138	-16.106	0.197	5.416	7.169	8.336	1.048	-1.069	-1.573	-1.646	-3.891	8.805	-1.064	-4.157	-9.598	-2.348	-3.469	0.590	3.403	4.322	3.125	7.034	36	Cars
-22.452	-14.511	-12.275	-9.866	-7.933	-6.741	7.320	7.171	17.314	16.178	23.863	22.313	3.807	-5.586	-22.954	-16.909	-10.835	-4.339	-7.884	-15.644	-12.676	-4.401	4.131	5.553	18.043	21.665	13.993	26.399	36	ScrambledFaces
-17.815	-7.633	2.530	-6.765	-3.715	-0.772	3.022	-1.230	9.156	7.326	13.056	12.423	-4.193	-3.067	-15.079	-7.030	-7.097	-1.490	-3.146	-10.324	-6.758	1.191	4.355	6.891	13.648	21.107	9.420	16.095	36	Faces
-23.078	-20.909	-24.558	-16.089	-16.124	-12.749	11.017	14.963	30.177	24.366	35.186	29.816	2.886	-9.384	-22.892	-22.789	-20.936	-23.599	-15.602	-21.226	-15.879	-14.432	-5.027	4.813	14.610	35.894	18.917	34.477	36	ScrambledFaces
-3.955	-3.739	-0.828	-0.793	-4.146	-3.688	6.912	5.204	5.953	10.483	16.665	10.469	3.432	-3.095	-3.545	-6.584	-0.493	-2.585	-2.042	-8.501	-3.667	-1.660	-0.803	-5.263	-2.509	-6.447	-2.528	4.691	36	Cars
-22.449	-17.144	-10.888	-11.889	-7.020	-1.569	8.753	3.925	23.831	19.361	25.482	24.955	6.077	-0.771	-22.380	-20.534	-22.810	-16.087	-11.856	-13.644	-4.362	-4.167	-9.470	8.771	14.877	28.178	22.231	30.851	36	ScrambledFaces
-6.311	-9.822	-5.805	-8.552	-2.091	-4.607	-0.459	-0.494	-2.455	2.200	10.605	5.708	-7.311	-7.817	-4.163	-11.442	-7.345	5.833	-13.460	-14.730	-16.337	-1.355	-3.476	4.217	5.234	10.801	5.994	11.937	36	Cars
-1.533	1.582	-8.671	-4.629	-2.823	-7.307	1.680	-8.281	4.800	8.404	13.699	12.569	-1.654	-0.075	-5.610	2.258	2.639	-3.373	1.179	-2.756	-0.385	-5.147	-1.827	3.423	-1.600	1.976	8.082	7.042	36	Cars
-9.843	-4.982	-1.524	-6.809	-5.104	-4.343	-3.373	9.457	18.789	10.110	20.868	15.926	-0.008	-9.923	-8.760	-8.979	-15.253	-20.681	-18.318	-7.078	-8.800	-14.715	-9.281	1.580	11.743	21.617	10.470	20.092	36	ScrambledFaces
