FP1	F3	F7	FC3	C3	C5	P3	P7	PO7	PO3	O1	Oz	Pz	CPz	FP2	Fz	F4	F8	FC4	FCz	Cz	C4	C6	P4	P8	PO8	PO4	O2	ID	Condition
3.871	-3.876	14.556	-3.141	-8.843	-4.721	-6.126	0.368	-5.544	-15.483	1.952	0.869	-2.141	-6.535	20.441	-8.534	-16.751	13.042	-6.594	-10.101	-11.391	-4.263	-8.591	-3.338	-7.164	4.489	-3.847	3.810	37	Cars
-7.654	-14.314	-13.047	-2.357	12.769	6.472	6.061	14.200	24.282	5.159	11.709	8.596	0.673	4.658	-18.288	-5.999	-16.708	-16.127	-21.319	0.367	6.114	-3.309	-5.744	3.598	8.329	19.327	7.471	12.811	37	ScrambledFaces
-9.442	-9.305	-14.594	-7.729	2.620	1.368	4.032	13.850	20.461	13.748	16.630	5.350	-0.645	-10.559	-9.553	-13.500	-12.736	-0.051	-11.374	-11.071	-3.007	-7.975	-11.476	-2.788	10.946	10.108	2.212	13.991	37	ScrambledFaces
8.743	-0.876	11.947	-3.565	-9.262	-10.570	-11.643	-8.143	-5.911	18.042	-1.220	-7.978	-5.974	-5.295	9.446	3.063	12.421	11.805	9.956	1.752	-2.663	4.739	-6.732	-8.696	-7.628	-6.529	-4.781	-7.296	37	Cars
8.293	3.613	16.045	2.371	-3.811	0.276	-9.484	3.318	8.792	-0.489	-1.133	-5.565	-7.992	-7.543	0.550	-5.480	-9.106	-1.877	1.703	-1.590	-3.679	-1.512	14.778	-8.114	-4.536	-2.650	-6.725	-7.069	37	ScrambledCars
-1.983	-4.760	-1.113	-6.975	-7.869	-7.778	6.660	6.551	10.479	12.659	7.714	13.709	5.367	-0.066	-6.591	-11.950	-26.111	-6.041	-10.747	-15.385	-13.987	-7.487	-2.876	0.007	7.348	9.564	5.179	13.738	37	ScrambledCars
-15.513	-7.550	-2.035	-9.762	-4.839	-0.756	5.995	31.864	20.626	1.410	15.387	10.186	-2.110	4.494	-17.489	-11.335	-26.998	-7.744	-8.549	-10.540	-8.538	-9.108	-1.093	0.604	4.088	16.884	7.952	15.120	37	ScrambledFaces
13.784	10.378	18.279	17.376	5.382	11.828	-5.378	-2.349	1.515	-8.126	-2.295	-13.765	-13.518	-7.766	5.833	4.858	3.687	1.223	2.421	3.839	-0.643	-4.293	6.920	-13.778	-4.231	-11.690	-14.599	-13.031	37	Faces
13.641	15.150	15.300	5.006	-0.089	9.253	-9.564	-1.089	-12.660	-17.180	-11.574	-8.505	-13.504	-16.555	15.718	15.509	14.124	13.663	6.847	3.270	-2.248	-5.784	-2.575	-14.579	-13.751	-6.808	-11.145	-6.311	37	Faces
-6.848	-2.593	-4.623	1.708	11.234	1.759	1.062	-3.900	2.024	7.322	13.147	-6.158	2.071	-3.812	-3.580	0.823	-12.383	-4.106	4.896	3.057	1.004	4.686	2.223	9.508	2.675	15.691	6.961	-4.106	37	ScrambledCars
-1.908	-4.883	-7.392	-4.168	-4.029	-6.457	2.937	8.101	7.389	4.429	6.165	7.357	-2.100	0.520	-7.426	-1.759	-13.547	-7.711	-2.949	-9.363	-7.713	-5.679	-11.490	-5.812	6.158	13.104	2.674	17.116	37	Faces
-5.341	0.827	0.739	-0.012	3.246	-0.675	6.823	0.354	-0.364	5.307	10.776	6.015	10.264	-0.455	-11.585	3.715	-3.865	-12.691	1.709	-0.991	-1.489	4.074	1.732	10.681	3.913	4.927	14.158	8.114	37	Cars
2.228	-2.154	4.124	-3.275	-3.060	-2.693	-3.338	12.494	9.171	-1.837	1.962	-0.651	-2.520	2.736	0.913	0.046	3.312	-4.369	-2.456	-5.114	-6.335	-2.265	-2.600	3.250	2.363	1.939	-0.496	-2.007	37	ScrambledCars
-1.000	-10.623	-0.854	-7.489	-6.734	-2.244	-2.780	10.849	5.011	3.759	10.598	-2.832	-12.287	-0.491	2.002	-2.197	7.151	2.090	-5.179	0.989	-3.488	-8.144	-3.219	-8.728	4.866	9.112	-7.002	-4.629	37	ScrambledCars
-25.051	-30.207	-23.993	-21.521	-3.781	-7.334	4.026	4.892	11.780	2.637	7.817	11.021	5.504	-2.299	-14.119	-23.726	-8.672	1.451	3.796	-14.488	-4.642	9.980	14.772	13.126	25.089	25.232	11.184	14.928	37	Faces
-12.465	-4.185	-8.886	-5.924	-1.816	-0.774	7.112	6.768	12.122	6.416	17.171	12.268	5.626	-0.040	-15.430	-9.814	-17.969	-8.157	-8.031	-12.290	-5.212	0.527	-5.450	15.089	15.093	16.428	17.803	17.146	37	ScrambledFaces
-17.293	-2.669	-15.068	-0.987	6.631	3.841	4.948	8.309	22.590	16.651	10.747	10.736	-1.960	5.088	-20.788	-9.916	-12.836	-12.474	-1.527	-3.304	4.655	-4.254	6.722	2.862	9.716	17.914	8.044	13.782	37	ScrambledFaces
-5.919	-4.047	-5.410	-5.738	3.084	-0.253	3.382	11.730	7.270	5.517	3.133	1.100	3.918	6.124	3.468	-3.642	-34.791	-7.414	-10.649	2.598	3.498	-0.884	-2.897	4.787	2.867	18.413	5.509	1.680	37	ScrambledFaces
-6.287	-16.064	-5.035	-9.276	-4.804	-7.242	3.624	8.639	16.821	9.243	16.118	3.080	1.812	-3.988	-8.507	-8.056	-18.720	-8.792	-6.750	-7.412	-2.260	-8.467	-7.042	5.131	9.958	8.687	3.563	9.127	37	ScrambledFaces
-12.036	-14.250	-16.151	-4.941	-0.356	0.007	8.081	7.023	28.700	12.520	19.393	14.236	1.104	-2.219	-17.134	-11.656	-17.544	-9.258	-15.538	-12.077	-5.804	-6.138	-14.136	4.564	19.412	22.343	11.776	18.107	37	ScrambledFaces
2.087	4.561	11.676	0.506	-1.236	2.135	-0.178	12.095	12.481	-5.482	7.291	-2.558	-14.205	-18.471	-2.221	1.585	17.360	-1.012	-1.714	1.789	-10.891	-10.980	-9.915	-12.316	-10.834	2.428	-11.259	-4.922	37	ScrambledCars
10.407	19.893	12.133	14.511	10.158	0.949	-2.644	-22.711	-13.382	-11.629	-15.270	-11.539	0.130	6.897	7.565	27.882	13.554	7.419	18.843	21.186	16.760	5.789	11.853	0.571	-14.746	-16.655	-5.577	-13.198	37	Cars
1.321	-0.705	3.857	-1.820	0.876	0.400	-4.579	1.281	-8.327	-4.149	-6.371	-4.174	2.407	3.611	-0.459	-5.188	-2.479	8.484	6.602	-3.565	-0.308	4.355	-6.661	-0.831	0.166	-2.239	-3.455	-6.836	37	Faces
-3.986	-12.989	-3.379	-4.370	-5.999	-0.040	-1.197	-1.178	13.384	6.148	2.553	4.576	3.077	9.966	-5.715	-11.712	-6.633	-4.753	2.275	-3.841	5.940	-1.349	-1.525	-0.092	4.299	14.314	-1.445	-2.965	37	Faces
-13.342	-8.448	-5.445	0.133	0.686	5.660	7.835	11.172	23.939	8.553	18.919	2.904	6.065	11.564	-14.828	-10.810	-2.009	-19.700	-6.973	-5.096	1.441	-1.317	-3.287	7.632	4.774	16.049	2.535	8.728	37	ScrambledFaces
2.297	1.615	-14.168	-4.447	-7.299	-5.881	-2.873	5.464	5.232	-1.951	12.201	-5.907	0.284	-3.905	13.063	-1.324	-10.364	4.293	0.519	-0.039	2.386	-1.850	-11.929	-5.498	-1.338	8.421	10.535	-3.831	37	ScrambledCars
-4.615	-7.719	-19.461	-4.906	-0.807	-7.931	8.601	-4.804	14.041	8.546	11.127	9.199	8.603	-1.404	-15.702	2.710	-8.675	-4.832	-5.545	0.326	1.632	1.318	-7.417	8.386	7.688	3.549	4.929	7.359	37	Cars
-2.596	-1.907	0.364	2.411	4.158	4.792	1.333	12.078	9.434	8.161	7.583	8.681	2.677	-3.341	-12.627	-16.177	-11.087	-2.231	-12.819	-5.014	-5.927	-11.618	-11.506	0.208	7.203	7.508	-0.385	5.206	37	ScrambledFaces
-10.301	-7.841	-4.598	-9.385	-2.043	1.160	2.953	11.375	33.270	11.399	8.091	8.913	6.195	3.692	-14.424	-14.959	-6.501	-6.485	-9.047	-15.348	-8.207	-12.667	-7.204	-2.461	-1.166	18.615	6.449	13.386	37	ScrambledFaces
13.007	7.570	11.210	3.216	-3.544	-5.053	-16.181	-14.947	-26.698	-15.801	-22.234	-14.746	-16.404	-10.545	16.428	7.843	17.230	18.693	9.656	5.536	-4.456	1.262	10.915	-10.077	1.868	2.223	-9.732	-14.040	37	Faces
-6.530	-4.253	3.784	-5.232	-3.174	-2.508	1.581	1.757	-2.839	4.072	0.585	3.215	-1.110	-5.257	4.315	-8.160	-8.863	6.128	-0.062	-8.327	-6.911	0.297	-1.346	0.268	-2.127	17.876	5.241	8.501	37	Cars
-2.799	-4.662	-2.601	-2.598	5.076	-3.091	2.262	-0.785	14.239	5.719	9.035	3.011	11.412	6.943	-5.702	-3.351	-1.315	-2.703	-3.533	1.096	5.470	-4.671	-0.598	1.659	-3.304	-3.691	6.997	-0.721	37	ScrambledCars
-13.354	-2.925	-5.640	-10.885	-1.961	-1.192	-2.259	-1.207	11.155	-0.661	3.225	0.373	9.964	-4.102	-3.163	-10.097	-11.161	8.484	4.282	-9.127	-4.376	5.549	4.683	10.656	4.308	2.639	2.710	0.555	37	Cars
-8.396	-9.774	-3.123	-3.543	3.574	3.482	1.990	15.762	27.223	7.311	21.459	8.474	-4.029	-5.683	-10.320	-5.031	-10.875	-9.290	-10.198	-3.802	-12.173	-14.755	-22.851	1.663	10.822	16.002	0.907	14.994	37	ScrambledFaces
1.818	-2.280	3.393	-9.008	-10.463	-2.078	1.722	6.702	34.366	5.771	5.349	2.970	-0.510	-9.044	-4.248	-9.529	-9.340	-5.058	-8.309	-11.227	-9.977	-5.830	-6.465	-0.076	4.130	10.220	-0.972	-0.927	37	ScrambledCars
6.092	-7.724	-2.109	-0.877	1.277	-3.348	5.420	-11.300	-2.091	6.501	5.837	0.032	13.135	8.424	2.825	2.969	8.955	-6.002	-1.181	6.743	5.093	5.582	-1.463	4.835	-1.110	-3.085	2.159	1.357	37	Cars
-4.655	-6.547	1.143	-2.709	-1.445	-0.388	2.557	7.829	9.292	6.764	-5.542	9.110	7.006	3.038	-4.827	-4.721	-36.881	-3.766	-7.844	-5.627	-1.219	-1.426	4.382	0.446	2.731	16.680	4.426	5.730	37	ScrambledCars
-0.347	3.470	10.250	7.365	5.845	10.146	-0.659	14.127	9.602	-0.647	16.181	0.596	-5.460	-5.251	-2.439	-6.228	-26.608	-3.121	-8.003	-3.890	-0.392	-7.389	-2.279	-9.742	0.554	-9.377	-1.879	1.880	37	ScrambledFaces
-5.974	-10.707	1.303	-13.936	-10.743	-4.597	-1.719	9.795	7.609	4.642	12.855	1.974	-6.278	-8.723	-8.708	-11.091	3.482	-0.553	-4.484	-13.376	-12.512	-0.364	10.458	-0.391	15.836	11.522	-1.307	3.989	37	ScrambledCars
-0.857	5.432	2.713	-0.160	-0.556	-0.364	-0.673	-10.012	-21.115	2.903	-4.692	2.548	8.570	2.833	6.393	1.844	28.173	-2.318	8.447	4.060	3.571	8.206	0.029	0.444	-5.502	-2.276	8.794	-0.731	37	Cars
-0.472	-2.190	2.960	-3.437	-4.213	-5.036	-7.414	8.978	0.547	-3.513	9.959	-1.388	-5.165	-10.702	-8.319	-0.941	34.618	-2.353	-0.391	-6.940	-6.113	-7.004	-18.043	-5.351	8.762	13.793	-2.900	-0.515	37	ScrambledFaces
-11.596	-16.351	-7.928	-14.445	-0.259	-7.825	4.489	0.484	14.339	-3.162	11.086	-2.500	-2.539	7.041	2.737	-4.129	-9.137	6.436	-3.852	-3.287	1.457	-2.909	8.963	1.201	2.717	-8.507	1.998	1.910	37	Cars
-12.755	1.107	0.957	5.433	8.321	3.895	8.058	-4.270	7.460	2.527	5.727	-3.136	2.584	8.228	-4.223	-5.645	-0.505	-1.535	12.211	7.195	6.733	3.013	6.024	-2.428	-5.425	3.061	-3.883	-1.120	37	Cars
-17.547	-9.779	-7.175	-6.731	7.613	4.832	12.687	12.011	20.446	16.645	25.132	11.448	7.398	0.122	-19.023	-6.955	-19.160	-10.227	-8.626	-4.730	3.175	-4.117	-8.926	3.752	2.425	25.411	7.376	13.628	37	ScrambledFaces
9.210	4.778	3.656	2.636	0.702	0.137	-5.951	-5.481	9.411	-5.512	7.985	-1.427	-5.624	-6.268	6.351	2.286	4.427	0.614	3.383	4.177	-2.685	-0.178	-4.675	-7.624	-9.199	-7.183	-8.817	-13.599	37	Cars
-8.997	-18.288	-13.048	-9.478	-4.104	-6.731	0.901	10.190	15.399	11.273	8.965	17.787	-1.986	-7.073	-13.492	-13.397	-23.867	-9.929	-10.951	-14.737	-6.910	-3.937	16.587	0.919	11.503	15.091	7.313	19.179	37	ScrambledCars
-1.663	-5.134	0.941	-4.711	-0.440	-2.367	5.044	-2.719	3.852	1.630	3.776	1.865	9.134	12.690	-1.862	-0.553	-2.265	-0.534	2.347	1.221	7.522	8.300	-13.280	7.757	0.331	-7.853	6.685	-1.060	37	Cars
-2.399	-2.385	-8.859	-1.716	1.440	-4.524	3.587	-1.551	3.257	4.400	4.845	-7.097	6.642	6.079	2.686	8.270	4.004	-2.545	9.956	6.766	8.661	13.181	-4.393	3.595	-4.956	2.237	2.285	-2.577	37	ScrambledCars
-4.582	-15.429	2.097	-9.350	0.122	1.678	9.449	6.083	10.782	5.038	14.813	2.735	6.435	-1.694	-4.155	-19.203	-27.825	-1.313	-5.155	-10.040	-6.943	-3.876	-2.000	-3.078	4.506	20.034	9.056	19.299	37	Faces
-12.534	-10.792	-6.238	-10.538	-4.896	-2.792	4.790	14.625	26.589	17.526	15.772	15.636	-5.118	0.885	-11.850	-12.058	-2.301	-9.475	-7.028	-7.406	-8.110	-12.455	-13.035	-1.327	9.501	12.730	5.781	15.110	37	ScrambledCars
10.927	0.886	6.864	-4.360	-6.217	-8.034	-6.418	-5.302	3.555	-12.777	-0.123	-6.759	-10.305	3.929	9.468	-2.220	7.475	1.517	-0.733	-7.253	-14.073	-4.548	1.381	-2.811	4.458	6.926	-8.610	-5.128	37	Faces
-9.761	-6.379	0.647	-7.032	-8.417	-1.296	-3.001	10.622	24.790	10.045	15.667	1.351	-0.429	-2.307	-7.255	-10.048	-14.196	-4.925	-1.234	-11.455	-16.623	-0.002	-2.582	2.610	12.580	11.893	10.194	7.775	37	ScrambledCars
-4.731	-0.765	2.334	-0.675	7.902	2.662	9.100	4.628	8.710	8.765	5.847	-4.270	8.391	3.214	-11.684	4.174	10.921	-8.348	-0.591	8.774	11.587	2.193	-16.068	4.670	-2.069	-1.876	-1.215	-1.672	37	ScrambledCars
-3.436	4.340	-5.405	7.148	7.883	-3.478	8.119	-2.154	-1.228	5.979	-2.110	-11.839	12.541	18.865	-4.764	8.716	8.437	-8.254	7.726	10.854	22.475	10.764	-6.633	6.523	-12.336	-17.717	-0.250	-7.190	37	Cars
0.141	-6.168	-2.849	-0.930	-1.130	0.533	4.710	2.412	-3.447	-2.080	-0.035	4.242	-1.262	-2.680	-0.181	-4.312	-8.077	6.355	0.024	-11.530	-7.063	-5.777	-8.289	-3.743	0.643	5.327	-1.154	3.929	37	Faces
-8.192	-5.956	-0.199	-3.756	-0.623	-0.340	7.515	11.903	9.727	7.298	2.537	5.725	-0.380	-7.135	-11.158	-2.872	-0.935	-1.713	-3.104	-1.916	1.610	-5.362	-1.743	-1.841	-4.084	3.252	0.528	0.453	37	ScrambledCars
-0.867	-1.800	4.127	-5.365	-4.657	-1.312	-6.650	-3.046	-2.678	-17.359	-6.125	-4.934	-8.611	3.688	3.621	-4.866	19.155	8.454	5.817	-2.527	-5.768	3.403	10.275	-3.106	8.810	2.900	-2.510	1.460	37	Faces
-2.333	2.995	0.844	3.120	0.036	6.663	-1.599	9.554	2.098	0.553	11.340	3.841	-5.027	-1.177	-12.752	-7.851	-8.431	-3.038	-5.736	-5.678	-4.345	-6.489	1.287	-5.414	-0.341	13.007	1.197	4.576	37	ScrambledFaces
-6.612	-4.849	-7.762	3.489	-0.529	2.980	1.632	1.063	5.933	6.099	7.961	-2.216	2.522	-1.064	-8.581	-5.201	3.457	-7.836	-1.768	0.045	3.817	3.420	-3.329	6.340	5.891	5.796	6.488	5.764	37	ScrambledFaces
1.431	-0.876	-0.848	1.597	10.605	-2.259	-4.224	-1.092	-14.995	-2.637	-6.513	-4.067	2.690	6.547	0.903	3.537	-7.817	0.942	1.410	8.712	5.967	-0.640	4.410	-0.200	4.662	4.293	1.762	1.277	37	Faces
-10.341	-9.276	2.222	-3.174	-0.941	-7.386	6.758	5.061	38.903	10.416	15.529	14.978	7.060	0.245	-21.464	-12.817	-26.468	-15.681	-4.688	-4.563	-5.878	-6.566	-11.713	2.700	8.868	19.445	10.061	14.158	37	ScrambledCars
-11.781	-12.903	-8.261	-6.431	-2.009	4.984	1.471	11.441	1.699	8.237	5.537	-0.864	-7.270	-3.948	-8.347	-6.916	-7.364	2.515	-2.212	-12.482	-8.907	-0.447	4.987	4.979	15.305	10.293	4.412	7.750	37	ScrambledCars
-8.425	-7.685	-3.464	-7.852	-4.576	-6.849	-3.139	5.867	7.929	0.013	9.940	3.982	-5.126	-1.468	-3.347	-5.056	-1.610	-3.418	0.116	-5.801	0.671	-6.878	3.710	-2.499	2.387	15.724	2.168	5.933	37	ScrambledFaces
-2.017	-3.109	-3.252	-2.814	-3.544	-1.338	0.580	0.688	7.895	8.775	10.295	2.354	0.205	-2.376	-0.171	2.639	-4.769	4.275	0.481	-3.243	-3.279	0.911	-3.721	0.263	-0.631	-8.926	2.941	2.004	37	Cars
1.132	-1.638	2.675	3.279	-0.062	1.144	3.443	-3.280	4.519	7.140	1.819	4.533	5.193	-10.664	-5.809	-6.106	-14.848	1.674	-2.271	-3.757	-3.247	-0.811	-7.655	9.550	7.265	7.414	1.164	4.854	37	Faces
1.246	6.649	4.456	2.276	-0.061	0.347	-6.878	-9.202	1.359	-3.647	-11.716	-3.687	-5.892	-10.251	2.505	4.180	-7.857	-3.053	-0.633	6.516	1.713	-5.135	-4.905	-11.378	16.825	8.056	-2.481	3.677	37	Faces
1.404	1.406	2.264	-3.246	-6.063	-2.629	-5.553	-2.719	5.512	-7.933	5.358	-5.216	-6.870	1.273	5.251	-7.314	8.055	1.021	2.288	-4.189	0.505	-3.676	-2.904	-6.895	2.676	4.955	-4.376	-7.352	37	ScrambledCars
0.381	-2.244	9.300	1.204	-3.611	0.801	-1.326	10.514	-5.493	6.511	17.253	3.612	-3.227	-9.824	-4.847	-5.277	-2.815	-3.837	-10.857	-13.311	-15.407	-14.520	-13.263	-4.344	5.886	13.590	1.398	7.681	37	ScrambledCars
8.616	-3.067	-0.518	-3.758	-5.393	-9.177	-2.352	-9.198	-1.214	0.866	-0.429	0.611	-0.002	-4.111	8.736	9.179	5.936	11.482	-1.247	4.826	1.597	4.180	11.537	0.806	-11.147	-4.732	-4.927	-5.615	37	Cars
-19.536	-17.243	-12.031	-4.353	5.946	2.108	8.713	7.457	4.915	11.196	13.171	11.706	7.782	15.144	-19.591	-11.088	-3.212	-9.255	-8.547	-3.375	2.958	2.688	3.632	11.240	6.595	17.677	13.225	16.314	37	ScrambledCars
-1.724	-1.010	1.186	-3.600	-5.770	-2.693	-1.430	0.514	8.819	3.015	7.913	2.943	-1.563	-10.042	-4.864	-6.409	-15.439	-4.177	-10.102	-13.602	-8.728	-9.706	-6.427	-0.712	15.343	11.551	1.205	10.897	37	ScrambledFaces
-14.646	-24.601	-0.009	-21.746	-18.731	-23.309	-4.849	1.739	18.564	3.127	15.546	11.794	7.272	-2.650	-6.633	-21.444	-2.075	8.259	-3.575	-19.096	-11.471	3.724	3.851	9.517	9.340	34.103	9.626	14.608	37	ScrambledFaces
12.505	4.084	7.522	3.558	-1.306	9.049	-0.385	6.381	3.194	-1.955	1.281	-2.837	-6.491	-10.174	3.650	3.178	8.786	-4.793	-8.199	1.238	-4.782	-15.531	-13.180	-13.104	-13.364	-3.754	-8.354	6.293	37	Faces
1.840	-5.039	2.261	-4.719	-4.531	-0.158	-0.906	-1.409	5.447	1.113	0.947	3.827	4.881	3.450	-1.082	-6.622	-21.093	-8.988	-8.743	-5.467	-3.007	-5.561	11.415	-2.699	2.688	12.911	-1.273	7.741	37	Faces
-13.424	-7.142	-18.017	-7.248	-5.617	-12.211	1.373	-6.157	-9.207	-2.538	-3.472	-2.566	6.696	2.678	13.526	8.712	6.677	-1.598	9.209	1.143	5.712	12.152	14.198	15.653	6.154	9.573	8.755	2.860	37	Faces
-9.382	-8.713	-5.795	-1.007	0.227	3.138	4.746	-1.965	8.152	4.358	20.955	21.981	3.876	1.117	-7.948	-7.103	-1.386	-2.645	-8.587	-7.274	-3.785	-7.462	-14.429	4.331	9.269	22.452	5.730	12.633	37	Faces
-12.471	-17.207	-8.035	-15.110	-7.262	-2.630	3.970	10.774	22.987	16.779	23.273	23.642	1.253	-10.317	-13.422	-21.098	-15.941	-1.046	-6.303	-23.127	-17.925	-2.893	-1.145	4.879	6.454	17.521	8.849	13.151	37	ScrambledFaces
3.372	-0.352	-0.775	-0.475	-8.655	0.459	-10.259	7.492	6.013	-9.038	3.208	8.701	-13.880	-19.374	10.922	-5.913	-2.657	1.825	-7.288	-8.389	-11.146	-3.240	9.052	-13.295	9.953	11.590	-2.893	-2.308	37	ScrambledFaces
2.667	-0.344	-0.522	-2.669	-6.260	-4.999	-7.022	-2.863	9.162	-12.628	-5.224	-8.861	-11.246	-3.260	3.716	9.230	10.735	0.113	11.052	3.837	-2.535	1.463	0.833	-1.019	4.037	13.529	-6.303	-1.477	37	Faces
-5.859	-3.055	2.496	-1.962	0.410	-2.412	2.636	-4.090	5.308	6.275	1.060	1.389	7.668	6.881	-7.534	-14.231	-2.439	-1.725	-5.965	-9.825	-0.302	-6.876	4.520	5.533	6.946	6.913	0.651	4.412	37	Faces
-18.826	-25.559	-13.050	-18.202	-10.998	-9.398	2.421	10.741	14.612	4.720	10.682	4.152	0.131	-3.240	-15.973	-9.493	-8.666	-1.474	-1.601	-17.212	-4.044	2.781	12.097	3.251	39.512	19.502	12.644	14.589	37	ScrambledCars
-7.882	-8.967	-4.010	-13.329	-13.495	-3.945	1.519	3.703	12.077	3.187	11.907	12.157	-5.555	-8.354	-5.962	-6.674	-6.155	-1.629	5.020	-6.077	-14.327	5.349	3.916	4.326	6.325	2.908	4.885	10.146	37	ScrambledFaces
-8.555	-8.796	-10.429	-1.758	1.818	-3.016	3.745	-0.190	8.798	3.580	16.271	2.037	8.925	6.774	-14.413	-8.675	-10.904	-7.469	0.003	0.512	6.075	0.440	2.590	10.091	2.012	16.248	6.388	6.886	37	ScrambledCars
2.820	-4.779	-0.558	-1.516	0.270	-4.604	0.715	5.107	10.905	6.998	9.329	-0.184	-7.079	-2.726	-9.286	2.834	-21.467	-0.897	-2.242	-7.347	-6.191	-5.321	3.280	-4.994	0.593	13.376	1.549	8.055	37	ScrambledFaces
9.223	7.106	6.155	7.049	7.347	0.946	-1.855	-6.184	-14.806	-3.248	-12.020	-6.764	-3.858	2.577	0.720	10.967	33.585	4.865	10.863	0.707	0.916	8.362	-0.781	-2.509	-1.413	-10.024	-5.246	-13.152	37	Cars
-7.163	-3.698	-5.651	-10.893	-10.512	-6.132	1.780	-3.397	6.448	17.607	5.680	6.266	1.263	-2.719	-7.907	-9.895	15.076	0.705	-8.649	-10.447	-8.298	-12.691	-11.683	-1.728	1.649	6.924	-0.257	31.920	37	Faces
3.044	3.869	-5.318	2.086	-0.783	-6.771	1.661	-6.423	-11.502	-7.250	3.345	1.084	13.449	10.544	-2.300	8.791	2.325	1.257	13.632	8.922	6.122	7.884	13.046	2.521	-9.801	6.837	4.661	1.158	37	Cars
-1.830	-2.841	-4.322	0.799	4.714	5.860	3.505	8.805	5.664	-0.414	5.783	-3.841	0.950	5.669	1.735	3.429	2.150	3.128	3.485	1.100	1.195	-0.559	-7.654	-5.038	-11.284	2.619	-1.605	-9.558	37	ScrambledFaces
-3.494	-6.234	-3.846	4.598	3.553	-1.531	-2.073	3.711	25.774	3.992	4.541	4.967	2.575	0.979	-19.927	-6.982	-10.764	-10.234	-8.266	-0.956	5.071	-4.575	1.137	1.124	6.448	12.020	8.637	10.565	37	ScrambledFaces
2.883	3.130	12.234	10.552	11.765	16.543	2.136	16.229	25.311	8.447	12.784	3.965	-20.830	-17.676	-5.357	-3.674	-5.841	-1.492	-9.735	-8.588	-13.086	-17.020	-17.628	-22.243	-6.639	0.493	-14.872	-0.818	37	ScrambledFaces
4.952	5.421	-7.393	-3.190	-4.120	0.096	-2.867	-4.519	-4.046	-0.622	-1.178	-5.438	-3.306	-13.535	14.803	7.738	9.696	9.170	-1.575	-4.762	-9.476	-10.745	-2.757	-3.250	-4.759	-0.065	-4.345	-0.516	37	ScrambledCars
-3.487	-3.781	4.735	-3.234	-3.643	1.273	0.128	11.193	-5.056	12.225	0.542	-1.470	1.049	-1.439	-1.453	1.086	7.286	1.394	2.736	-3.090	-4.714	8.834	3.179	-2.342	3.023	1.449	-1.832	-0.906	37	ScrambledCars
-0.153	1.356	4.701	-0.150	4.203	2.760	3.867	13.304	13.269	9.659	7.454	-0.164	-9.488	-7.009	-3.534	5.409	-5.875	-1.716	-9.149	4.583	-2.913	-20.614	-20.164	-10.131	-10.910	0.774	-4.595	3.528	37	Cars
-12.344	0.586	-5.863	-1.128	9.476	8.299	11.311	13.105	12.260	10.907	12.105	12.932	5.582	0.674	-9.135	-11.109	-19.536	-18.847	-12.438	-11.537	-2.434	-3.363	-15.374	4.783	2.316	17.153	10.325	18.032	37	Faces
4.911	1.209	-7.816	4.684	0.063	-4.479	-4.358	-0.936	10.563	4.994	4.471	-8.383	-5.894	2.494	0.470	2.825	8.659	-0.755	5.377	3.485	6.565	2.590	-3.743	1.055	-5.422	-1.128	-6.396	-8.123	37	ScrambledCars
-4.556	-2.950	-3.124	3.523	10.633	1.854	11.439	4.018	6.797	11.091	11.503	7.536	1.437	12.957	-15.493	5.268	-15.469	-7.924	1.678	16.898	7.554	-5.915	-8.571	1.595	-5.384	7.238	8.367	9.798	37	Cars
3.346	-1.192	1.210	0.452	1.371	5.439	0.902	0.202	1.830	0.661	4.514	-3.273	-3.106	0.661	-3.929	1.062	-14.387	3.362	-7.766	-2.924	-2.656	-3.023	2.375	-3.655	6.971	15.529	-5.320	-2.044	37	Faces
-6.647	-4.123	-5.678	-2.510	-3.516	-2.808	-1.833	-2.557	10.779	-3.040	4.977	1.964	-3.411	-1.216	-4.828	-4.420	-25.137	6.756	5.739	-2.587	-2.386	0.142	6.675	2.890	5.460	7.283	1.961	4.653	37	Faces
-10.970	-1.028	-9.777	0.595	-0.510	6.406	2.858	0.540	8.294	-2.136	12.841	0.715	-0.412	-6.550	-9.010	-1.208	-5.347	-10.301	-3.081	6.026	4.143	3.363	-0.757	5.187	6.718	23.412	3.503	16.241	37	Faces
-2.840	8.025	-1.420	5.702	3.114	3.787	1.648	2.988	-5.423	-1.365	1.466	0.019	3.737	-2.428	-6.578	-0.869	-6.988	-2.426	-1.920	-4.256	-2.242	-4.300	-8.366	-0.734	5.773	5.720	-0.106	0.513	37	ScrambledCars
-6.321	-5.532	-7.584	-5.431	2.820	-0.142	4.306	-3.989	2.544	4.911	13.981	8.850	8.794	8.534	-14.664	-10.799	-19.113	-4.973	-0.525	-8.112	2.282	4.005	0.066	1.909	9.644	9.882	8.574	15.922	37	Faces
-9.318	-11.206	-0.504	-5.818	-2.688	-0.329	-1.531	8.867	15.362	0.003	10.022	1.661	-1.232	-6.298	-8.997	1.958	2.064	-2.676	2.639	-0.933	-4.447	1.370	-3.024	7.926	13.440	10.658	2.817	12.085	37	ScrambledCars
-6.052	1.618	2.257	0.950	1.901	3.794	6.112	0.741	3.033	9.671	12.046	14.862	10.106	6.531	-12.760	-1.973	-15.298	-5.973	-8.738	-12.357	-6.255	-10.653	-10.414	2.250	-10.628	-1.512	8.671	16.486	37	Cars
1.527	1.897	13.088	-0.733	2.229	4.283	-3.898	-4.126	-8.286	-3.658	-2.612	4.064	2.396	-9.879	-3.051	0.491	16.503	2.988	8.747	-5.133	-4.067	8.492	2.370	-2.218	-8.508	-2.010	-0.916	-1.365	37	Faces
10.039	19.050	22.104	17.589	16.325	6.717	-0.605	-5.498	-5.897	-10.477	-8.314	-9.118	0.830	10.373	6.588	17.313	14.199	-5.954	6.659	19.626	10.072	6.570	2.253	-4.544	-7.264	-21.342	-8.495	-11.908	37	Cars
0.832	-0.559	6.834	2.584	6.106	3.573	-3.304	2.994	0.362	-5.305	-15.302	-13.185	-6.869	-5.139	9.005	0.983	5.132	-0.138	5.849	2.119	3.846	-0.059	3.254	1.893	2.453	4.330	-4.995	-4.096	37	Faces
-9.769	6.927	-15.130	-3.027	3.963	-4.649	7.322	1.053	14.712	1.596	15.061	8.616	3.297	11.439	-12.474	-0.208	-2.138	-9.867	5.264	3.933	4.506	7.576	2.886	8.202	-4.025	0.406	7.758	2.069	37	Cars
-15.488	-13.991	1.076	-11.551	-9.561	-7.559	5.826	11.364	18.247	9.473	24.193	14.432	8.317	2.695	-16.852	-19.455	-36.323	-6.292	-22.218	-14.893	-2.483	-6.055	-5.648	8.217	22.319	26.007	17.175	12.410	37	ScrambledCars
-8.760	1.517	2.600	5.756	0.316	-1.736	3.142	-4.287	13.886	-0.176	3.470	8.175	7.600	6.694	1.394	12.326	6.710	-5.591	-1.558	18.702	15.648	-11.791	-8.984	-4.406	-9.972	-1.326	4.046	10.147	37	Faces
-1.707	-2.665	3.612	-8.259	-8.208	-7.987	-6.424	-9.009	-5.680	-3.289	-2.292	4.954	-3.432	-10.099	2.265	-7.968	9.715	10.230	3.598	-9.924	-4.636	0.489	3.280	-2.457	2.298	14.429	5.475	6.705	37	Cars
-5.573	-4.448	1.350	-3.068	0.348	-2.133	6.707	3.401	6.456	6.621	8.445	1.704	5.260	2.222	-6.895	-4.875	-16.190	0.078	3.097	-7.000	-2.014	10.596	10.938	7.382	6.810	2.001	6.457	-1.230	37	Cars
-14.655	-8.492	-1.950	-3.805	-8.247	-9.295	-0.675	3.170	17.882	2.099	7.517	6.104	2.460	1.895	-5.355	-11.367	-23.002	1.729	-3.767	-7.116	-3.628	-0.754	4.431	6.552	7.472	16.210	4.600	10.772	37	ScrambledCars
-2.684	1.288	2.288	0.977	-2.146	0.029	-2.882	-5.403	-2.022	-1.641	-4.567	-1.681	-7.678	-3.064	2.728	0.881	12.308	-1.788	-3.028	-4.460	0.990	-0.503	0.968	-2.741	4.869	10.830	-0.462	-2.943	37	Faces
-1.761	-3.763	10.478	-1.366	-6.155	-1.827	-4.849	1.175	3.017	-12.415	0.663	-4.276	-11.032	-4.039	2.538	-10.527	17.079	-1.683	-4.124	-9.500	0.255	-6.231	6.074	-1.001	10.677	9.585	-7.555	-0.659	37	Faces
10.267	2.630	5.265	-0.202	-1.073	1.073	0.615	2.018	-7.876	-4.404	-1.658	5.569	-2.472	0.044	-3.285	-2.417	-9.803	2.123	0.660	-1.045	-3.199	2.958	-5.264	-2.930	-0.223	2.497	-1.539	1.187	37	Cars
-4.436	-8.038	-2.230	-0.593	-2.869	3.075	3.758	7.971	-6.708	0.426	-4.693	6.066	3.701	3.437	-3.094	-9.741	-7.217	0.678	-7.859	-10.420	-8.462	-6.960	-4.362	7.563	5.236	11.031	11.682	8.338	37	ScrambledCars
-4.104	5.741	-10.032	3.933	3.165	3.506	-5.757	-10.262	-6.759	-10.635	1.161	-4.756	-9.756	1.996	3.033	10.450	8.652	9.674	14.650	2.995	4.652	13.106	7.931	-4.898	-1.551	-4.672	-6.658	-4.209	37	Cars
4.948	-3.286	9.024	-4.171	-7.809	-3.109	-9.935	-6.340	-1.611	-10.342	-2.327	0.056	-3.472	-0.395	2.399	-6.984	14.902	5.949	0.873	-6.030	-10.454	-6.150	-8.168	-5.483	3.567	6.452	-6.741	1.018	37	Faces
-8.484	-8.366	-7.819	-8.148	-3.438	-1.015	2.803	-3.032	17.188	4.160	18.327	8.115	1.067	-1.939	-14.977	-15.176	-10.747	-9.410	-5.002	-7.500	-8.028	-1.182	17.949	3.383	9.698	25.572	1.924	8.692	37	Faces
-5.000	6.819	-12.543	7.748	9.023	-1.194	3.071	-5.838	-4.253	0.616	-7.408	-2.161	2.535	10.740	1.621	12.283	7.285	-0.489	13.083	12.788	14.391	8.724	-3.466	2.532	-1.517	-8.161	-2.441	-2.913	37	Cars
-5.413	-3.952	-14.161	-4.940	7.169	3.125	9.661	7.999	20.351	11.683	21.309	14.450	2.515	-0.121	-14.281	-8.824	-19.325	-13.818	-3.673	-5.451	-0.890	-3.969	-17.865	3.393	8.668	22.177	0.663	9.431	37	Faces
0.754	0.712	-2.380	-3.151	-1.559	-4.566	3.272	1.874	1.203	4.351	13.249	3.881	1.670	-5.807	-7.745	-0.666	-6.236	-4.933	1.903	-1.158	-5.144	-5.346	-3.468	1.191	5.374	7.386	2.648	10.596	37	Faces
-4.334	-0.188	-6.133	3.124	-3.127	-0.232	1.317	11.577	18.872	5.124	6.146	5.791	7.536	5.411	-10.517	-6.421	-0.395	-2.913	-1.000	-3.161	2.685	1.663	-1.626	0.985	4.592	9.410	5.620	-0.575	37	ScrambledFaces
-0.870	2.360	-14.473	-0.334	2.086	-2.719	9.541	-14.016	-9.367	6.440	1.897	-2.646	27.785	20.535	-0.233	4.721	-7.453	-0.837	5.391	8.196	21.473	6.234	-1.542	4.658	-15.716	-8.207	7.346	-2.570	37	Cars
9.081	13.899	17.222	8.514	-6.019	7.198	-10.820	-12.223	1.819	-7.998	-7.754	-7.697	-16.945	-6.115	13.278	3.942	12.402	3.942	0.446	1.069	-6.760	-3.571	-3.776	-10.778	-1.825	1.151	-10.882	-17.846	37	ScrambledCars
0.244	-3.945	4.553	-8.566	-8.233	-0.870	0.414	19.935	22.093	5.185	10.457	3.414	-14.391	-19.755	-5.805	-10.872	-0.602	-1.374	-6.880	-6.823	-13.371	-10.883	-13.538	-9.365	13.541	7.677	-0.900	3.436	37	ScrambledCars
-30.285	-18.506	-23.784	-9.013	0.537	-8.192	11.568	1.822	8.579	13.533	30.289	17.905	8.819	8.158	-16.440	-8.368	-8.373	-12.127	-0.883	-0.057	9.754	6.322	-3.271	13.721	5.382	22.599	17.946	19.827	37	ScrambledCars
-3.824	3.408	-3.049	3.394	3.250	-4.563	2.911	-5.381	-10.551	-4.594	-11.084	-4.845	11.821	11.747	8.936	-0.560	-1.587	-3.056	4.236	12.306	12.214	4.070	0.308	2.487	-8.779	0.769	0.750	-1.184	37	Cars
-9.340	-8.270	-1.666	-10.031	-9.567	-11.096	-2.634	5.032	15.045	5.943	10.570	5.032	-4.365	-12.806	-1.130	-3.653	15.009	2.933	-2.946	-12.821	-16.022	-2.612	-0.015	-5.882	10.958	12.525	2.086	11.311	37	ScrambledCars
2.099	2.283	2.991	-1.367	-6.299	-0.973	-12.156	6.210	10.401	-9.499	1.885	5.992	-15.875	-6.238	4.096	-4.397	3.099	3.895	-0.186	-14.980	-16.825	-6.118	6.678	-9.146	4.769	7.375	-4.705	0.312	37	ScrambledFaces
4.470	-6.280	-7.596	-8.449	-8.980	-3.397	-2.556	-14.411	-11.700	-4.918	-10.307	-2.638	4.968	1.943	10.286	-4.801	1.783	17.988	-2.097	-5.268	-2.521	4.317	11.330	-4.505	-3.240	-6.791	-0.182	2.497	37	Faces
-6.871	-12.930	0.101	-9.961	-7.880	-8.831	-2.725	9.799	8.089	4.569	9.899	3.834	-8.612	-13.265	-5.864	-14.583	9.078	0.248	-8.829	-15.594	-13.741	-0.556	-0.728	-7.768	10.822	11.091	1.691	12.998	37	ScrambledFaces
5.981	3.398	0.855	5.488	5.254	3.054	-5.011	3.116	0.649	-1.665	-0.312	-1.079	-3.860	-3.072	3.764	2.661	-7.748	-5.052	1.476	1.425	4.353	0.853	-0.401	-9.632	-1.114	4.649	-8.270	-5.918	37	Faces
0.690	-5.385	1.241	-0.608	0.835	-1.221	1.095	-2.128	0.632	-4.565	2.351	-0.141	-5.483	-8.498	-5.190	-0.312	20.333	-2.970	-2.144	-6.333	1.611	-0.702	3.555	-4.090	6.935	0.359	-1.575	-0.632	37	Cars
4.201	-2.396	2.342	0.215	-0.638	4.078	4.887	6.481	-4.832	4.043	1.016	-4.620	9.035	7.311	-4.453	-4.391	-9.335	3.430	-1.251	2.363	-1.335	-0.130	-1.653	3.069	-6.206	-8.998	-5.985	-5.508	37	Cars
-13.103	-4.200	0.881	-1.247	-2.805	-2.277	-4.289	6.863	-0.331	-2.482	9.803	-2.581	-2.390	-3.652	-0.529	5.783	-2.675	0.241	3.822	2.423	-2.983	3.401	-6.747	5.456	9.586	12.631	1.925	2.054	37	ScrambledFaces
-1.020	6.596	4.715	-0.058	0.695	1.908	-3.752	5.887	1.950	0.133	6.850	-8.940	-10.434	-7.962	-1.871	15.346	10.719	-0.786	4.371	0.810	-3.251	-5.700	-14.963	-5.833	-2.167	0.696	-9.389	-4.023	37	ScrambledCars
-13.905	-6.790	0.341	-2.482	-1.268	-4.370	11.430	12.715	11.732	11.003	18.337	8.689	0.364	3.711	-10.769	-9.254	-4.291	-9.428	-3.961	-7.844	-1.271	-3.539	-1.183	0.989	2.512	13.998	8.243	14.744	37	ScrambledFaces
13.394	-2.060	2.578	-4.516	-6.451	3.547	-5.629	-9.507	1.062	-0.958	-1.378	-1.326	-3.968	1.259	13.722	3.965	11.296	7.941	-0.128	-1.835	-1.270	1.330	-1.362	-10.400	-13.123	-7.787	-10.011	-2.718	37	Cars
-13.168	-10.934	-9.660	-5.206	1.263	-4.270	6.932	-2.693	22.719	8.673	16.538	12.859	14.229	2.644	-11.583	-4.473	6.679	-2.936	-9.034	-3.986	0.620	-1.220	-13.976	1.429	2.634	11.407	4.301	9.404	37	ScrambledFaces
2.892	5.193	3.102	9.217	4.414	7.434	0.430	13.264	3.783	2.183	7.984	-10.722	-10.679	-7.576	-2.027	1.357	3.961	-3.457	-5.968	0.179	-1.220	-8.574	-7.170	-6.817	2.630	5.787	-9.327	-8.154	37	ScrambledFaces
0.116	2.370	-1.300	5.835	1.309	0.814	1.487	2.216	5.647	5.817	7.691	2.520	-1.886	-0.866	0.029	2.427	-29.304	-6.157	-7.463	3.118	-2.445	-2.900	-7.581	-4.475	1.903	-1.167	-0.324	1.637	37	ScrambledCars
-12.109	-1.181	6.408	-0.335	-1.181	0.200	2.543	10.075	3.660	12.797	21.972	15.595	7.400	-1.887	-12.504	-12.468	-11.833	-10.932	-10.556	-9.253	-6.819	-8.746	-3.998	0.860	-1.432	7.384	4.886	8.016	37	ScrambledCars
-2.964	2.401	1.683	3.448	-0.390	-1.400	-1.674	-17.334	-12.821	6.215	0.025	2.582	7.779	3.713	3.603	-0.611	11.416	5.041	-4.346	1.752	-0.320	-0.426	-5.402	6.408	-4.837	13.367	1.710	6.032	37	Faces
-2.451	-5.295	1.887	-2.842	-4.425	-0.176	-5.541	6.631	3.338	-10.121	2.953	1.170	-4.377	-7.086	3.762	-5.588	9.606	-3.953	-0.189	-8.965	-2.540	-9.145	-0.999	-8.958	1.524	18.706	2.548	7.704	37	Faces
-0.280	-2.397	-9.421	2.349	-4.785	-5.928	-4.733	-19.932	3.396	-1.250	0.367	2.220	2.769	2.973	10.163	2.860	13.308	-0.817	1.140	6.943	11.673	3.119	7.465	0.856	-1.007	-4.268	0.923	1.364	37	Faces
-12.863	-10.105	-7.505	-3.574	-1.297	-1.779	7.695	-1.766	11.099	4.644	16.541	1.006	9.172	5.797	-9.261	-0.780	-5.383	-12.644	-0.194	5.041	3.362	0.023	-19.333	10.151	12.995	14.444	8.416	8.817	37	ScrambledCars
2.421	-1.735	8.710	0.789	-2.220	0.890	2.529	0.803	-1.497	2.275	-2.020	-2.811	3.335	-4.335	0.641	-0.256	1.375	3.065	-1.331	2.699	3.412	-10.917	6.993	-6.717	0.558	-13.128	-1.340	-6.937	37	ScrambledCars
2.725	-5.036	-1.413	-0.453	-3.795	-9.119	-9.389	-6.422	7.456	-1.826	6.538	3.277	-6.720	-3.459	-2.224	-4.449	-7.338	8.135	3.735	-3.931	-6.085	6.006	-7.721	-5.684	-0.875	8.443	-2.502	7.388	37	ScrambledFaces
6.899	3.761	-0.607	9.632	10.684	2.239	5.070	-3.517	-5.956	1.595	4.941	-0.021	0.833	1.285	-6.435	2.254	9.334	-7.523	-2.149	9.798	8.016	-2.502	-3.121	-3.550	-6.042	3.456	1.153	-1.041	37	Cars
-7.850	-15.460	-3.501	-18.682	-17.778	-6.829	-0.502	15.173	45.772	14.791	27.506	14.219	-9.839	-17.783	-15.449	-22.913	-15.701	-13.020	-23.871	-21.098	-19.767	-22.195	-21.814	-3.946	23.643	31.286	5.750	19.652	37	ScrambledFaces
-10.242	-16.311	-10.578	-10.273	-4.814	-3.413	3.749	-0.680	15.538	4.612	6.094	9.227	1.288	-4.703	-0.976	-12.073	-8.277	3.701	-5.427	-12.635	-2.243	-1.164	-3.489	-5.690	5.897	7.249	1.562	9.894	37	Faces
-8.314	-9.921	2.662	-6.909	-3.547	-0.308	2.213	23.120	19.855	6.512	14.069	6.388	-4.262	-8.625	-13.862	-14.821	-2.306	-7.457	-6.186	-12.387	-12.191	-2.499	-5.402	1.929	-2.682	9.876	-2.524	3.242	37	ScrambledCars
3.783	-6.293	0.363	-7.202	-5.509	-9.729	-5.342	-10.831	-13.302	-6.972	-10.581	4.201	3.245	2.052	-0.594	1.744	4.176	3.694	8.451	-2.319	-2.671	6.784	14.861	2.162	3.720	9.985	6.655	3.676	37	Faces
-4.531	1.124	-12.810	0.718	0.994	-0.015	4.576	15.036	12.685	7.346	11.325	5.053	2.049	2.482	-3.398	-1.922	-3.055	-4.198	0.722	-4.768	2.273	-4.928	-6.533	-1.519	-1.590	-2.693	4.750	5.249	37	ScrambledCars
6.471	-0.060	-2.057	-5.637	-11.380	-10.147	-9.930	-13.037	-1.342	-3.469	-1.590	-0.731	-7.615	-8.179	2.548	-0.637	12.767	3.271	1.748	-0.391	-7.063	1.554	-1.604	-8.753	8.127	12.710	-3.655	1.416	37	Faces
-6.987	0.659	-6.122	3.740	6.386	8.351	8.896	6.862	14.308	6.809	16.790	0.449	8.468	6.599	-13.092	-7.545	1.805	-9.999	-5.301	-3.365	2.774	-4.479	-8.750	2.420	-1.082	7.706	4.099	8.079	37	ScrambledFaces
-14.236	-6.847	-1.319	-9.501	-3.077	-2.112	7.865	17.660	28.396	11.293	25.905	13.241	-2.990	-6.622	-13.408	-14.273	-17.824	-5.844	-16.686	-10.881	-7.399	-14.822	-18.148	-10.405	4.559	10.228	-4.534	4.753	37	ScrambledFaces
-0.971	-5.428	-2.539	-10.533	-3.739	-7.942	-9.128	-4.057	11.903	-0.249	2.944	1.999	-7.816	-3.663	1.624	-5.708	-5.241	10.898	6.555	-3.264	-2.963	4.597	6.407	-8.095	-4.319	12.458	-1.692	2.439	37	ScrambledCars
-8.059	-8.345	-2.356	-10.166	-8.889	-1.984	-7.962	-2.684	7.580	0.824	-3.089	1.134	-1.944	-8.816	-5.923	-10.594	-18.380	3.382	-0.991	-14.192	-2.643	8.669	20.486	9.449	17.528	18.221	6.651	4.764	37	ScrambledCars
0.948	-3.609	6.113	1.832	-4.615	-1.355	-2.666	0.788	8.363	-1.861	-0.957	0.955	-5.984	-3.264	2.531	5.564	34.824	-0.577	-5.444	1.892	-5.928	-10.640	-20.244	-2.086	-4.323	10.080	-2.833	2.843	37	ScrambledCars
-3.907	-0.018	6.392	7.472	8.195	7.895	4.752	-7.840	-3.194	3.580	7.483	8.620	7.438	6.988	1.022	5.839	-31.767	-2.434	-7.103	6.061	7.586	3.073	-1.465	-0.955	3.289	-0.578	8.160	7.460	37	Cars
-3.212	-3.098	3.850	-3.973	-5.125	-2.503	-2.838	3.578	13.246	-2.429	2.209	1.699	0.510	-1.019	2.077	-1.880	-34.680	3.845	6.250	-3.503	-4.506	9.839	3.618	-2.166	5.377	11.221	-0.229	3.726	37	Faces
7.983	12.303	4.250	19.145	4.996	5.416	-3.925	0.902	2.166	-4.324	-1.130	-1.145	-12.055	0.565	-1.175	13.393	13.482	-5.844	-4.907	8.546	0.848	-7.884	-10.289	-11.218	-2.790	1.427	-3.477	-0.173	37	ScrambledFaces
-10.264	-11.004	-15.252	-2.344	1.497	-2.075	3.095	15.254	24.821	5.187	8.506	3.130	-2.693	1.064	-1.939	-5.727	-3.410	1.689	0.528	-5.326	-3.866	-2.911	-7.307	-6.556	12.339	-4.442	1.513	1.629	37	ScrambledFaces
-1.387	2.552	16.306	-0.848	5.466	6.469	8.190	3.937	-0.656	12.884	6.877	9.516	2.988	-1.556	-9.438	-15.451	-3.413	-12.493	-19.977	-6.866	-2.675	-23.604	-29.125	-10.230	7.510	17.397	5.612	16.289	37	Cars
5.012	4.742	-5.745	5.875	7.679	5.996	-0.861	-4.430	-4.789	-7.903	-8.738	-6.284	4.440	7.955	5.539	1.887	19.195	5.403	11.378	4.147	8.707	8.091	7.588	-1.155	-16.103	-6.110	-8.841	-15.090	37	Cars
9.902	8.878	1.442	3.554	-7.398	-4.030	-8.824	-8.663	-16.152	-3.487	-11.923	-8.607	-0.845	-6.105	13.152	12.446	-12.722	17.926	9.752	5.269	2.910	8.234	13.811	3.602	-7.183	-11.018	-1.353	-3.014	37	Cars
-9.489	-5.871	-18.457	-7.676	-4.842	-10.431	-2.615	-2.699	5.363	1.387	6.944	8.471	0.192	3.419	-8.413	-7.494	6.494	-6.180	0.966	-1.514	6.602	2.636	-3.359	-2.572	6.260	17.349	6.541	8.656	37	ScrambledCars
1.158	5.548	11.553	10.046	7.974	9.983	7.264	-1.178	6.880	5.013	7.293	1.647	6.289	6.860	-9.813	-3.157	-3.138	-13.452	-7.607	4.278	7.834	0.193	-6.477	6.104	-6.831	-8.694	7.083	-0.943	37	Cars
-13.431	-5.819	-2.345	-3.124	-7.823	-4.346	-1.574	17.747	13.329	3.104	12.499	6.570	4.572	-9.737	-0.681	-12.169	-10.845	9.484	-4.434	-17.257	-17.129	-5.640	3.237	-0.215	1.363	6.545	0.531	13.788	37	ScrambledCars
-1.948	-2.865	-9.804	-5.788	-5.661	-9.402	-4.623	-11.300	-10.896	2.724	0.120	-1.012	5.074	2.295	-6.191	2.011	2.190	-4.129	11.608	2.133	0.378	7.333	6.785	12.085	11.633	16.023	10.227	11.362	37	Faces
-5.802	-6.151	-7.574	-0.590	-0.966	2.812	-4.032	-7.737	-5.400	-4.051	0.901	-2.661	2.489	8.184	0.755	-1.171	8.478	0.799	6.799	0.390	7.073	-1.300	-6.322	-2.381	7.313	9.576	-1.742	5.198	37	Cars
-3.489	-7.801	-3.603	-8.679	0.423	-0.417	4.850	2.960	-0.278	4.899	2.746	0.590	5.955	10.626	5.814	-2.012	-0.692	4.320	2.193	0.879	6.045	0.177	-7.192	-3.627	-14.386	-0.373	1.800	5.338	37	Cars
-9.622	-8.162	-19.825	-0.480	2.648	-0.283	0.836	-13.816	-6.803	-2.732	2.212	4.878	9.371	2.470	-4.840	8.527	13.472	-1.272	7.796	9.498	9.709	13.892	11.511	5.762	-2.098	4.152	6.809	3.394	37	Cars
-2.008	-4.486	11.189	-4.485	-5.959	-10.008	-11.665	-2.414	2.178	-10.040	-0.434	-1.601	-5.980	-4.978	1.185	-6.112	1.242	6.549	-0.252	-2.806	-2.826	1.609	-0.552	-4.958	10.032	12.431	-3.363	3.490	37	Faces
8.116	9.413	15.383	7.487	2.429	6.014	0.748	10.932	6.157	8.385	16.728	-0.677	-5.879	-11.281	-4.249	8.119	-26.734	-3.657	-7.028	-2.748	-11.653	-10.358	-4.944	-3.351	-5.179	-10.491	-4.744	-0.937	37	ScrambledFaces
-6.667	-7.229	-4.991	0.644	3.986	-5.461	3.723	-1.427	-4.185	11.477	9.724	14.869	10.325	-0.052	0.354	-0.965	-4.858	-5.371	-10.534	2.418	4.135	-6.974	-7.688	2.360	-3.720	5.592	11.128	16.230	37	Cars
-12.023	-12.389	-1.207	-10.279	-9.291	-3.492	-0.405	8.993	17.441	10.765	21.043	14.229	5.732	-9.267	-8.856	-14.988	-0.736	-3.930	-12.569	-21.013	-18.077	-14.756	-14.109	2.534	12.392	21.434	8.221	22.396	37	ScrambledFaces
-4.923	-2.845	-3.152	-11.741	-10.493	-4.280	5.776	7.977	13.175	8.828	5.088	1.099	7.486	1.534	-2.377	-10.766	-2.830	-5.608	1.531	-5.473	-7.358	-2.396	-11.212	3.399	5.650	0.767	7.557	12.106	37	Cars
-1.738	-10.414	-1.330	-0.178	1.850	3.663	7.628	2.958	21.036	5.921	12.036	4.429	-1.580	0.048	-13.114	-15.701	-13.483	-12.591	-13.174	-16.896	-7.725	-5.645	-6.640	-0.717	10.762	10.486	4.885	8.652	37	ScrambledCars
1.057	7.177	-7.739	7.233	6.856	-1.916	-3.481	-12.007	-17.054	-10.511	-12.165	-9.754	1.526	6.536	3.606	17.567	24.833	10.169	18.548	11.921	10.084	14.669	14.484	1.969	3.219	-11.057	-4.819	-8.709	37	Cars
-13.696	-9.857	-5.222	-7.135	0.797	-4.026	4.518	13.866	18.743	10.832	11.276	7.419	6.157	-1.105	-12.901	-11.615	-5.102	-7.834	-1.743	-5.886	1.912	8.379	0.655	4.909	1.707	14.103	2.821	6.661	37	ScrambledCars
-1.031	7.435	-1.778	2.836	5.821	6.127	1.758	13.504	9.036	6.407	3.088	0.848	-7.331	-7.244	-4.395	-1.610	6.270	-6.873	1.915	-0.903	-6.673	-9.468	-8.777	-3.466	-6.919	16.140	-4.159	0.327	37	ScrambledFaces
-19.225	-18.716	-15.195	-13.644	-7.053	-5.436	5.504	16.376	29.230	16.593	28.526	21.626	10.167	2.428	-22.143	-19.449	-6.151	-14.587	-14.674	-11.565	1.363	-5.540	-6.650	1.737	2.116	18.717	16.593	23.938	37	ScrambledFaces
-6.301	-6.316	-3.555	-8.168	-5.894	-6.977	-6.364	-2.080	-2.558	0.346	10.035	1.962	-2.107	3.936	-0.611	-5.717	5.523	0.666	1.222	-5.375	-1.181	-1.808	-5.685	3.083	18.621	6.677	6.542	6.776	37	ScrambledCars
-10.992	-2.980	0.714	-2.818	-0.507	3.079	-3.843	9.683	12.964	-3.897	2.603	-1.091	-8.162	-5.184	-9.820	-3.896	16.841	0.113	-4.195	-2.731	-5.189	-4.419	-2.458	-8.639	3.027	12.659	-0.131	11.010	37	ScrambledFaces
-1.082	2.347	-0.850	-1.865	-4.768	-2.689	-11.089	3.439	-0.501	-1.122	7.750	-1.530	-6.317	-14.476	3.803	-3.193	3.980	2.238	3.030	-2.418	-3.924	-0.473	5.919	-0.678	7.568	9.615	-7.530	-5.067	37	ScrambledFaces
17.189	11.642	15.430	7.118	7.771	7.015	-3.933	-14.776	-21.550	-6.894	-17.765	-11.510	4.026	1.244	17.207	1.192	9.975	4.626	6.431	7.308	10.709	6.803	5.265	-1.352	-15.296	-8.776	-9.444	-13.217	37	Cars
1.852	5.775	10.981	1.831	-1.738	1.405	-7.055	-4.922	3.610	-13.459	0.952	-7.612	-9.152	-6.726	4.088	5.237	7.082	4.350	4.478	1.443	3.824	-0.050	10.960	-5.307	-4.530	1.494	-2.262	-4.851	37	Faces
-1.681	-3.528	-3.344	3.861	8.781	0.232	6.989	2.254	2.407	-0.358	6.377	-0.793	-1.994	7.199	-3.182	5.793	-8.916	-1.121	2.421	13.153	6.426	5.403	-14.995	2.836	2.592	2.058	0.172	-0.268	37	Faces
11.207	2.105	-2.304	6.015	-1.434	-0.031	-2.663	-9.125	-13.732	2.278	-0.138	-5.447	-1.834	-2.345	9.324	3.221	-1.246	0.879	9.501	3.389	0.959	4.897	8.952	-7.563	1.633	9.356	0.356	-6.612	37	Cars
2.893	0.303	-0.913	1.656	2.760	4.545	2.884	-6.059	9.403	3.950	0.149	4.061	-2.998	7.871	1.923	2.721	-1.970	-2.515	-1.597	4.293	-0.796	-6.513	-5.884	-6.265	-11.842	-2.361	1.965	3.172	37	Cars
-0.130	-2.714	-5.986	6.646	5.136	9.691	-0.376	-3.833	-6.543	13.999	-5.862	-1.446	6.884	4.699	-2.955	1.667	1.310	-3.638	2.570	0.534	5.918	2.648	7.478	5.653	-2.548	-1.555	-0.995	-6.226	37	Faces
-3.149	-5.874	-5.842	-6.307	-0.243	-1.988	2.301	6.394	13.662	2.522	13.599	12.345	-0.988	-2.784	-6.030	-5.010	-0.518	-3.625	-2.998	-2.151	2.475	-10.653	-8.354	2.381	3.542	-1.907	4.552	12.953	37	ScrambledCars
-8.238	-12.385	-2.578	-8.269	-6.039	-6.513	1.026	8.281	-2.871	4.693	8.822	1.961	6.092	-1.985	-7.074	-12.576	-10.495	-1.706	-1.645	-7.217	-2.957	-0.282	-3.460	7.148	20.037	24.190	11.991	9.584	37	ScrambledCars
-7.719	-10.888	-1.214	-11.488	-9.244	-5.613	1.336	7.951	20.264	6.237	12.440	3.318	-6.291	-10.077	-5.547	-19.038	-16.141	-7.568	-9.863	-10.527	-5.623	-3.318	-11.067	6.601	20.783	20.617	4.847	10.371	37	ScrambledFaces
-2.847	-9.984	-12.431	-8.589	-4.305	-11.219	0.515	0.323	10.152	3.962	15.302	7.351	2.646	-0.365	-3.266	-9.220	-9.509	5.208	-0.847	-10.553	-9.070	9.965	9.136	8.152	10.083	11.490	6.471	2.741	37	Faces
-5.093	-1.585	0.080	2.498	6.943	1.542	6.704	-0.600	-1.164	8.795	2.215	-1.503	-5.007	0.951	0.668	2.655	11.748	1.969	3.580	1.555	0.737	-0.497	-2.976	1.459	-11.846	-10.043	1.933	2.995	37	Cars
-11.597	-10.049	-8.388	-9.004	-6.940	-9.319	0.489	11.888	14.813	4.572	19.683	7.229	3.412	5.866	-18.669	-7.420	-11.477	-7.353	-1.439	-5.429	0.533	2.575	-1.331	2.241	15.465	12.100	2.930	27.446	37	Faces
15.592	7.731	27.762	7.000	3.226	13.156	1.884	6.321	13.394	-2.509	1.595	-7.754	-4.521	-5.156	-3.964	-11.047	0.826	-10.564	-14.013	-7.902	-9.813	-14.890	-26.253	-7.509	-1.774	4.305	-5.544	-8.760	37	ScrambledCars
-2.794	-3.961	-4.240	-0.895	-6.813	-3.899	-1.194	9.765	24.881	12.016	9.262	6.760	-0.766	-12.649	-1.359	-6.746	-6.423	-8.557	-5.596	-6.246	-8.091	-11.143	-11.391	-6.285	-4.804	26.534	1.278	5.788	37	ScrambledFaces
1.225	0.736	12.759	3.010	1.231	-0.914	1.310	-1.421	-12.219	-3.232	-0.510	-0.152	4.119	2.719	1.059	7.647	8.290	-0.662	6.221	5.627	4.030	-6.846	-7.073	0.427	-5.699	-11.388	0.119	-0.613	37	Cars
-4.092	2.334	-3.592	3.734	4.746	3.369	8.901	-0.615	-13.922	7.327	0.614	-0.820	8.400	18.023	2.619	3.858	9.083	-3.051	7.326	5.953	8.659	4.616	0.178	2.791	-9.741	9.240	2.459	-5.526	37	Cars
10.546	6.517	10.511	6.710	2.705	8.952	-1.138	-1.787	2.682	-1.465	-0.202	-5.447	-3.317	-6.059	8.481	3.746	15.260	0.389	-6.502	-1.659	-7.046	-6.708	-9.877	-13.895	-9.337	-10.676	-8.080	-9.293	37	ScrambledFaces
-15.652	-13.468	-10.943	-8.273	-4.145	-2.721	8.051	16.487	18.527	7.577	15.419	11.259	6.943	-4.320	-17.737	-16.800	-20.906	-12.948	-4.409	-15.204	-10.648	-6.788	-0.658	3.820	20.942	18.988	12.146	12.772	37	ScrambledFaces
-2.142	-8.465	-4.173	0.227	-2.560	1.165	-0.459	6.898	4.313	9.328	15.224	5.810	-4.700	-1.998	-6.658	-7.631	-14.216	-9.565	-5.691	-4.358	0.804	-7.625	-0.868	-1.474	-0.728	18.159	6.031	7.533	37	ScrambledCars
3.281	3.669	-4.796	0.675	-0.680	-0.121	-4.805	6.996	18.867	-3.647	2.838	-2.385	-7.023	-4.255	1.032	-1.440	7.726	1.676	-0.449	-3.937	-4.990	-5.774	-12.344	-8.920	0.837	4.740	-4.177	-4.040	37	ScrambledCars
-0.954	10.448	1.803	9.161	12.284	9.598	11.612	7.653	-9.592	8.980	2.442	5.908	14.444	3.185	-6.608	2.591	-3.517	-12.684	-4.124	0.650	-1.161	-1.856	-8.965	4.810	-11.413	-5.437	3.717	2.150	37	Cars
-3.679	-0.822	-7.999	0.910	8.917	5.429	4.225	-4.283	-22.298	0.279	-14.732	-7.487	10.638	14.306	-3.044	2.982	37.577	6.670	11.227	4.149	10.056	10.944	0.797	5.409	-7.891	0.892	3.953	-3.437	37	Cars
9.511	0.081	6.408	-1.326	3.730	-2.085	1.592	-0.859	-8.249	1.374	-3.401	-6.455	-5.452	-7.593	-0.394	0.833	16.711	-3.747	4.625	1.946	1.313	0.908	0.342	-0.149	-6.773	-17.763	-6.998	-7.427	37	Cars
2.472	4.325	5.463	-1.310	-1.086	5.691	3.202	13.524	22.255	8.383	13.649	4.545	-9.151	-6.978	-8.827	-6.433	-23.324	-8.459	-19.663	-12.730	-7.996	-14.474	-6.238	-2.676	-2.787	2.861	0.094	6.293	37	ScrambledCars
-13.536	-9.794	-12.781	-6.120	-10.996	-5.883	3.454	4.140	2.759	5.458	6.038	9.831	4.795	0.417	-11.448	-11.084	-5.740	-8.882	-5.712	-10.057	-7.130	-9.138	-3.150	11.778	15.855	31.177	16.758	19.674	37	ScrambledFaces
11.499	21.638	15.549	15.343	8.884	14.452	7.886	13.048	7.134	7.977	6.847	0.948	0.115	-5.983	-15.154	-0.541	-11.274	-14.457	-12.354	-6.621	-7.538	-8.144	-5.820	-4.948	-6.133	-2.177	-4.261	-0.819	37	ScrambledCars
-2.834	-0.853	2.881	-1.508	-1.499	0.270	3.218	12.048	0.985	12.911	7.744	6.853	3.370	2.291	-2.226	4.911	-0.040	-6.387	0.398	9.228	6.243	-1.317	-2.706	-2.468	-2.252	-16.601	-3.834	-0.679	37	Cars
-11.273	-10.964	-8.201	-7.736	-7.101	-5.952	1.313	3.650	5.749	-1.614	11.488	6.258	9.828	1.725	-7.875	-11.533	-5.757	-2.921	-6.352	-7.371	-10.962	0.651	2.234	3.000	0.857	13.883	8.391	12.510	37	Faces
1.065	8.599	-1.671	10.783	7.912	11.748	2.815	9.214	1.111	3.471	7.908	-1.349	-0.689	-7.344	-4.253	6.394	-0.676	-7.566	-0.487	9.978	7.039	-7.731	-2.798	-3.993	-9.718	0.749	-9.102	-0.459	37	ScrambledCars
-14.124	-6.574	-9.216	-7.075	2.777	5.813	0.817	17.303	22.705	1.935	9.781	2.802	-4.183	-2.782	-11.028	-7.894	-14.403	-14.042	-6.189	-4.254	-3.518	-3.657	-6.238	3.295	21.368	18.974	6.525	8.161	37	ScrambledFaces
-6.556	-4.405	2.562	-5.392	-4.102	-2.160	0.596	1.574	6.060	4.743	8.319	5.760	2.146	3.900	4.804	-3.835	-4.506	-2.775	0.612	-4.526	-6.850	4.283	1.689	-1.112	3.776	14.351	-0.319	2.112	37	ScrambledFaces
-1.614	-2.657	-7.530	-9.943	-6.323	-7.215	-2.151	-3.209	11.731	-3.303	4.746	-3.228	-0.713	3.772	-1.191	2.074	-5.985	-1.559	-0.974	4.645	6.402	3.792	-10.042	3.710	5.910	13.575	2.010	4.471	37	Faces
-4.272	2.005	-10.700	-2.171	4.027	-2.280	8.915	0.147	-7.176	8.427	4.868	10.256	3.486	6.153	-3.919	6.713	4.124	-5.280	10.871	6.944	3.900	0.701	-11.508	6.982	-4.228	3.388	3.612	4.236	37	Cars
-0.045	-3.993	-10.851	1.188	3.328	-2.830	3.207	-13.981	-10.251	-0.715	-5.008	-0.085	9.256	10.701	7.681	4.870	6.912	-0.333	6.767	4.991	10.819	9.377	3.839	10.785	-11.880	-5.226	5.609	7.174	37	Cars
-6.710	-12.941	7.373	-6.478	-5.999	-2.710	-3.340	3.501	6.629	-3.512	6.945	1.550	-8.081	-8.266	-4.852	-13.427	-7.612	7.087	2.923	-15.628	-8.038	6.322	9.377	-0.606	11.140	5.034	-0.970	-4.308	37	Faces
-3.411	-1.919	2.927	-3.120	-4.243	-9.402	-1.613	-6.452	-0.632	2.023	5.349	-0.540	0.805	4.687	-5.779	8.958	6.070	-1.060	6.612	3.621	1.106	6.104	10.071	-0.853	11.462	10.635	3.472	0.744	37	ScrambledCars
-13.002	-5.757	-15.225	-10.135	-3.460	-4.189	-6.424	-2.107	4.763	-7.298	-6.085	4.884	0.604	2.384	-2.969	-1.382	1.840	-9.091	0.164	3.994	11.983	-2.198	-2.524	5.417	3.187	5.113	0.337	4.474	37	ScrambledFaces
-15.721	-9.097	-12.627	-10.365	-8.281	-6.276	9.646	18.310	20.144	13.632	21.967	16.503	0.669	1.350	-14.207	-15.566	-17.642	-11.917	-12.117	-12.512	-5.506	-10.881	-14.734	3.445	17.666	21.326	5.856	18.668	37	ScrambledFaces
-0.115	-4.993	-3.824	-4.282	-10.865	-6.812	-2.418	7.956	7.483	4.765	-5.642	3.003	-2.873	-5.849	-1.512	3.509	6.251	-5.802	-3.783	-0.220	-7.269	0.231	-5.710	0.749	9.814	18.921	2.881	11.508	37	ScrambledCars
-2.112	-2.827	2.582	-2.535	-2.176	4.685	2.979	-7.682	-1.026	5.971	-8.454	1.190	7.752	0.083	-4.053	1.316	12.937	4.960	6.537	-3.029	1.102	-3.061	-1.576	2.273	-5.664	-5.629	0.034	1.075	37	Cars
-4.903	-0.319	8.026	2.517	-2.490	-3.037	1.292	-0.315	22.713	-0.721	1.444	6.956	-5.339	-0.121	-13.087	-6.573	-8.480	-1.382	-11.043	-10.157	-3.789	-5.409	-0.757	-0.168	2.668	15.430	-1.689	4.568	37	ScrambledFaces
-0.466	-3.240	4.865	-0.788	2.291	3.134	-2.550	-3.486	-5.162	8.497	3.636	10.573	2.042	-4.209	-2.051	-9.198	-12.133	-2.461	-10.157	-8.828	-11.462	-5.668	3.510	5.538	1.480	2.297	1.694	5.382	37	Faces
-11.573	-9.520	-1.932	-8.761	-0.328	-1.859	8.692	10.691	15.671	11.665	16.437	16.157	10.271	-0.745	-10.281	-7.685	-18.873	-10.178	-3.757	-9.209	-3.581	4.189	-3.125	4.631	-0.914	3.251	4.534	2.322	37	ScrambledCars
-6.274	-6.293	-2.588	-0.928	3.497	6.383	10.494	6.572	9.787	5.034	13.198	3.111	11.731	8.258	-15.364	-17.126	-17.189	-12.989	-1.944	-13.321	-0.560	3.545	3.363	9.404	4.431	5.498	13.516	14.702	37	ScrambledCars
-1.861	-1.653	0.502	-1.600	-5.631	-5.118	-4.839	-1.692	-9.108	-6.489	-8.212	-0.975	-9.932	-10.698	2.650	-1.146	-7.599	7.266	2.096	-5.090	-12.313	0.480	10.386	-0.170	-1.512	12.872	-0.452	1.705	37	Faces
-15.656	-14.264	-12.393	-6.036	1.148	-0.521	12.551	9.053	17.269	17.438	18.926	11.537	7.735	7.351	-14.699	-11.803	-21.973	-16.494	-10.124	-6.526	2.805	-5.216	-11.562	8.381	5.174	12.587	13.968	11.657	37	ScrambledFaces
2.822	-1.594	-5.358	3.713	0.942	-6.160	11.239	0.801	12.851	10.348	17.598	3.378	12.552	6.324	-9.403	-0.650	-5.165	-12.418	-6.148	0.999	4.482	-5.096	-13.825	1.400	-17.921	13.434	6.165	13.546	37	ScrambledCars
2.109	0.284	14.149	-3.404	-5.322	-3.768	-5.622	7.141	-0.381	-11.362	2.201	1.428	-13.323	-11.646	5.729	3.653	9.301	2.208	-6.512	-5.878	-8.223	-13.141	-2.575	-10.319	7.857	-5.539	-6.286	-1.580	37	ScrambledCars
-20.230	-16.565	-12.111	-7.827	2.299	-2.792	9.910	9.926	23.773	20.584	15.017	17.120	10.052	6.963	-23.232	-10.579	-11.190	-19.491	-5.615	-9.860	-2.474	2.936	0.672	5.022	13.217	10.529	16.758	21.623	37	ScrambledFaces
-7.490	-9.827	2.060	-10.601	-13.301	-0.408	-7.666	5.877	11.773	-1.156	11.849	2.611	-8.826	-15.379	-2.749	-16.942	8.019	8.542	-5.469	-12.698	-16.133	-6.934	-8.948	-9.602	13.484	10.180	-3.613	14.402	37	ScrambledFaces
4.992	14.175	19.417	9.569	9.244	10.503	6.915	-15.354	-20.755	0.384	-3.264	4.257	3.392	6.063	-3.808	-2.390	-10.277	-4.322	-1.816	-0.834	3.110	2.706	-4.396	10.232	-0.829	-1.181	6.501	1.789	37	Cars
5.501	6.882	0.091	8.384	8.579	1.801	-1.337	-10.933	-11.623	-3.599	-6.315	-15.274	5.218	11.375	3.484	27.329	19.017	4.529	11.030	26.746	19.149	5.310	-1.611	-1.950	-6.144	-7.825	-3.492	-9.891	37	Cars
-19.294	-13.836	-11.267	-0.495	-3.278	-5.052	3.526	10.942	18.134	7.433	17.502	12.424	8.230	10.529	-18.105	-9.420	3.654	-8.972	6.388	-2.401	3.744	4.398	-1.456	4.902	-0.783	21.870	6.216	17.566	37	ScrambledCars
5.894	7.027	5.313	1.413	-0.377	5.398	0.202	-5.949	-19.375	-8.139	-8.985	0.248	4.286	6.868	7.161	8.465	8.083	-0.819	0.887	12.595	14.869	8.782	6.368	-0.428	-4.470	-10.314	-3.125	-6.867	37	Cars
6.136	3.875	9.893	3.750	3.604	1.184	3.295	-9.148	-8.664	-8.162	-4.651	-3.059	5.412	1.096	1.725	4.572	3.014	0.664	3.026	6.243	7.021	-3.574	-2.522	0.227	2.001	-8.648	-4.884	2.216	37	Faces
-13.135	-15.485	-13.241	-13.701	-6.632	-12.424	7.300	7.808	15.609	8.716	16.625	13.956	1.102	3.536	-7.335	-8.804	-19.503	-5.090	-13.885	-7.451	-9.277	-3.645	-9.677	2.639	13.788	21.823	5.818	12.220	37	ScrambledCars
-11.882	-6.792	0.287	-0.851	-0.190	-3.796	6.089	0.360	3.027	6.896	5.231	14.088	5.736	1.137	-12.071	-2.286	-21.229	-5.205	-3.919	0.210	1.292	-1.618	10.364	2.424	10.582	14.717	3.782	10.978	37	Faces
2.783	-0.133	9.850	3.326	2.549	5.472	7.378	-7.900	-11.644	3.161	7.481	5.998	1.905	6.596	-1.642	-4.684	1.411	-3.970	-1.280	0.909	3.169	-3.177	-6.839	1.998	-3.140	7.775	1.026	4.415	37	Cars
8.977	0.645	-2.945	-0.679	-1.470	-3.099	2.525	-8.445	-17.259	-1.502	-6.470	-4.368	-1.246	6.581	3.394	-2.705	0.714	0.575	0.772	-4.406	-2.129	5.583	3.598	4.038	6.659	-1.047	2.521	3.572	37	Cars
1.993	-8.525	-5.394	-5.307	-4.298	-4.912	-0.946	11.053	11.137	3.064	8.304	-0.154	-0.106	-2.568	-2.131	-4.482	-11.240	1.656	1.367	-0.695	-3.700	1.900	4.501	4.730	2.249	2.476	0.157	-1.186	37	ScrambledFaces
0.062	-4.721	7.758	2.932	8.336	7.413	1.703	-4.197	3.617	2.631	14.477	6.626	-2.266	-3.422	-0.708	-3.062	5.035	-0.383	-1.523	-6.007	-3.550	4.055	2.174	-2.691	-2.962	-6.703	-7.009	-0.906	37	Faces
-1.160	-5.075	-7.624	-3.918	1.165	-9.509	5.591	0.396	8.719	-0.709	0.986	3.071	2.242	6.708	-5.681	-7.494	-5.247	-9.545	-3.390	-0.842	2.018	-3.093	0.495	5.273	4.159	12.748	3.046	6.564	37	ScrambledCars
-0.144	-1.810	3.929	-2.621	-2.393	-0.616	3.780	3.867	3.731	5.491	7.402	2.651	3.125	5.112	-7.806	-9.548	-14.621	1.025	-8.238	-8.951	-5.253	-4.181	-0.723	11.353	-0.189	14.529	6.472	5.765	37	Faces
-6.694	-4.980	13.077	-3.831	-6.438	1.671	1.980	20.052	21.521	2.959	19.378	3.019	-9.440	-12.125	-13.849	-13.738	-15.784	-5.987	-8.976	-15.041	-12.785	-7.440	1.346	-13.003	11.282	1.574	-5.103	7.288	37	ScrambledFaces
-2.754	-9.757	-4.419	-2.384	-3.088	-2.874	-5.931	-12.054	-8.365	-5.986	-0.630	-3.062	0.028	3.073	4.837	-5.162	11.677	2.858	-0.341	-4.376	3.188	-0.350	2.392	5.186	-1.203	8.328	1.123	-1.918	37	Cars
-3.972	-0.769	-5.786	1.771	-6.202	-6.471	-9.810	-8.830	-0.184	-7.650	7.903	5.972	-3.913	-9.258	-4.994	-4.677	8.719	1.168	6.428	-0.503	2.629	3.650	14.729	3.369	7.790	22.963	2.034	4.622	37	Faces
2.629	3.404	6.032	1.633	3.694	8.120	5.465	11.833	3.694	-1.480	4.500	-2.016	1.062	2.948	-3.572	-1.515	-4.893	-9.046	-8.650	-3.030	-1.297	-7.926	-14.193	-4.224	-4.992	0.382	-1.886	-2.432	37	ScrambledCars
-15.141	-13.477	-11.600	-10.075	-10.237	-8.833	2.622	7.594	17.820	10.325	15.196	6.158	0.772	2.127	-9.940	-9.319	3.865	-3.345	-7.416	-7.335	1.997	7.293	1.807	4.492	3.163	6.957	9.037	11.246	37	ScrambledCars
-3.462	-5.705	5.570	-6.343	-2.002	0.516	-2.756	2.765	4.249	6.854	5.312	4.461	-7.703	-8.087	-5.247	0.132	20.418	6.970	2.579	-7.742	-8.884	-1.334	0.741	-3.258	12.816	-0.682	-5.697	3.608	37	Faces
-9.294	-9.836	-9.834	-5.953	-4.535	-4.034	-3.570	5.727	12.580	0.471	12.530	-0.765	2.062	-1.609	-7.039	-4.139	14.104	-0.791	1.322	-8.030	-1.968	-0.992	2.212	2.389	12.981	7.372	2.688	-1.736	37	ScrambledCars
-1.193	-2.543	0.466	-4.309	15.024	-4.051	-0.453	8.228	0.057	-8.101	-0.668	-2.487	-5.347	-4.850	2.418	-0.704	-14.373	1.565	0.514	-2.886	1.564	-5.804	13.464	-4.137	1.757	13.506	-0.319	-0.668	37	ScrambledFaces
-7.202	5.305	-6.250	1.988	6.079	2.997	9.644	-1.403	2.365	5.476	12.460	1.619	4.500	14.799	-7.801	6.027	-5.460	-6.002	4.353	5.818	4.735	5.409	4.245	7.190	1.803	-7.499	2.911	-0.124	37	Cars
0.630	-4.224	2.919	-3.051	-5.603	-5.705	-4.435	15.108	18.157	-4.050	12.824	6.014	-8.512	-12.028	-2.405	-8.737	-7.241	-3.762	-12.159	-8.256	-13.682	-16.362	-12.403	-5.280	-0.916	13.465	-1.005	8.783	37	ScrambledFaces
-3.428	-0.102	3.184	-2.818	0.356	0.789	8.785	12.116	10.574	7.983	9.977	3.204	0.204	-5.049	-10.783	-3.121	-15.003	-11.764	-3.871	2.166	5.420	-9.340	-4.553	-1.854	-4.168	-0.599	-0.666	6.598	37	ScrambledCars
-11.053	-14.104	-9.651	-14.480	-9.846	-6.601	3.571	1.478	25.466	1.706	16.838	22.984	6.144	1.100	-14.165	-19.278	-25.987	-5.998	-14.353	-12.579	-8.340	-14.706	-5.382	2.196	4.369	26.220	20.610	29.124	37	Faces
-12.441	-11.944	-4.449	-4.983	-1.616	-3.670	3.862	2.345	10.064	11.111	12.683	17.308	8.661	-3.466	-11.474	-10.996	-7.481	-7.301	-16.609	-7.088	4.051	-10.914	-1.442	4.024	7.033	12.906	8.610	15.428	37	Faces
6.962	7.388	-3.219	8.900	8.775	4.059	3.901	-8.572	-9.275	1.933	-1.911	-1.988	14.250	5.012	-1.379	13.638	9.579	-8.063	8.186	16.053	11.428	7.207	-0.126	6.150	-18.650	-5.226	2.018	3.730	37	Cars
-10.722	-11.268	8.477	-8.338	-5.730	-4.849	-0.072	0.975	9.128	-7.196	3.529	-0.040	-2.443	-6.191	-0.488	-5.024	-8.967	1.899	0.230	-7.129	-7.732	-2.050	4.806	-0.840	16.335	5.196	1.781	0.986	37	Faces
0.157	2.989	13.820	4.954	5.199	3.401	-0.121	-4.029	-5.188	-0.303	-4.382	-5.608	0.676	3.791	-6.412	0.279	-1.489	-0.973	-1.548	-3.758	1.332	7.214	-0.280	-1.051	3.705	5.327	-1.373	-5.416	37	Faces
-14.048	-4.924	-3.227	-4.821	2.660	-2.455	5.329	2.206	11.424	7.076	15.452	12.331	12.341	2.812	-4.835	-0.587	-5.131	-6.875	-2.602	3.716	-0.689	2.632	2.707	9.153	-1.961	5.724	7.485	4.068	37	Cars
-3.914	1.979	1.672	1.837	2.198	-1.820	-1.045	-1.449	1.821	-1.846	0.677	0.799	-9.578	-7.291	-8.969	3.597	11.938	-3.257	1.215	1.133	4.248	0.028	-8.828	3.534	-2.681	20.975	3.786	5.988	37	Faces
8.859	-1.148	10.002	-1.679	-1.698	1.115	-12.470	-6.905	-6.880	-10.603	-8.185	-6.030	-6.164	-11.681	7.363	1.283	6.460	7.465	4.802	-10.740	-5.265	-4.242	-3.413	-13.179	4.546	6.025	-10.981	-9.351	37	Faces
3.949	4.737	-0.843	1.351	-1.009	-2.266	-2.442	-5.912	1.674	-4.766	2.248	4.637	2.051	0.896	8.438	5.954	11.204	-0.070	2.153	7.144	-0.518	-2.291	-3.111	-4.178	-5.425	7.113	-2.785	-5.421	37	Faces
-12.308	-7.700	-15.456	-5.409	-3.902	-5.944	-1.389	5.769	12.421	12.217	3.720	11.132	-2.249	-2.859	-4.456	3.335	19.553	-1.322	6.151	2.626	4.091	-2.370	1.602	-3.586	3.645	-0.543	-2.872	2.392	37	ScrambledFaces
-1.344	-8.961	2.407	-5.812	-4.136	-5.881	4.359	3.074	-1.767	8.503	9.292	4.057	4.374	2.898	-2.673	-9.396	-1.402	1.135	-0.448	-1.190	-2.148	-4.239	-7.494	-1.474	-1.029	4.637	8.056	8.125	37	Faces
-11.700	1.122	-13.902	0.399	-0.286	-1.572	6.667	-2.718	-5.433	-1.679	1.111	-0.415	7.532	7.243	4.987	3.415	5.018	-1.909	7.462	1.751	9.568	11.641	3.358	7.458	1.481	0.587	6.246	-2.201	37	Cars
-9.004	-8.554	3.840	3.191	3.921	14.592	10.224	5.526	10.155	16.392	15.446	8.769	4.200	-4.057	-15.970	-17.289	-20.212	-16.045	-16.061	-9.176	-2.227	-12.184	-17.586	6.268	2.621	35.933	11.816	16.547	37	ScrambledFaces
-8.067	0.718	-4.114	-1.035	0.923	1.768	-0.339	0.214	5.720	4.627	8.819	2.685	6.036	2.130	-8.203	-1.613	-9.679	-5.900	-1.376	1.147	-1.615	-1.564	-4.233	0.213	6.500	-3.167	2.408	7.828	37	Faces
-3.324	-7.322	-8.360	-6.932	-1.184	-4.990	-4.046	2.387	2.460	3.984	11.891	7.036	1.526	-9.002	-1.811	-7.983	-0.772	0.522	-2.727	-2.750	-9.422	-5.586	-5.927	-5.272	11.018	9.536	3.451	11.557	37	ScrambledCars
4.038	9.591	-7.161	9.469	3.055	9.457	-11.727	-8.768	-6.268	-8.140	-16.224	-10.653	-10.842	-5.080	9.031	8.279	10.438	16.834	8.004	1.063	-2.020	5.602	-3.230	-6.898	-1.176	2.156	-2.202	-5.673	37	Faces
9.008	4.648	6.043	2.534	0.348	2.053	-10.363	-11.805	-4.969	-13.605	-4.246	-1.611	-5.705	-1.359	9.787	9.920	4.889	7.770	4.112	5.062	-0.451	-1.731	0.041	-8.546	-2.508	1.065	-10.820	-4.584	37	Faces
2.280	5.748	-2.071	2.757	1.577	3.895	5.429	-7.000	-0.194	2.616	6.948	0.324	4.539	9.851	-2.584	3.100	-2.465	-7.329	-0.239	6.458	10.970	-2.722	-12.884	1.531	-9.384	-1.135	2.959	0.098	37	Cars
-5.812	-5.445	-5.665	-14.528	-4.539	-5.606	0.126	2.869	10.464	8.660	9.336	0.676	-5.697	-2.055	-7.336	-13.458	-12.900	1.260	-5.617	-9.196	-6.334	5.724	-4.863	4.776	18.014	13.774	2.186	10.495	37	ScrambledCars
-7.142	-9.444	-4.042	-9.820	-10.303	-6.301	-4.913	14.019	33.046	5.503	7.873	6.047	-8.396	-10.733	-11.705	-7.370	-6.579	-2.232	0.290	-10.905	-12.308	-5.096	-2.647	-2.303	3.418	3.517	4.595	11.849	37	ScrambledFaces
6.990	6.486	8.830	1.417	0.576	-3.351	-1.629	-15.253	-7.552	5.191	-3.800	7.565	8.382	4.973	3.416	-1.687	-0.737	-5.037	3.841	1.146	2.392	-2.835	-6.375	1.136	-15.923	4.626	4.915	-1.899	37	Cars
