FP1	F3	F7	FC3	C3	C5	P3	P7	PO7	PO3	O1	Oz	Pz	CPz	FP2	Fz	F4	F8	FC4	FCz	Cz	C4	C6	P4	P8	PO8	PO4	O2	ID	Condition
-1.360	4.245	-7.803	-2.333	2.174	1.502	-0.942	0.070	0.021	3.522	9.345	4.337	-5.489	-7.708	-2.234	0.100	-8.294	8.176	-12.589	-3.275	1.027	-9.420	1.703	-3.982	6.196	6.567	1.832	6.199	38	ScrambledFaces
0.842	-7.473	3.507	-4.734	-5.490	1.603	-6.292	-2.199	8.280	-0.765	9.050	9.518	-9.501	-12.370	2.124	-5.846	3.766	12.886	8.030	-7.073	-8.566	-7.221	3.464	-5.791	-1.872	-1.388	0.031	9.513	38	ScrambledFaces
-0.522	-2.752	15.549	-2.125	-3.822	3.469	-4.451	11.214	3.753	0.284	7.056	12.315	1.578	-6.133	4.909	-13.139	-10.192	16.724	-14.174	-14.599	-10.024	-8.757	-1.328	-6.172	-7.540	0.658	2.568	9.488	38	Faces
2.781	-6.087	4.150	-5.844	-2.676	7.150	-2.422	10.449	5.238	-0.629	7.082	9.001	-4.617	-9.375	-7.848	-9.417	-1.832	-1.025	0.640	-7.316	-13.301	-4.948	3.975	-7.502	6.106	-4.775	-4.280	14.473	38	Faces
-7.144	-5.348	10.575	-9.751	-7.064	-4.091	-12.678	-0.445	0.719	-4.209	4.914	14.173	-9.886	-10.844	24.920	-5.487	-5.460	-4.177	-9.841	-4.832	0.311	-6.715	-1.292	-3.899	-2.665	10.684	11.201	13.532	38	Faces
-4.872	-0.832	1.719	-5.533	-0.341	1.717	4.680	7.509	8.701	8.424	2.449	5.526	8.305	-1.534	3.499	-8.914	-18.619	-1.072	1.362	-3.391	-2.799	-0.052	5.376	1.453	-2.298	-6.608	-1.150	0.672	38	Cars
-0.753	-3.401	-7.352	-13.560	-5.338	-7.575	-0.647	3.195	-1.619	3.050	-0.618	4.894	6.082	-1.951	8.859	-3.893	4.516	-0.650	1.580	-2.558	-4.178	4.473	7.946	-0.958	-6.462	-2.459	-2.074	3.262	38	Faces
-3.256	5.600	-5.436	2.744	5.336	3.100	2.268	15.312	5.320	6.132	5.705	6.637	-1.731	-5.377	-6.424	-9.410	-10.204	6.691	-12.133	-8.514	-7.552	-1.935	-5.472	4.570	3.182	0.748	6.544	1.910	38	ScrambledCars
5.345	6.739	5.788	0.523	-1.786	2.945	-6.261	0.906	-3.745	-2.211	3.626	10.198	-10.683	-10.570	-7.190	-5.206	-3.273	6.959	-7.415	-3.327	-4.453	3.214	1.562	-1.764	-4.473	0.118	-1.808	3.548	38	Faces
-2.146	-7.076	0.502	-14.736	-7.467	3.464	-3.490	8.614	12.509	2.821	13.418	12.963	-10.095	-14.026	-0.936	-10.960	-7.119	-8.000	-4.096	-12.806	-19.124	-6.254	-6.546	3.985	7.499	16.476	6.563	15.679	38	ScrambledCars
3.424	-2.916	-3.658	-6.592	-4.757	2.213	0.816	12.036	6.907	5.942	11.445	13.059	-0.440	-2.042	-10.456	-8.954	-1.169	17.598	-1.251	-7.953	-5.498	-1.330	-9.200	-7.569	-3.295	-10.052	-0.958	0.924	38	Cars
11.456	6.957	-1.027	6.260	-1.586	3.257	-6.339	-4.619	-10.638	-7.928	-5.713	-0.665	-11.277	8.021	-0.636	14.648	20.079	-7.834	8.903	18.363	10.894	-0.553	-1.268	-10.648	-19.263	-11.951	-12.053	-3.019	38	Faces
-3.935	-4.178	-5.255	6.713	-0.306	-3.316	-0.994	1.334	6.880	5.886	8.842	19.869	3.864	0.278	4.657	-8.226	-16.131	10.121	-10.400	-3.962	0.192	-5.223	-4.747	-5.633	-10.831	-6.111	-1.150	14.086	38	Faces
-4.695	-13.062	-4.058	1.344	-1.505	3.041	3.910	-0.095	3.209	0.829	8.360	4.399	-3.304	4.627	-2.507	-5.091	-4.024	3.949	-4.786	-3.752	1.980	-2.075	-0.162	2.923	-3.527	14.291	1.602	7.007	38	ScrambledFaces
-2.405	-2.641	-4.068	-4.956	-8.243	2.418	-5.659	7.624	7.663	-2.886	13.884	22.041	-16.086	-16.385	0.899	-10.708	-1.005	-7.823	-2.182	-14.664	-17.132	-4.441	-4.474	1.949	3.778	12.115	6.146	19.915	38	ScrambledFaces
6.557	17.543	1.391	-0.639	1.102	8.457	-7.647	-7.088	-8.017	-3.929	-11.217	-4.579	1.488	2.261	2.993	9.949	10.145	8.616	14.011	9.807	6.716	1.704	4.394	-8.668	-13.797	-14.678	-11.588	-8.701	38	Cars
-7.365	2.220	-1.704	-5.697	0.972	-4.989	10.358	3.388	7.480	7.256	6.540	11.842	8.041	5.645	-0.601	-5.111	-10.849	2.436	-0.199	0.877	1.641	0.415	-0.460	0.681	-10.643	-7.106	5.641	6.495	38	Cars
7.892	7.139	18.137	1.489	0.863	8.410	-5.277	1.188	0.886	-8.859	5.167	-0.418	-8.985	-9.415	8.577	0.429	1.655	5.705	9.398	0.031	-5.374	-5.672	-5.467	-15.411	-13.251	0.365	-15.422	-5.041	38	Faces
-4.518	-5.475	-19.832	-14.043	-2.162	3.486	2.404	8.850	6.021	0.358	5.034	10.695	-0.371	1.609	-7.557	-2.039	-7.154	-8.632	-7.741	-0.957	-2.023	-8.989	-2.734	3.382	14.879	18.665	7.855	10.458	38	ScrambledCars
-0.233	13.414	13.872	-1.301	0.494	9.729	-1.248	2.014	-3.090	2.390	2.169	3.384	-5.967	-6.413	11.471	9.759	16.171	-23.392	11.588	5.318	3.638	0.163	-6.570	-9.835	-13.997	-15.723	4.287	-0.383	38	Cars
-4.708	-7.447	7.434	0.678	-10.008	-5.047	-13.442	-3.036	-6.973	-8.870	-12.023	-2.847	-13.348	-7.753	44.347	8.822	6.251	21.796	1.204	2.455	-3.055	-5.167	2.883	-8.258	2.645	-2.447	-1.161	-10.700	38	ScrambledFaces
0.693	2.624	-3.119	-1.593	-1.945	2.459	-3.162	-3.009	2.465	-0.914	-0.779	5.340	-2.353	-1.291	-2.307	1.388	-5.149	-3.522	1.028	2.410	-4.366	-2.578	-12.619	-1.803	6.956	6.360	6.701	8.854	38	ScrambledFaces
-1.787	-15.033	-0.709	-17.040	-7.268	-8.261	-4.237	7.175	-0.011	-2.143	5.989	5.517	-8.973	-11.991	7.603	-8.554	3.550	15.801	-9.547	-4.200	-13.111	-1.322	-1.556	0.293	6.046	11.015	4.619	12.539	38	ScrambledFaces
2.547	1.245	2.834	-1.966	1.469	-3.873	-2.305	3.689	-2.746	-3.335	4.691	4.239	-6.430	-3.788	-0.530	-6.539	7.139	11.676	5.754	-3.529	-1.042	2.309	16.796	-7.487	-4.626	-18.728	-12.189	-0.683	38	Cars
2.884	10.850	4.413	3.457	-1.010	-1.004	-2.537	0.902	-4.087	-2.266	-8.503	-1.572	-6.150	-7.243	6.638	10.723	21.897	-7.031	5.002	1.135	-6.903	-3.132	-0.466	-6.298	-10.362	-5.668	7.212	6.650	38	ScrambledFaces
4.633	15.921	6.397	5.915	2.021	4.493	-2.300	-3.377	-8.416	-10.016	-5.281	-6.112	-3.029	-3.483	1.842	-6.231	-3.433	-1.261	-4.392	-2.031	-0.200	2.475	10.163	-1.746	13.192	-9.191	-6.147	-4.237	38	Cars
2.691	2.474	-6.062	-2.321	-9.504	-6.922	-7.712	10.445	-2.723	-7.108	-1.874	1.625	-13.293	-9.861	5.732	-3.081	8.769	16.987	0.476	-4.264	-4.649	-4.611	-2.761	-8.297	6.079	4.556	-3.872	6.997	38	ScrambledFaces
-5.223	-9.683	-14.104	-1.550	3.831	9.807	7.632	6.018	7.076	6.370	10.990	13.172	9.033	5.537	-10.096	-3.456	-5.243	-8.851	-15.044	-0.365	4.538	-2.654	-9.192	4.099	-5.602	-2.881	8.932	4.579	38	Cars
-1.516	-7.222	1.240	-5.744	-6.302	-1.176	-4.572	5.002	-0.243	-4.447	8.259	12.591	-7.001	-9.883	-0.157	-2.667	-8.968	9.937	-8.714	-4.620	-6.153	-6.282	-10.613	0.395	5.967	11.495	9.235	15.249	38	ScrambledFaces
0.644	4.487	-1.223	0.140	-5.572	-10.534	-7.111	-2.900	-5.146	-1.660	-7.938	7.844	1.124	-0.817	0.768	-2.793	-2.786	8.509	-1.120	-1.325	0.165	5.051	4.384	2.885	-0.100	1.796	0.149	4.494	38	Faces
5.811	7.065	10.962	7.025	-1.745	2.792	-2.315	-1.054	-3.927	-4.106	2.371	2.171	-17.813	-5.669	-3.863	3.605	-3.461	4.142	-4.113	3.830	-3.283	-5.628	9.506	-7.346	-7.452	0.829	0.684	7.840	38	Faces
-13.070	-19.928	-27.231	-16.549	1.923	-9.558	3.542	-5.269	3.851	1.436	-0.313	4.192	13.229	13.167	-8.443	-13.466	-21.180	14.176	-10.860	-5.730	6.720	8.839	21.590	13.897	19.591	18.761	11.033	4.782	38	ScrambledFaces
-0.251	3.802	6.257	3.716	4.281	3.989	2.382	-5.848	-2.700	-0.037	-4.682	2.511	4.400	0.148	1.420	-1.790	6.128	-9.604	4.665	0.463	3.403	6.758	-0.054	-0.977	-2.913	-9.455	-3.214	-3.217	38	Cars
5.810	5.543	3.787	-6.067	-18.378	-11.651	-4.658	1.196	8.087	-3.075	9.557	10.487	-8.857	-9.207	-6.535	-0.250	-10.038	-2.811	0.099	-3.046	-7.216	-0.492	0.246	0.512	2.145	8.467	-0.146	3.879	38	ScrambledFaces
4.975	5.170	-4.093	-0.134	-0.036	7.367	-3.625	8.026	-5.327	-2.058	6.819	5.943	-7.846	-8.639	3.022	2.157	2.745	-8.677	6.488	-6.409	-5.660	-0.850	3.842	-6.675	-9.802	-5.170	-4.071	3.563	38	Faces
4.944	7.762	10.846	8.417	-0.800	0.170	-1.649	-1.318	-2.777	6.276	2.049	6.559	-0.635	-9.008	9.611	0.649	-13.463	-11.519	3.574	-2.472	-6.309	-9.123	0.350	-8.028	-9.120	-6.348	-4.943	6.480	38	Cars
-1.879	-4.038	3.683	-2.430	-7.299	2.926	-7.665	0.008	0.102	-2.350	3.274	0.357	2.000	-2.820	-0.861	4.387	4.261	4.712	1.109	0.741	4.429	2.680	-1.470	-3.421	1.593	-1.021	6.647	2.035	38	ScrambledFaces
7.161	3.487	25.277	5.663	2.862	2.481	-5.045	-0.768	0.220	-1.594	1.001	-1.559	-0.241	-0.799	1.244	9.530	1.842	3.665	-5.357	4.351	5.325	-4.539	-9.486	-9.026	-13.350	-17.126	-8.208	-8.445	38	Cars
0.656	7.341	-9.486	8.539	7.753	6.962	10.279	-12.555	-4.669	5.129	-0.365	-5.322	19.673	20.336	-3.540	8.856	4.006	3.165	9.188	9.492	14.735	2.286	7.189	-1.570	-13.150	-41.142	-7.478	-13.876	38	Cars
6.659	12.240	9.749	1.728	-5.199	2.777	-4.911	0.959	-3.604	-6.222	0.371	5.234	-14.647	-6.167	3.439	8.983	5.318	8.305	-3.099	4.392	-5.086	-3.162	-0.590	-7.001	-8.818	-11.618	-8.278	-2.620	38	Cars
-4.521	-12.546	-14.882	-5.946	1.823	-2.674	4.064	14.723	13.247	6.582	17.083	11.767	-7.375	-9.683	-1.246	-13.662	-3.671	-12.009	2.832	-11.226	-12.156	-6.728	2.849	-4.232	2.453	18.094	1.741	14.236	38	ScrambledFaces
3.574	-5.686	1.789	1.739	-1.035	-10.280	-7.850	-6.081	-5.054	-6.270	-3.959	-0.836	-6.043	-3.223	1.149	2.652	-7.372	28.747	-5.948	10.380	-4.619	-5.002	-0.312	-5.478	4.870	3.159	-0.178	4.394	38	ScrambledFaces
-3.423	-0.378	-1.818	-8.709	1.696	3.918	5.513	-1.771	0.694	4.209	5.600	6.311	3.389	-6.188	-0.306	-0.447	-10.237	-13.179	-3.446	-5.297	0.709	0.030	5.795	4.738	0.086	1.393	7.345	9.993	38	ScrambledFaces
-0.987	11.507	18.059	-6.900	0.190	-0.222	1.102	2.084	3.300	6.783	12.978	6.651	-6.404	-0.074	4.211	-5.082	-2.129	-5.816	-10.283	-3.578	-1.231	-8.767	-7.111	-7.915	-8.432	4.224	0.602	3.486	38	ScrambledFaces
3.859	7.959	4.843	11.715	3.923	-0.201	-4.592	-2.633	-10.731	-0.953	-9.288	-0.391	0.839	7.195	1.177	8.829	6.998	21.288	1.679	7.918	4.355	2.756	-3.036	-2.681	-13.521	-15.460	-4.515	-8.679	38	Cars
4.566	4.039	-7.059	9.599	2.074	4.681	1.653	-0.985	-2.939	0.229	4.131	1.526	-8.688	-5.847	1.878	3.726	6.769	1.607	6.985	2.877	0.927	-1.261	-1.155	-9.575	-6.479	-11.636	-3.475	2.397	38	Cars
-3.286	0.481	-10.218	-1.218	10.623	3.937	17.118	4.999	7.620	15.236	9.458	5.298	12.454	10.927	-7.204	-1.926	-17.045	-13.674	-4.042	-0.789	1.820	2.687	0.158	1.840	-8.111	-8.383	-6.976	-0.059	38	Cars
4.671	-2.607	-23.971	-12.799	-2.100	-4.358	-8.246	6.342	16.997	4.028	13.032	8.158	-16.540	-15.314	-2.592	4.449	-5.152	9.939	-0.022	-0.072	-11.251	0.259	-1.176	-1.776	3.473	-1.470	-10.524	7.117	38	ScrambledCars
0.531	8.400	7.454	16.803	6.905	1.448	8.831	9.616	-0.845	5.810	1.039	-3.162	6.397	6.937	12.448	10.659	1.817	-0.331	-5.529	3.665	2.156	-7.554	-6.473	-19.392	-16.620	-15.405	-9.782	-11.861	38	Cars
8.890	9.666	4.820	5.489	1.974	12.585	-7.307	1.566	-11.740	-27.422	-11.166	-2.560	-6.746	1.358	2.408	5.592	7.374	-5.874	-0.761	7.329	5.783	1.470	2.734	-5.388	-6.936	-5.540	-8.130	1.660	38	Faces
-5.143	2.766	-12.871	-7.237	3.263	-0.522	6.394	8.302	9.567	8.894	3.552	5.976	-4.517	-6.849	-0.909	-5.691	-2.022	9.337	0.455	-8.809	-7.423	-6.334	-8.940	-2.061	0.958	11.569	0.487	4.041	38	ScrambledCars
-10.011	-6.137	-1.716	-13.857	2.125	-2.570	9.036	6.622	7.292	12.519	15.600	7.676	17.249	16.616	-6.630	-4.492	-1.414	-1.687	-9.097	0.553	3.100	-0.904	-7.015	2.321	0.488	-4.766	3.160	3.603	38	ScrambledFaces
2.838	10.498	5.470	4.266	-4.823	5.892	-4.205	-0.683	-2.474	-6.959	3.749	3.820	-12.415	-10.210	5.368	-6.016	10.987	13.974	-2.486	-7.116	-5.694	-5.423	-9.363	-7.090	1.430	0.686	-2.535	0.330	38	Faces
-3.559	1.269	-15.225	-3.265	-0.914	1.386	-2.283	2.316	2.587	4.666	8.028	5.201	-4.780	-3.482	4.654	0.248	-7.784	0.367	-1.150	1.432	3.136	0.629	3.275	-1.049	1.672	-13.715	7.947	4.266	38	Cars
0.854	2.184	21.104	-4.190	0.170	4.164	-2.420	-12.773	-6.590	-0.562	-7.702	-0.713	11.657	11.603	8.968	12.220	14.843	-1.045	-0.505	11.824	9.473	0.597	-3.479	-7.478	-10.360	-18.724	-6.400	-6.831	38	Faces
7.392	11.396	15.159	18.404	13.299	4.852	4.762	1.235	3.136	4.539	-1.765	-3.394	-6.288	-0.007	-7.929	2.083	-5.023	8.565	-1.691	1.825	2.420	1.637	-1.173	-7.557	-16.865	-14.463	-12.157	-14.296	38	Cars
-2.268	-3.736	-4.073	-5.351	-3.234	-6.218	0.594	3.671	9.121	4.649	7.016	6.953	1.899	-1.765	-1.106	-3.671	-0.327	-8.726	-5.175	-4.257	-2.916	-4.444	-3.947	-1.628	5.843	4.764	4.373	6.727	38	ScrambledFaces
-0.535	4.172	8.219	1.046	0.519	0.380	0.960	7.215	5.368	-3.057	5.747	-0.869	-4.403	-5.466	6.940	-0.943	-13.780	5.977	-3.961	-0.617	-0.469	-8.421	-1.017	-10.623	-0.017	-3.504	-7.633	-1.158	38	ScrambledCars
-5.167	-0.961	1.167	0.888	-2.791	-2.144	3.507	6.780	8.193	3.413	12.356	13.043	0.050	-4.431	-8.438	-11.350	-17.885	-20.350	-5.547	-7.205	-4.912	-0.229	1.699	9.085	9.469	7.883	9.790	13.442	38	ScrambledCars
3.600	0.013	-1.871	10.632	6.692	0.788	1.844	-2.469	-2.161	3.418	-1.298	5.495	-0.459	5.605	-0.877	0.030	1.439	4.779	8.401	7.172	4.928	2.354	-6.228	-3.688	-17.496	-12.774	-12.213	-4.197	38	Faces
1.460	5.944	-3.367	-8.766	-5.659	-1.483	-10.424	2.909	-2.135	-6.405	-3.799	2.222	-9.291	-4.251	8.100	3.626	8.997	21.079	-2.815	6.669	2.734	2.246	7.907	-6.245	-6.868	-11.332	-5.619	-5.150	38	Cars
1.850	3.071	2.447	14.048	3.142	7.995	-2.171	1.962	-3.463	-0.039	1.486	-0.719	-0.310	-4.217	5.347	-2.717	0.578	-5.501	2.283	-3.872	-1.838	2.839	-9.649	-0.894	-5.011	-2.631	-1.267	-3.426	38	Faces
5.374	5.802	-3.001	5.521	4.713	12.563	-4.417	0.686	0.365	-1.768	10.555	3.813	-5.363	-7.174	-2.501	-0.183	-0.723	-9.717	8.940	-2.851	0.897	2.412	3.907	-6.643	-13.928	-0.960	-9.667	-0.630	38	Faces
1.603	4.335	-5.952	9.062	4.500	0.691	4.714	11.814	4.041	5.000	5.248	-4.660	3.861	-0.919	9.813	11.646	3.555	-24.464	11.067	5.115	-0.775	-2.003	-5.064	-5.374	-6.377	-17.591	-11.203	-10.241	38	ScrambledFaces
3.000	2.564	-3.543	3.640	-1.397	-10.408	-3.532	4.270	5.044	1.547	3.556	-5.621	-6.567	-3.959	10.830	1.148	-0.647	11.009	-2.153	2.589	-4.976	-5.137	7.170	-11.696	3.897	-6.779	-16.046	-3.585	38	ScrambledFaces
-0.270	1.095	15.100	-7.112	-4.194	-3.941	-2.831	16.440	8.967	1.421	8.427	12.399	-14.546	-10.754	-0.809	-5.749	-8.072	11.985	-9.847	-8.829	-11.835	-11.806	-2.345	-2.255	4.385	0.900	3.413	1.675	38	ScrambledFaces
-1.613	4.040	-15.720	-5.136	-2.782	-0.501	-2.785	1.842	1.632	0.703	4.494	8.695	-4.965	-2.199	5.763	-2.475	-3.355	4.680	-13.725	-0.322	-7.468	-7.521	-7.651	6.554	8.803	7.986	2.503	9.321	38	ScrambledCars
-3.818	-9.361	-16.563	-3.507	-3.590	-7.638	-2.298	1.959	-4.508	-5.299	-2.017	1.052	-3.441	-3.564	3.675	-0.150	3.805	0.059	3.788	-1.904	1.027	-6.109	11.080	0.233	14.097	9.929	5.708	5.801	38	ScrambledFaces
-3.769	-10.588	-3.959	-8.199	-5.475	-1.947	-0.072	10.153	8.567	0.625	8.322	8.218	-2.742	-4.749	2.360	-5.004	-16.156	0.935	0.097	-7.426	-6.166	-3.972	4.160	-2.029	5.477	8.020	-3.238	13.509	38	ScrambledFaces
0.134	-1.140	-0.586	6.454	-2.266	16.308	4.961	20.686	8.650	8.463	6.703	0.636	2.419	-1.070	0.982	-12.393	-10.966	8.304	-13.320	-9.177	-6.458	-6.569	-10.110	-5.786	-5.255	-2.396	-1.927	-1.702	38	ScrambledCars
-4.882	-14.172	-0.074	-4.309	2.804	-2.575	7.959	0.857	8.948	5.281	5.034	1.432	11.305	13.173	-17.850	-1.547	-5.597	8.835	-6.687	-6.324	7.659	3.876	4.281	4.002	4.197	-7.522	2.498	-9.266	38	ScrambledCars
1.572	2.185	-2.486	-2.744	2.650	5.228	1.521	4.296	4.899	4.510	13.367	3.412	-2.892	-5.851	-5.309	-5.979	-13.470	1.478	-7.741	-6.627	-6.017	0.983	4.656	-1.034	2.622	-11.025	2.234	1.637	38	ScrambledCars
8.596	7.350	-4.220	-2.840	-1.497	-4.092	-5.529	-10.342	-3.670	-4.892	-0.983	0.794	-6.942	-5.069	-15.554	0.631	0.539	7.467	5.956	0.967	-5.171	6.663	0.915	1.827	9.507	1.256	-0.202	1.513	38	ScrambledCars
-1.358	1.887	-6.844	-7.485	-10.470	-8.558	-4.473	4.286	6.371	4.125	9.250	13.003	-8.444	-6.905	7.987	-7.334	-14.893	24.131	-8.697	-9.981	-7.392	-5.646	-6.726	-1.434	3.916	2.112	4.556	8.173	38	ScrambledCars
0.215	7.371	8.541	8.103	0.585	0.532	1.467	0.499	4.739	2.553	4.861	0.048	-1.691	-7.431	7.648	7.505	0.907	-10.141	4.800	0.326	-5.941	-6.109	0.718	-2.244	-11.225	-1.100	-4.018	-2.524	38	ScrambledFaces
0.081	-13.010	42.155	-4.191	-1.961	-1.749	2.672	13.507	15.261	4.009	10.540	2.439	-4.893	-4.189	-5.619	-7.879	-10.007	-7.400	-0.273	-6.247	-4.662	-8.561	-0.677	-6.103	2.024	-7.363	-1.902	-2.531	38	ScrambledCars
-0.932	-13.635	5.423	0.969	1.916	1.738	-3.036	-7.186	-15.671	-10.204	-7.336	0.891	6.113	11.812	1.100	2.873	2.493	-0.150	0.929	9.531	10.305	10.947	1.498	7.349	-9.961	-2.896	5.364	5.265	38	Faces
-4.049	-0.515	5.710	-11.321	-5.598	-6.596	0.160	2.864	4.758	11.012	16.336	8.912	-6.533	-9.382	-1.431	-12.551	-9.576	7.386	-7.154	-18.498	-8.475	-1.576	2.675	8.753	0.365	10.103	7.873	12.182	38	ScrambledFaces
-0.554	-10.332	-9.148	-7.883	-4.527	-1.322	-5.152	3.352	2.856	0.544	16.307	13.404	-4.912	-9.968	-6.321	-12.089	0.324	-9.993	-9.168	-16.913	-18.802	-10.062	-0.691	0.530	11.781	31.007	13.726	16.615	38	ScrambledFaces
0.362	1.031	-5.375	-13.449	-6.563	-1.615	-2.955	6.509	9.574	4.144	6.011	2.849	-12.820	-11.445	-0.652	-4.972	-8.748	-21.543	0.404	-5.640	-2.565	-0.624	1.397	1.513	3.802	17.490	6.186	5.620	38	ScrambledFaces
0.858	-10.606	-4.603	0.871	-4.281	-1.976	-1.064	-0.714	0.596	1.117	9.967	4.735	-3.041	-4.215	4.336	-1.335	13.965	-3.266	10.133	-1.948	-5.029	4.073	4.188	-3.193	-11.719	-4.398	0.613	-1.632	38	Cars
-2.356	7.069	4.664	-1.074	3.804	3.228	8.542	4.917	6.438	5.289	-3.921	3.943	4.468	3.820	-5.402	-1.998	-10.693	0.805	-2.433	1.633	-0.718	-4.696	-4.772	1.638	-3.210	4.482	1.028	-0.626	38	ScrambledCars
5.820	1.679	3.396	0.867	2.201	-1.077	-5.931	-11.735	-1.172	-7.435	-2.952	-2.465	-4.193	-2.353	4.303	9.671	2.210	12.438	12.829	8.626	3.721	1.424	-1.458	-9.509	-15.365	-8.154	-4.438	-7.232	38	Cars
-7.412	-10.843	-1.270	-19.098	-15.469	-2.486	-10.080	3.677	-0.147	-5.469	8.633	10.801	-6.831	-8.720	0.008	-13.999	-4.842	17.711	-7.063	-17.411	-15.220	-5.364	6.131	2.693	12.675	48.890	14.987	22.489	38	ScrambledFaces
4.735	1.873	2.294	-2.042	2.927	12.139	-0.273	9.077	-0.542	-2.107	9.153	-0.792	-0.816	-0.719	-2.016	-8.307	-10.482	-6.285	-7.562	-1.466	-5.785	-5.171	-1.588	-10.029	8.894	10.051	-11.796	-6.195	38	ScrambledFaces
5.056	12.644	8.616	3.188	-2.674	-2.820	-6.192	-5.898	-5.923	-6.280	-5.549	-1.285	-4.931	-7.078	-2.254	7.006	4.110	9.187	2.704	1.896	-4.934	-5.326	-1.107	-3.124	2.720	4.637	3.168	0.043	38	ScrambledCars
1.805	4.729	5.557	0.205	0.863	6.337	2.073	1.396	-0.246	0.199	-0.436	1.856	2.589	8.554	-2.565	-0.726	-4.832	-20.448	0.533	0.918	2.988	0.435	-4.907	0.823	-1.422	-1.461	-4.763	-1.869	38	ScrambledFaces
-6.695	-7.476	-4.296	-12.846	-8.209	-6.293	-2.993	3.386	-0.614	0.002	-0.035	6.763	10.840	11.252	-0.630	-6.195	2.661	-0.466	-3.479	-4.629	5.419	-0.589	-4.106	5.076	6.431	4.969	12.130	2.238	38	ScrambledCars
10.605	8.179	2.243	13.092	6.984	7.283	-0.341	10.488	8.045	-0.648	4.146	-0.709	-16.456	-10.677	-7.760	8.318	4.776	-9.054	-12.996	6.132	-0.815	-19.938	-10.792	-11.518	-8.999	4.100	-11.966	0.984	38	ScrambledCars
2.811	17.982	0.105	12.923	7.379	-2.636	8.931	-2.162	1.040	-0.060	3.659	-4.639	0.477	1.861	0.818	8.772	2.641	-16.586	3.110	9.877	6.062	-0.223	-10.663	-3.536	-9.541	-5.742	-9.569	-5.291	38	ScrambledCars
-4.196	-12.964	-3.432	14.243	5.001	0.734	3.809	9.007	7.279	13.202	8.854	9.080	7.882	1.840	-4.726	-8.089	-4.608	-11.447	-9.821	1.278	6.329	-4.024	-1.502	-0.419	-13.109	-11.089	2.027	2.940	38	Faces
2.499	-1.215	7.978	-0.734	-3.544	-4.822	-5.029	1.849	1.592	-4.173	-0.098	0.475	-3.681	-9.505	1.408	3.063	1.517	28.643	-7.449	6.173	-5.886	-3.112	-5.130	-7.952	1.147	-3.164	-3.850	2.102	38	ScrambledCars
6.874	-0.238	5.755	0.815	-0.598	-3.090	-3.432	2.469	-6.923	-0.752	-6.164	6.143	-4.797	-6.615	-0.159	-0.333	2.244	-15.312	-2.777	3.657	-2.741	2.788	1.913	-10.195	3.648	-6.237	-0.508	2.292	38	Faces
-3.971	-14.086	-10.581	-9.817	-4.324	-3.771	2.446	15.032	18.646	8.102	16.882	13.638	-4.081	-11.360	0.191	-8.722	-3.567	-1.167	-11.939	-10.229	-12.103	-8.041	-1.336	-3.829	6.404	3.211	-0.421	16.252	38	ScrambledCars
9.360	16.634	5.968	5.913	3.762	3.706	-5.887	0.694	-15.631	1.426	-6.705	-5.250	-4.082	0.289	3.937	7.551	5.052	18.818	5.631	3.514	-2.786	3.816	2.477	-9.242	-12.175	-23.629	-14.551	-12.975	38	Cars
9.859	20.743	7.567	17.515	7.478	6.330	-1.393	1.124	1.273	2.848	3.912	5.591	-0.799	-12.125	-0.689	7.880	-2.035	1.664	-13.175	0.081	-10.020	-8.139	-10.186	-9.665	-12.487	-1.037	-14.729	-1.494	38	Faces
3.302	6.822	14.917	3.835	-1.279	0.901	-3.561	1.942	0.450	-0.949	7.040	9.427	-9.750	-6.400	2.064	6.073	2.323	-1.737	-12.171	7.286	-2.160	-12.822	-9.559	-10.804	2.594	2.668	-7.326	3.494	38	Faces
-3.590	-9.729	-9.319	-8.145	-1.014	6.067	-0.630	-2.578	1.127	0.146	9.959	10.751	5.407	-3.849	-7.548	-9.155	-8.507	6.748	-1.325	-8.909	-0.961	-1.342	2.795	2.466	-6.081	6.941	11.853	12.169	38	Faces
3.328	4.291	-0.328	-8.138	-7.965	-6.500	-3.434	0.164	-4.496	-7.242	0.929	-8.098	2.425	4.802	-12.753	4.280	0.508	7.231	5.173	4.813	7.628	10.818	9.991	0.628	5.629	-3.567	1.541	-9.195	38	ScrambledCars
-3.241	7.260	18.575	-7.387	-7.560	1.902	-3.284	1.785	1.684	-0.057	-2.380	1.501	-2.245	-0.121	9.455	-1.187	-9.137	12.111	-1.010	-2.572	-2.726	-3.170	4.529	-5.344	9.217	0.538	-6.455	-1.124	38	ScrambledCars
-2.259	-8.337	-2.693	-7.008	-9.894	-4.085	-6.079	11.529	5.249	3.350	7.054	9.476	-12.728	-11.778	3.126	-8.724	-9.968	2.913	-3.221	-9.396	-12.359	-4.107	-0.645	-2.893	6.200	17.902	8.124	12.734	38	ScrambledCars
-0.943	-0.544	12.036	11.620	2.390	3.091	2.219	3.622	2.631	5.989	0.452	1.941	-2.708	-1.650	5.561	0.927	-9.057	-0.007	-3.850	-2.534	-3.061	-11.068	-6.951	0.451	-5.233	-2.603	-2.147	2.428	38	ScrambledCars
-1.667	-0.484	-4.978	-3.801	-8.715	-13.932	-2.109	7.052	8.595	8.135	18.120	17.789	-4.762	-14.665	0.094	-7.554	-7.692	-3.256	-1.495	-8.446	-17.241	-6.767	-5.269	-2.926	5.837	8.121	5.729	13.820	38	ScrambledFaces
2.223	2.468	13.070	-0.335	0.169	8.426	3.383	1.626	-1.951	1.093	-1.568	-3.513	6.241	-4.805	1.957	3.912	-2.632	10.948	4.002	0.611	-4.921	5.205	-2.662	-3.562	-1.575	-16.405	-8.977	-1.289	38	Cars
8.593	12.165	-0.357	5.118	4.175	10.044	-2.651	0.155	-5.154	-7.764	-3.644	7.198	-14.315	-15.411	8.486	-1.855	4.147	4.761	2.709	-13.111	-9.529	-7.032	-1.580	-11.601	-2.940	-6.202	-2.609	-6.553	38	Faces
2.821	6.688	1.975	0.265	-2.719	-8.843	-0.328	-7.003	-12.130	-1.564	-4.553	2.757	5.145	11.986	7.110	12.957	10.754	4.433	1.298	9.239	6.214	1.558	3.413	-0.870	-14.212	-22.958	-4.655	2.625	38	Faces
-5.541	-2.764	0.435	1.606	8.581	-1.927	12.465	13.025	6.773	16.974	16.060	4.765	7.727	1.828	-13.883	-5.413	-4.364	-17.394	-21.778	-3.828	-2.318	-13.875	-2.262	8.322	4.828	7.349	7.947	5.714	38	ScrambledCars
9.533	-0.094	-10.023	5.726	-11.792	-5.135	-14.739	-8.201	-10.036	-12.093	-1.707	4.839	-8.384	-8.473	3.966	3.539	0.251	27.286	6.596	-1.659	-2.620	-4.036	3.398	-9.367	4.549	1.210	-5.275	5.744	38	Faces
-1.278	0.836	4.136	-3.430	12.173	12.368	3.398	-1.311	-4.737	8.660	-5.832	0.127	15.257	9.897	12.690	2.339	7.313	-18.014	6.236	3.499	8.152	0.184	0.249	-3.585	-19.062	-23.088	-2.924	-9.751	38	Faces
-1.331	10.965	-2.187	-1.107	6.377	-6.567	8.692	-7.918	-1.740	13.715	0.373	8.121	14.339	9.559	-9.179	0.382	1.836	-15.537	-0.775	1.654	7.109	-1.078	-9.391	4.961	-5.308	-9.219	11.035	1.737	38	Cars
-2.747	6.469	3.698	2.237	0.646	5.848	0.835	1.963	9.076	-0.195	5.123	-0.705	-4.762	-4.326	10.126	1.539	9.554	-7.905	-7.039	-0.631	-5.218	-4.146	-11.013	1.676	-7.391	-3.759	5.720	3.455	38	ScrambledFaces
3.911	0.519	-4.611	-0.038	-1.744	-1.255	-5.273	-5.328	-3.808	0.510	1.652	0.913	-1.528	-1.547	5.810	17.071	14.931	1.344	5.619	10.039	2.546	5.411	3.626	-9.803	-18.473	-12.609	-7.627	-6.833	38	Faces
1.496	13.168	-3.320	-6.334	-0.144	-14.840	-0.646	-2.773	-4.686	2.755	1.518	9.242	3.400	2.903	-6.495	-6.444	-0.577	26.250	5.670	-2.723	-2.684	-1.280	-7.046	6.119	-7.960	-0.644	1.404	4.986	38	Cars
7.676	14.434	6.066	9.770	-1.269	-6.267	-7.530	-6.713	-13.502	-6.108	-7.754	1.701	-9.518	-0.065	21.790	5.905	20.650	4.781	2.924	2.736	-1.536	-3.525	-2.699	-11.068	-14.934	-10.050	-14.266	0.751	38	Faces
8.686	11.104	14.522	5.731	2.586	2.567	-4.426	-4.582	-8.665	-6.616	-0.822	0.729	-7.900	-5.900	1.746	4.997	5.409	2.801	5.166	4.107	0.465	3.668	4.631	-8.049	-13.124	-9.654	-14.772	-2.590	38	Cars
4.240	3.945	5.655	4.431	-0.445	6.388	-3.416	-6.022	-1.782	1.496	4.019	12.718	-0.568	0.334	-8.286	-6.186	-0.166	3.484	-11.045	-5.553	-8.060	-9.310	2.619	-0.763	-2.515	-3.330	3.342	7.102	38	Faces
4.724	4.661	3.837	13.765	10.652	7.412	6.352	-4.097	2.720	2.034	2.899	2.670	3.316	6.241	-4.944	-3.427	-12.282	4.339	-4.538	4.238	5.576	-0.218	-2.741	-9.513	-14.160	-10.455	-8.175	-2.996	38	Cars
8.021	2.010	5.836	5.017	9.610	9.812	-0.312	-0.065	-8.239	-3.346	-11.490	-4.014	1.805	-0.717	-8.693	4.663	11.411	4.139	8.012	2.295	-2.221	1.738	9.559	-5.517	-12.625	-17.061	-4.950	-9.045	38	Cars
9.437	13.263	5.421	4.788	10.811	9.661	-5.670	-2.438	-6.182	-5.948	-6.549	-6.862	0.094	4.123	-6.039	14.405	-5.127	-3.988	-2.792	18.265	12.480	-7.187	-11.175	-0.772	-13.114	-8.622	-4.517	-1.845	38	ScrambledCars
1.732	-2.466	3.910	-4.870	5.461	2.076	2.512	0.888	0.803	5.080	2.467	5.088	-3.461	4.101	-3.073	-0.711	4.634	-6.934	13.071	3.232	3.581	1.156	3.935	-0.898	-14.617	-11.826	-8.399	-1.588	38	Cars
-3.485	3.136	1.748	-7.037	-0.276	2.015	6.417	9.554	10.923	8.906	11.818	9.712	1.667	-3.376	10.360	-0.679	-6.957	-32.074	-1.324	-2.106	-2.289	-7.084	-7.464	-6.148	-4.202	0.214	1.721	1.504	38	ScrambledFaces
1.023	-0.155	-4.171	-3.684	-4.204	5.606	-7.874	0.382	4.307	-5.672	-9.619	0.069	-6.740	-5.571	-2.092	-1.598	7.352	17.467	5.378	-6.018	-8.344	3.626	2.249	1.395	5.345	4.063	3.282	5.713	38	ScrambledCars
1.710	-3.414	-9.520	4.239	-4.741	-6.297	-10.716	-14.504	-11.242	-5.936	-0.177	2.253	-5.787	3.224	18.332	10.744	16.973	-1.790	8.259	6.298	7.153	0.963	5.620	-7.988	-1.809	-2.282	-11.102	2.997	38	Cars
-0.661	4.604	-12.702	5.051	2.999	6.431	-2.783	-2.274	-4.384	-2.255	-5.218	2.443	-0.503	-4.482	-0.562	-4.797	4.154	15.244	1.301	0.739	-0.595	8.942	3.606	0.396	4.485	-7.333	-5.369	-6.558	38	Cars
-1.599	-0.967	-12.086	1.495	-5.821	-4.800	-6.651	-13.191	-5.784	-3.110	14.857	5.746	6.965	3.454	-1.886	-4.529	-2.791	10.263	6.235	0.139	-3.662	2.540	-0.763	8.607	-1.507	5.828	5.525	7.012	38	ScrambledFaces
-7.485	-2.428	-7.207	-4.019	1.682	-7.602	3.605	-0.039	0.029	2.989	5.487	13.413	8.489	-0.198	2.627	-5.674	-16.054	-15.756	-6.876	-4.985	-2.843	-4.055	-3.431	9.430	0.639	14.180	16.476	13.472	38	Faces
4.733	8.271	5.342	3.212	2.553	1.140	3.977	4.261	1.527	0.965	3.250	7.318	3.526	-5.282	-6.411	3.223	-5.202	-11.930	3.102	-0.392	-7.042	2.003	1.556	-0.842	-15.011	-3.019	-4.538	0.585	38	Faces
0.401	9.442	1.534	2.567	-0.902	10.637	0.470	9.208	9.426	3.712	10.330	-0.257	-5.319	-3.776	3.020	6.315	-6.778	-30.722	4.742	6.355	2.021	-2.884	-9.610	-10.917	-0.615	-2.109	-3.851	2.289	38	ScrambledCars
-0.630	-0.664	10.370	-9.562	-7.531	-7.773	-1.632	13.875	11.671	5.906	13.326	7.607	0.656	-0.493	-12.125	-15.687	-10.485	10.641	-8.059	-15.670	-8.712	-6.769	-2.068	-0.611	3.921	-7.839	8.234	11.432	38	ScrambledCars
10.207	4.741	7.864	6.073	-3.777	-9.783	-8.079	-2.085	-5.152	-4.840	7.204	1.755	-9.464	-6.015	-3.562	9.653	6.425	25.034	-7.186	6.984	-3.331	-6.694	-7.735	-7.556	-4.244	-9.116	-8.199	3.876	38	ScrambledFaces
6.267	7.810	-11.270	-1.037	4.840	-5.908	3.065	1.734	3.006	1.384	7.276	3.737	5.445	3.731	-0.541	9.551	6.322	-3.333	-2.697	8.477	1.639	-2.596	-6.767	-10.265	-12.430	-20.276	-5.240	-6.894	38	Cars
2.311	2.884	0.909	-9.768	-9.631	-3.940	-6.796	4.163	1.809	-0.848	9.243	7.563	-13.168	-16.957	10.621	4.595	5.932	9.418	1.339	-8.121	-9.704	-6.291	-4.279	-9.905	1.458	1.930	-0.903	6.557	38	ScrambledFaces
8.034	14.431	18.803	3.917	1.218	-1.672	-11.217	-6.290	-13.411	-10.343	-5.275	-4.261	-5.568	0.354	9.618	17.523	10.875	4.384	3.429	7.618	-0.074	2.764	-4.972	-12.446	-7.706	-8.707	-5.447	-5.082	38	Cars
1.372	-2.059	4.170	-9.277	-4.504	6.490	-5.820	10.586	8.414	-2.499	10.138	7.372	-25.262	-27.483	2.822	-8.990	5.135	1.480	0.134	-11.537	-16.567	-9.013	0.795	-7.649	0.634	11.615	9.309	6.568	38	ScrambledFaces
-0.337	-5.718	-9.153	-1.352	2.789	1.443	1.925	1.332	-0.958	-1.209	6.991	5.767	4.893	-1.365	-1.757	-0.349	2.051	-0.620	9.725	-6.219	-7.664	0.344	-0.491	-4.636	-2.771	-0.570	-2.269	7.072	38	Faces
12.579	17.504	9.263	16.896	6.930	7.776	-8.460	-11.866	-25.907	-18.029	-6.663	-3.240	-6.855	-4.953	7.773	18.224	3.770	9.796	3.874	13.778	2.539	-1.139	-7.714	-7.355	-20.242	-9.210	-7.868	-1.390	38	Faces
-9.541	-8.042	-17.033	-4.271	1.270	9.118	-1.045	-11.156	-9.675	-2.889	3.441	7.452	10.749	5.891	9.449	-7.106	6.026	7.492	-9.837	-8.083	1.396	2.675	2.175	10.428	1.377	9.149	11.847	8.295	38	Faces
0.197	-3.070	9.015	0.519	0.957	3.866	2.159	13.877	5.959	6.838	5.943	6.787	-2.972	-6.840	8.200	-6.930	-8.866	3.399	-5.076	-1.483	-3.285	-5.624	-8.898	-11.883	-10.383	-9.515	-9.004	7.881	38	Faces
-1.617	-2.982	-4.544	-5.051	-0.680	-8.611	6.874	0.664	8.305	12.773	7.134	6.203	5.735	-2.811	-8.039	-7.491	10.195	-23.604	0.023	-5.865	-0.397	-2.720	-2.665	2.820	1.795	3.446	5.350	5.989	38	ScrambledFaces
2.404	-0.057	11.265	-5.537	3.156	7.373	-4.525	4.562	4.395	-0.104	4.090	3.560	-5.986	-4.786	-3.863	-0.608	-7.134	9.382	-10.800	-6.320	-4.317	-5.783	1.615	-3.298	0.870	0.800	-3.805	6.409	38	ScrambledFaces
4.170	16.454	6.174	3.905	7.862	2.251	12.203	-0.562	7.339	9.140	11.052	5.827	8.196	12.463	-13.154	2.833	-4.576	-19.278	-4.793	5.412	11.404	-3.525	-6.496	-3.025	-11.399	-18.103	-15.748	-6.466	38	Cars
-1.265	-5.491	9.967	-3.520	1.530	1.621	0.416	-3.785	-3.620	2.087	-8.058	4.234	-3.010	-0.847	4.796	-0.688	10.384	8.781	-1.731	0.284	-1.984	1.379	-4.332	-4.146	-6.190	-4.503	3.945	0.990	38	Cars
3.895	6.104	13.152	-3.053	-4.150	-1.717	0.255	4.926	8.227	0.471	4.907	-5.955	-9.776	-2.743	-5.524	-3.162	-3.908	-1.136	2.680	-0.574	-2.357	0.371	2.723	-5.339	4.093	-0.382	-6.428	0.447	38	ScrambledCars
6.180	8.366	5.896	8.716	-0.222	0.691	-3.408	1.025	-2.949	2.426	13.916	2.836	-10.923	-4.598	6.496	-2.811	-15.869	-8.287	3.124	-4.559	-8.180	0.084	3.626	-9.036	-0.121	-7.917	-7.774	3.449	38	ScrambledFaces
0.650	5.584	10.103	7.602	0.805	2.891	-2.648	13.801	19.915	-2.006	0.872	4.253	-5.150	-8.048	2.280	-3.227	-9.457	16.264	-15.423	-8.060	-8.031	-3.443	-0.130	-2.622	-6.426	-17.681	-7.250	-3.813	38	Cars
2.965	9.133	8.538	9.906	2.649	2.710	0.701	-2.452	-2.654	1.535	9.023	-2.293	1.916	2.985	1.530	15.447	0.773	-12.116	-7.742	12.648	4.328	-0.990	-5.535	-4.334	-15.729	-6.291	2.185	-6.920	38	Cars
-3.498	-6.464	-5.982	-8.432	-11.156	-11.995	-4.934	-2.787	1.774	0.210	7.817	8.536	-5.458	-1.605	-0.111	-4.165	-6.326	14.245	8.196	-3.385	-1.562	0.968	3.236	-3.009	3.111	15.373	10.859	8.797	38	ScrambledFaces
-2.527	-2.121	16.998	-12.601	-2.485	1.967	3.788	11.809	25.050	7.091	8.514	8.910	-1.098	-11.732	-11.158	-13.996	-18.674	2.395	-4.066	-19.179	-17.740	-8.486	-4.575	1.718	11.921	3.287	8.308	14.735	38	ScrambledFaces
-0.271	-6.902	2.637	1.834	-1.364	0.220	-2.090	-2.003	0.115	-0.378	-2.351	-3.104	-3.900	-1.297	9.011	-4.737	1.117	19.608	-0.577	-6.237	-7.745	-0.243	11.640	-1.956	0.220	-5.336	-2.889	-4.570	38	ScrambledFaces
-7.466	1.641	-10.367	5.438	4.323	1.139	7.019	-0.552	3.616	2.389	-5.275	-3.982	9.823	-0.655	0.264	-2.680	7.584	-9.138	2.888	-1.568	1.527	5.980	-0.667	5.264	7.605	-5.029	5.568	-1.207	38	ScrambledCars
-5.433	-0.951	-0.792	-10.952	2.213	1.436	6.466	9.478	4.396	3.857	2.758	0.140	-0.821	-0.657	-5.105	-8.014	-4.903	8.109	-4.451	-9.704	2.803	4.998	-0.263	5.215	-0.250	7.887	2.607	-9.791	38	ScrambledCars
4.111	-1.002	0.238	11.322	-2.839	-1.141	-3.964	-5.514	-6.686	-3.603	-1.254	0.511	8.029	5.651	1.452	1.732	2.215	9.563	7.293	6.898	2.963	1.792	-5.049	-4.677	-4.453	-15.069	-6.810	-2.890	38	Faces
-2.657	-3.211	-8.830	-2.222	-1.314	-2.505	3.098	-0.523	2.067	0.888	1.221	7.576	2.031	-3.813	-13.002	-9.610	-7.497	22.464	-5.657	-8.236	-9.596	1.376	7.910	9.016	2.916	1.969	11.518	10.489	38	Faces
-1.315	-4.136	5.330	1.048	8.787	5.582	-1.288	2.176	0.382	2.874	8.925	3.201	1.631	5.878	-1.698	5.472	-7.597	-3.497	-9.040	7.878	13.832	-1.268	4.988	-5.121	-7.840	-18.757	-6.299	-2.787	38	Cars
1.986	6.307	11.135	7.510	1.259	4.212	-1.018	7.924	-1.469	3.865	1.142	-0.907	-1.571	-3.397	11.932	-3.584	-1.135	-7.509	6.576	-3.056	-7.210	-2.599	-5.800	-4.736	-10.347	-7.620	-7.615	-6.080	38	ScrambledCars
-0.730	-2.295	-8.277	0.297	-0.867	-2.432	-0.651	2.291	1.663	-2.927	0.969	-3.710	-4.455	-2.819	7.340	10.000	4.597	-1.286	0.135	3.506	0.791	1.681	-1.275	-4.302	8.583	-3.767	-4.493	-8.517	38	ScrambledCars
1.786	-0.376	8.118	4.582	-9.646	-6.516	-3.415	-3.486	-0.408	2.884	4.407	-3.280	-3.471	-5.550	10.075	3.022	0.270	22.467	-5.880	-0.019	-3.333	-6.823	-2.092	0.174	-1.874	-1.306	-4.731	-2.313	38	ScrambledFaces
3.856	-0.041	4.542	-0.532	-0.048	10.278	0.460	9.680	1.007	-5.975	-7.554	5.977	-1.344	-4.392	-16.652	-5.567	-10.588	15.933	-0.587	-0.819	-6.086	-1.382	-0.939	3.324	-2.779	-3.923	3.201	5.240	38	Faces
2.583	2.600	7.415	-4.222	2.200	-2.638	0.326	3.267	-1.684	2.870	1.691	6.492	-6.767	-3.461	-1.141	-4.614	-3.893	9.194	-4.121	-6.570	-11.119	-5.976	-3.069	1.890	-2.076	-2.877	4.902	8.791	38	Faces
3.923	13.899	-3.443	11.180	5.466	6.394	-1.454	-7.175	-3.450	-1.398	-11.168	4.176	6.185	12.547	2.869	10.381	-1.154	-5.086	-2.548	17.666	15.754	-4.008	-12.125	-8.941	-19.363	-15.889	-1.214	1.256	38	Cars
-0.037	-6.250	-10.364	-5.078	-1.550	-3.638	-4.423	4.766	5.935	-1.583	-5.343	1.845	-0.357	-3.151	4.250	-2.279	-6.417	4.509	10.428	-3.897	-2.004	6.463	1.982	4.540	-3.064	2.262	-4.372	1.052	38	ScrambledFaces
-17.298	-20.740	-14.148	-15.706	-16.180	-3.610	-3.425	18.069	33.478	9.142	14.216	19.099	-5.525	-14.433	26.389	-26.344	-11.216	-6.606	-13.094	-19.902	-15.917	-12.775	1.814	-4.081	16.575	12.988	10.544	16.680	38	ScrambledCars
-4.754	-3.730	5.711	-4.947	-3.344	1.055	2.472	1.333	1.819	-1.623	1.925	4.901	-7.033	-1.000	-0.404	-5.642	-0.745	-1.834	-2.939	-1.768	-4.063	2.616	4.910	1.328	13.606	8.580	-2.365	4.258	38	ScrambledCars
1.449	0.127	8.085	-0.705	0.697	5.450	1.171	-1.323	6.323	1.847	0.851	0.939	-2.910	-5.922	-6.631	3.078	-0.973	-4.906	-4.502	4.209	-4.748	1.036	2.883	-0.366	1.270	1.470	-0.717	-7.567	38	ScrambledCars
-5.901	-6.647	-4.358	-6.776	-4.897	-2.842	-2.300	-1.506	-0.114	2.577	8.068	17.920	8.747	-0.348	-2.069	-10.813	-19.939	3.268	-4.618	-6.586	-8.617	-4.344	-2.141	6.532	5.436	9.064	16.268	18.223	38	Faces
8.493	8.000	27.790	8.574	3.333	5.694	-6.138	-8.620	-4.291	-11.996	-6.452	-3.477	-8.092	-10.438	2.601	16.254	-1.746	6.371	5.235	6.420	1.820	-2.359	-7.280	-8.800	-8.657	-0.058	-11.688	-6.959	38	ScrambledFaces
2.582	0.894	-0.214	5.492	6.347	4.018	0.562	-7.322	-5.745	-3.642	-8.365	-3.608	9.620	7.968	4.918	12.702	14.051	7.969	0.211	17.699	13.792	8.458	1.347	-5.593	-21.502	-23.866	-13.816	-12.965	38	Cars
0.954	0.230	-6.749	6.334	9.086	7.070	14.200	6.561	8.958	16.160	11.822	11.309	2.770	-1.032	0.603	1.238	-8.336	-10.671	-9.930	-1.595	-5.440	-12.085	-9.003	-9.405	-17.037	-5.031	-3.092	-0.899	38	Faces
-5.525	2.244	4.156	2.926	-0.286	-4.701	-0.398	-1.329	-3.815	0.454	-2.531	0.840	-2.767	-6.085	18.316	-2.568	-4.168	-9.520	-0.636	-4.320	3.455	6.647	10.881	4.903	0.864	0.099	-3.674	-3.156	38	Cars
9.235	-1.522	8.393	8.703	0.099	-6.885	-4.503	5.057	-10.102	-6.144	-1.877	1.673	-6.518	-8.514	-8.612	0.179	2.527	3.351	1.010	4.256	-4.131	0.275	1.140	-5.915	-5.445	-5.532	-1.153	6.627	38	Cars
4.759	16.241	1.290	15.629	3.571	7.330	2.395	3.867	3.149	-0.915	8.947	1.012	1.511	-5.794	4.503	7.937	2.662	-27.941	0.771	4.822	-6.116	-7.705	-2.482	-9.941	-16.550	-8.889	-2.966	-2.547	38	Faces
2.376	-0.101	15.448	7.792	1.185	7.634	-12.104	-10.024	-11.807	-8.625	-17.115	-5.507	-4.340	-3.121	13.962	7.412	15.792	33.630	8.618	2.045	0.145	3.712	6.628	-1.864	-8.066	-16.826	-7.389	-14.581	38	Cars
5.407	-4.441	4.573	4.819	6.571	18.828	0.324	15.082	11.025	4.222	6.661	-0.826	-5.089	-7.101	-8.354	2.366	-13.016	2.880	-17.000	4.607	-1.566	-7.256	-7.187	-9.437	-12.239	3.926	-8.755	-4.231	38	ScrambledCars
3.727	12.320	12.885	14.551	8.386	11.211	7.808	2.149	-0.456	9.031	3.950	-2.746	-2.057	0.727	2.510	1.123	-4.777	-7.079	-3.194	1.695	0.615	-3.780	-2.150	-5.107	-14.842	-19.451	-10.494	-11.764	38	Cars
4.373	14.717	7.021	9.147	-1.049	-2.248	-2.391	-4.596	-7.391	-7.939	-4.586	0.211	-2.793	-4.276	7.339	10.734	3.012	19.150	-0.853	4.467	-5.156	-5.573	-10.257	-7.166	-11.229	1.446	2.223	6.713	38	Faces
5.726	6.924	10.221	7.249	-2.486	0.760	-7.819	-8.959	-9.781	-13.551	-13.583	-8.503	-5.231	-3.898	4.720	8.112	-4.167	6.776	5.781	1.627	0.718	8.588	11.322	-1.097	3.745	-5.508	-3.093	-2.189	38	ScrambledFaces
1.211	0.008	-2.324	-0.997	1.324	-4.900	-6.855	1.093	-0.750	-4.646	3.267	5.736	-8.869	-12.374	0.704	-6.687	-7.706	22.736	-6.352	-6.854	-1.734	3.609	1.858	-1.571	0.639	0.747	-1.434	3.969	38	Faces
-0.352	2.223	14.948	-2.434	0.392	7.072	-2.149	1.798	3.828	-3.418	7.261	-3.120	-2.273	0.413	-4.286	-0.919	-0.837	21.263	-4.335	-1.557	-2.195	-6.750	-3.169	-2.045	4.057	-2.832	-0.273	-3.820	38	ScrambledCars
-0.546	1.151	2.018	6.622	4.332	2.951	0.456	-5.556	-4.052	-2.177	-9.835	-0.888	0.122	0.337	4.739	2.761	-4.618	6.609	6.475	3.345	0.585	6.355	6.156	0.942	-2.440	-12.122	-6.389	0.952	38	Cars
-4.992	-0.739	-10.920	4.868	-1.180	0.333	2.738	-7.600	-7.361	-2.164	-1.822	3.173	6.635	8.827	9.393	3.129	14.576	-13.291	-4.535	0.747	6.896	5.536	7.189	10.740	-10.594	-1.814	3.894	7.927	38	Faces
-5.055	2.059	10.259	5.631	4.155	-4.656	-2.227	-9.155	-9.147	0.616	-7.518	7.304	6.525	1.671	11.997	4.290	0.163	13.806	2.171	3.437	6.842	0.301	0.250	-1.407	-14.174	-8.987	2.976	6.173	38	Faces
7.557	6.592	9.433	7.224	5.442	6.388	-0.545	-4.631	-5.142	-1.988	0.289	-1.829	-1.042	-1.060	2.467	7.545	15.111	7.589	-4.151	5.345	-1.916	-4.771	-1.473	-4.300	-10.843	-15.038	-14.207	-10.898	38	Cars
-0.795	-3.408	0.328	11.711	4.530	0.572	-4.215	-4.685	-9.378	-8.626	0.105	0.162	1.621	-0.868	0.180	3.080	-5.108	15.235	3.872	10.433	-0.990	-2.777	-2.454	1.462	-6.538	7.360	4.928	0.873	38	Faces
-0.342	-2.993	-21.591	-11.023	-9.125	-12.801	-8.996	2.219	4.221	-2.438	0.616	10.485	-9.900	-9.906	3.455	-8.511	-12.836	18.876	4.083	-11.503	-7.760	-0.728	2.525	2.731	15.560	2.914	10.010	14.058	38	ScrambledFaces
-3.323	-15.280	-7.572	-0.042	-2.501	-5.083	2.823	13.775	12.272	6.785	3.059	6.909	-10.880	-11.161	5.820	-6.149	-0.272	0.414	-20.329	-5.172	-8.493	-10.019	0.873	-6.680	5.665	2.200	8.247	9.833	38	ScrambledCars
1.509	-1.352	-2.263	10.964	1.146	-6.911	4.545	3.765	0.003	6.393	6.656	16.084	4.430	5.092	-5.603	-2.973	12.284	-7.999	-5.000	-3.372	-0.429	0.245	0.546	-2.298	-16.725	-5.633	-0.997	6.957	38	Cars
2.046	3.710	-4.837	7.912	-0.225	-5.690	-0.684	6.915	3.225	3.361	4.633	6.599	-7.137	-3.388	0.594	5.145	0.301	10.538	-1.741	-1.668	2.333	-4.678	-11.927	-7.163	-8.287	-8.678	-3.110	-1.334	38	Faces
-0.176	-0.409	3.031	2.249	4.317	7.566	1.263	1.318	-0.856	0.225	0.458	5.732	2.408	13.343	-5.818	-0.546	-8.244	-14.432	10.807	0.699	3.519	-1.234	-4.911	2.514	-2.314	-3.797	2.321	6.238	38	Faces
1.168	-5.416	4.727	-3.633	-1.776	-2.473	-10.464	-2.352	-4.370	-7.881	-6.938	-4.073	-12.522	-12.574	8.372	-2.650	12.721	8.683	9.695	-1.344	-7.620	5.562	11.319	-0.529	2.332	-1.190	-1.949	-3.678	38	ScrambledCars
-1.156	3.325	-3.080	7.132	4.546	-4.311	5.960	9.015	6.810	11.745	8.901	3.171	-5.732	4.916	-1.694	6.768	-13.073	-7.133	-12.626	0.842	3.210	-8.059	-7.967	-4.977	2.842	-2.701	-0.480	-0.495	38	ScrambledCars
-3.447	-3.227	-6.599	-6.570	-1.460	-3.651	6.725	10.534	12.915	7.905	21.094	14.311	-4.204	-8.045	-7.844	-8.803	-8.767	-9.804	-18.010	-11.863	-11.465	-1.093	-9.916	5.312	4.901	12.180	5.864	16.824	38	ScrambledCars
4.550	6.160	8.853	14.209	6.198	-1.756	9.782	-2.372	8.345	7.518	2.033	2.937	-6.910	3.199	0.198	4.967	12.581	14.123	9.660	3.749	4.618	-7.635	-12.565	-12.251	-30.296	-16.281	-13.464	-9.075	38	Cars
3.498	-1.570	-10.357	-0.678	-4.506	-1.692	-10.730	-4.080	-5.912	-9.026	1.344	-1.724	-6.611	0.557	5.030	-1.210	2.533	-15.091	10.378	1.981	-0.250	5.739	3.968	-1.572	8.945	-3.635	3.633	2.978	38	ScrambledCars
-5.285	-12.315	-12.316	-13.526	-2.540	-2.099	-3.465	-2.454	-5.222	2.663	1.647	2.976	2.458	4.463	-1.491	1.124	6.708	15.659	10.340	5.625	8.564	3.347	14.298	1.898	-1.344	-5.199	-0.505	0.376	38	Cars
7.032	6.417	13.822	8.370	0.537	2.865	4.823	-1.698	2.222	5.281	5.509	1.506	-9.078	-4.489	-6.879	5.836	12.165	-11.349	3.448	-2.101	-3.116	-1.797	-5.391	-5.871	-6.423	-6.281	-4.396	-5.542	38	Cars
-3.319	-1.841	-4.740	1.129	0.283	2.250	6.115	11.687	9.442	9.364	10.428	3.270	-7.921	-10.629	-2.439	2.966	-6.378	-0.737	-13.503	1.920	-6.850	-10.964	-6.360	-3.404	2.384	7.039	10.096	11.686	38	ScrambledCars
5.963	6.986	22.290	1.643	-2.154	10.244	-5.929	8.556	2.602	1.546	0.422	0.073	-4.232	-12.399	6.697	0.100	-2.274	1.651	5.402	1.416	-9.617	1.709	5.467	-11.076	-9.544	-7.344	-17.287	-7.462	38	ScrambledCars
-4.258	-9.192	-4.052	-11.336	-0.807	0.892	-0.826	7.354	7.575	4.998	15.106	9.994	-1.978	-5.039	1.633	-12.911	-9.930	14.844	1.915	-11.617	-5.933	-0.799	5.571	-1.082	0.100	-1.649	-5.012	7.618	38	Faces
5.022	3.153	21.908	-7.463	-6.445	0.441	-2.932	10.445	3.971	-4.185	9.552	14.120	-13.755	-14.958	-1.667	-2.584	-1.578	4.391	3.355	-13.100	-12.037	-3.971	-4.150	-11.976	-5.227	8.599	-6.851	5.871	38	Faces
2.540	2.307	0.684	-1.070	3.665	7.782	0.488	3.623	5.131	1.229	8.573	3.266	-10.769	-11.199	1.900	7.970	5.992	-12.438	5.169	-1.577	-6.955	-1.980	2.619	-5.891	-5.283	-6.303	-8.347	2.566	38	Faces
-3.443	-3.315	11.639	-6.607	4.000	-3.159	4.476	-1.807	4.188	8.002	8.240	13.957	5.307	2.789	-0.825	3.128	-3.191	-24.795	-12.055	3.695	9.358	-1.219	-8.302	-0.279	3.435	-2.996	-0.381	6.616	38	Cars
2.818	7.244	6.162	-3.203	-6.365	1.869	0.700	14.784	10.301	2.982	10.588	5.048	-4.896	-10.364	-14.957	-14.235	-20.930	7.266	-0.114	-8.846	-7.464	-3.324	-6.512	-3.029	5.064	8.268	-4.219	3.154	38	ScrambledFaces
9.234	5.254	6.935	-9.545	-6.120	-2.828	-11.438	5.236	-10.943	-7.425	10.467	10.679	-17.178	-16.367	5.470	0.160	-9.419	8.761	0.834	-4.371	-9.334	-9.481	1.693	-10.598	-6.980	5.607	-1.020	15.407	38	Faces
-1.939	-9.817	10.067	-0.725	-0.396	-2.657	5.701	0.392	2.592	5.624	5.839	3.300	1.921	1.034	-1.138	0.638	5.011	-6.021	5.338	-1.715	2.091	2.661	5.358	-2.846	-7.642	-9.297	-6.367	-6.698	38	Cars
0.763	-2.652	-15.970	-2.806	-5.556	3.098	1.176	10.305	14.819	4.953	5.663	6.736	-2.516	-11.176	2.444	-6.376	-9.235	2.578	-12.074	-7.632	-13.564	-3.787	-0.095	-5.447	-0.497	6.696	0.588	8.398	38	ScrambledCars
-3.954	-3.925	-15.098	-5.215	-0.542	-5.721	1.925	3.447	6.115	2.165	11.953	13.390	0.194	2.258	3.365	2.634	-0.551	-0.657	0.816	-3.042	-0.898	-8.343	-4.267	-7.255	-0.357	2.145	0.273	3.605	38	Faces
4.747	6.888	8.208	-1.200	-0.162	8.957	4.250	5.369	3.393	0.953	7.852	8.144	-2.951	-8.152	-19.165	-2.248	8.591	-3.643	7.461	-4.982	-10.170	-0.838	-1.020	-3.276	-1.900	-5.669	2.327	-1.646	38	Cars
3.091	7.279	8.568	-7.692	-3.618	-3.965	-5.906	-1.010	-1.328	1.859	7.585	2.782	-1.045	1.530	2.933	-0.302	5.293	-20.952	4.058	1.454	-0.245	-6.145	-8.433	-1.471	2.737	-2.153	4.357	-3.325	38	ScrambledFaces
-8.609	-10.103	-12.308	-10.057	-8.158	3.101	2.989	2.415	0.853	5.371	13.090	15.375	-4.616	-9.012	-1.450	-7.655	-3.811	-2.608	-3.727	-12.657	-6.738	-0.924	3.368	12.130	8.035	13.021	12.531	30.218	38	ScrambledFaces
12.450	9.629	21.276	5.944	-1.524	4.378	-16.566	-5.668	-10.021	-13.171	-8.461	-8.075	-21.269	-15.015	2.591	10.345	18.882	10.176	15.893	0.815	-5.025	6.637	10.642	-8.120	-5.838	-12.288	-10.874	-4.826	38	Cars
-1.513	-4.395	-4.140	-3.532	-4.506	-8.622	6.338	10.964	13.618	13.844	6.859	11.260	0.703	-6.625	-9.461	-1.246	-8.741	14.678	3.553	-4.004	-12.252	-4.759	-5.593	1.900	-4.490	-4.255	3.842	3.799	38	ScrambledCars
3.770	0.095	-3.867	-13.016	-1.760	2.504	2.133	-4.391	1.020	4.398	13.705	12.044	-6.990	-4.309	-5.270	2.664	8.218	0.401	6.672	2.240	-3.734	1.081	-5.432	-2.859	-10.125	-11.384	-1.303	4.298	38	Faces
-1.270	-6.251	15.673	-4.918	-8.586	-3.252	-2.350	8.866	5.997	2.975	10.295	9.884	0.436	-9.743	1.443	-9.033	-12.011	5.875	-7.641	-12.084	-9.823	-10.433	-7.063	-2.500	10.715	12.153	0.453	5.141	38	ScrambledCars
0.345	-0.264	4.508	-0.473	5.646	4.777	-1.032	1.771	-0.882	-2.278	6.288	3.819	-1.816	-0.728	2.253	-4.574	-10.939	-5.847	-9.780	4.381	1.902	-5.303	7.249	-9.290	1.375	-5.240	-1.903	5.369	38	Faces
-4.588	-11.798	-8.323	-10.199	-10.706	-12.242	-6.057	8.331	5.227	0.915	3.951	9.367	6.834	-1.098	3.499	-5.472	-11.161	9.129	7.171	-3.677	0.347	2.005	-12.124	5.837	2.463	16.727	4.700	6.498	38	ScrambledFaces
1.729	-5.874	-5.606	-0.981	-6.479	-4.647	-6.834	-0.031	-5.783	-10.492	-2.577	2.987	-8.677	-5.550	-5.334	-4.705	-4.032	14.259	5.516	-11.866	-3.039	7.464	9.115	5.757	6.791	-1.302	10.001	17.822	38	Faces
-5.884	-7.516	-1.753	-5.211	-7.857	-10.650	-1.795	-1.058	-0.585	0.718	6.440	12.957	7.061	2.806	2.612	-2.853	-0.516	-3.277	-1.150	-7.184	-4.273	0.478	6.469	9.775	-0.595	0.490	14.558	12.906	38	Faces
7.052	9.538	13.507	7.151	-1.199	4.163	-3.535	-6.354	-8.875	-8.056	-13.006	-6.512	-7.307	-4.924	6.110	4.993	2.902	1.684	11.484	1.396	-5.065	5.699	6.334	-1.875	-0.472	-10.744	-8.547	-8.681	38	Faces
7.236	6.224	14.966	10.698	4.601	4.904	-5.723	15.351	13.704	-0.491	8.727	-3.598	-21.056	-19.027	3.950	1.733	4.533	-3.849	-12.194	-4.889	-8.777	-2.861	-5.578	-12.964	-4.307	-7.615	-17.132	-10.553	38	ScrambledCars
5.632	3.268	-10.198	3.538	-1.704	-8.762	0.283	9.030	-2.900	1.291	5.259	-0.355	2.036	1.982	-7.419	-2.258	4.355	-11.886	-6.530	-4.663	-1.862	1.598	-1.359	0.657	-4.530	-3.419	10.902	-2.399	38	ScrambledFaces
-6.397	-3.499	-5.372	-10.694	-2.082	-2.839	-0.243	1.106	4.765	-0.419	3.543	11.700	1.625	0.785	1.419	-14.579	4.381	15.374	-7.349	-11.687	0.644	5.580	3.900	-0.573	0.180	1.605	0.937	8.724	38	Cars
2.227	-3.984	-12.992	-5.559	-0.044	5.722	-0.342	10.640	10.001	5.676	6.959	7.943	-9.097	-11.891	2.557	-5.502	-12.268	4.063	-10.206	-1.083	-4.452	-3.846	-6.456	-6.908	0.754	1.247	-5.648	3.244	38	ScrambledCars
2.619	9.138	11.836	-5.850	-10.444	6.815	-12.473	1.868	4.129	-4.210	0.948	2.295	-14.862	-9.640	8.212	-7.300	-13.767	2.018	-0.718	-9.679	-6.959	-4.927	-1.705	-8.312	9.391	9.242	-0.165	3.993	38	ScrambledFaces
5.356	9.932	-0.321	0.549	-1.784	4.716	-4.095	-2.785	-8.469	-6.003	0.637	4.917	1.224	6.620	2.938	5.200	5.089	-4.846	5.102	5.109	11.834	-0.698	-3.293	-4.574	-16.726	-15.987	-8.167	-1.077	38	Faces
-2.304	-7.403	-6.636	5.288	3.597	0.764	7.014	3.371	10.468	11.748	12.151	13.955	4.717	4.820	-10.268	-1.376	-12.466	-11.893	-13.581	1.116	-0.137	-11.883	-9.944	0.013	-10.032	5.456	13.193	10.626	38	ScrambledFaces
7.320	7.969	-3.248	-0.827	-1.996	-1.561	-12.002	9.286	1.304	-6.513	2.361	4.984	-14.703	-15.656	5.611	-7.242	3.886	6.072	1.943	-10.612	-11.845	-1.309	-2.500	-3.025	-9.258	4.438	1.080	7.882	38	ScrambledCars
-1.587	-10.863	-11.165	-11.973	-1.245	3.796	-1.496	-3.427	-2.731	-3.436	-2.238	3.595	0.129	-1.758	-1.716	-3.337	7.029	16.844	3.986	1.056	6.347	5.442	-1.995	4.867	3.672	-3.875	2.609	1.062	38	Cars
3.838	4.059	1.036	-1.117	-4.076	-3.402	-5.348	8.173	6.603	-1.754	6.358	5.968	-9.585	-11.119	-3.629	0.881	-2.556	17.388	-14.181	-12.410	-9.545	-3.476	-3.486	-3.862	-3.808	5.597	-1.405	6.618	38	ScrambledFaces
-6.831	1.478	1.418	-9.810	-2.137	-7.124	7.174	1.088	5.228	5.489	12.395	11.412	7.005	10.535	-6.942	-9.002	-6.288	-16.540	-4.239	-0.213	4.598	2.800	5.872	3.857	6.304	-0.483	4.248	5.237	38	Cars
0.756	-3.732	-14.169	-4.211	-6.025	-9.559	-5.331	0.133	3.984	-4.271	2.181	2.700	-0.898	-0.118	-12.504	-10.385	-5.348	14.672	-4.822	-9.716	-3.837	5.008	14.119	7.661	7.851	7.274	3.518	9.664	38	ScrambledCars
0.655	-7.091	-5.396	-4.414	-5.755	4.528	-0.236	7.053	7.692	3.028	8.642	7.772	-8.156	-6.339	-6.173	-5.872	-5.803	-3.215	-8.284	-1.289	-6.662	-1.726	-6.406	-3.703	12.887	0.641	3.976	12.116	38	ScrambledFaces
7.784	3.826	-6.834	3.285	1.006	3.948	-7.790	-11.305	-5.426	-7.540	0.585	6.913	-12.727	-6.442	10.553	0.448	8.620	-11.732	2.282	1.663	-5.450	-1.013	-3.342	-9.446	-0.913	-10.510	-3.754	4.404	38	Faces
0.616	3.168	12.596	3.582	2.882	1.531	3.276	-1.891	1.078	3.686	-0.591	13.350	10.432	-3.219	-3.241	3.740	-1.623	11.672	-9.708	-4.123	-2.454	-4.563	-4.441	0.143	-10.246	-5.357	-5.902	6.653	38	Faces
-8.556	-8.055	4.368	0.806	4.338	11.317	4.896	13.198	10.070	6.023	5.669	-2.152	2.881	6.238	19.805	-9.536	-20.439	9.932	-1.862	-2.548	0.737	-4.283	-9.029	-2.024	-8.812	-9.804	-7.579	-9.478	38	ScrambledFaces
2.607	1.849	-3.124	5.918	5.072	0.707	-1.008	-5.055	-7.356	1.284	0.735	2.711	1.468	4.075	3.543	3.763	19.108	-3.726	6.398	1.231	0.514	6.267	1.074	-2.255	-7.506	-19.468	-4.857	-4.284	38	Faces
-3.015	3.978	0.047	-4.962	-2.827	-5.270	1.341	1.755	-1.292	-0.283	8.028	5.194	10.090	6.433	3.363	-2.931	-21.575	-10.719	0.696	3.019	8.003	4.394	2.352	3.521	-0.688	-7.787	-1.823	5.207	38	Cars
4.484	0.168	8.469	-1.581	-5.943	1.074	-7.964	1.563	0.441	-3.318	-4.094	-6.954	-7.454	-1.825	-4.173	4.559	-2.222	0.099	7.310	1.875	-0.719	6.644	11.341	2.497	2.990	4.921	-9.520	-6.470	38	ScrambledCars
7.757	12.404	5.089	-1.140	-2.608	0.327	-3.040	-0.820	3.399	6.135	0.127	-0.294	-8.299	-10.240	-7.196	-5.033	-1.509	32.010	-0.824	-7.580	-13.577	-7.079	-1.315	-0.954	-3.068	-3.404	-5.149	1.202	38	ScrambledCars
-2.276	-5.851	-0.387	-4.581	-3.171	-8.224	-2.016	7.880	9.540	-0.322	-0.287	7.942	-7.890	-6.907	6.576	-5.675	1.655	-5.534	7.952	-6.422	-7.231	0.015	1.566	-5.032	-1.634	2.729	0.150	4.850	38	ScrambledFaces
0.975	-2.727	-5.131	5.387	1.610	4.206	-3.672	2.176	-1.303	-3.367	-4.556	7.498	-4.513	-3.491	5.789	0.020	2.274	8.566	1.603	-2.261	-5.177	-2.645	4.091	-7.028	-3.777	-7.755	-2.176	5.347	38	Faces
-6.235	-11.365	15.108	1.134	-0.525	7.865	4.440	11.703	12.785	7.002	10.200	4.393	2.290	0.229	-2.977	-6.360	-3.405	-28.918	-2.356	-5.880	0.147	-0.619	-11.248	8.650	-2.671	-1.959	13.109	5.868	38	ScrambledCars
-1.665	-5.045	9.919	4.795	-6.531	-3.423	-4.492	5.186	2.993	-5.994	12.531	0.706	-8.171	-7.820	3.337	1.185	-2.632	7.589	-0.223	-4.860	-5.140	1.423	5.291	2.654	1.109	-0.011	-2.392	1.630	38	ScrambledCars
-2.915	-6.395	7.104	-1.893	-3.746	-2.289	4.617	15.653	16.735	8.652	6.182	7.499	-6.133	-2.798	-4.485	-1.015	-12.318	-17.474	-0.490	0.878	-4.131	-6.708	-2.614	-0.863	0.615	-0.158	0.192	5.076	38	ScrambledFaces
1.983	3.127	-19.144	2.021	-1.813	2.031	-0.052	-0.991	2.421	0.477	10.636	11.024	0.657	-4.109	-10.210	-8.347	-3.113	3.244	-3.602	-0.271	-4.633	-4.642	-7.052	-2.041	-0.751	6.139	8.946	12.017	38	Faces
6.323	14.501	5.262	10.662	3.448	4.262	0.186	3.683	2.496	-1.800	4.476	-7.669	-6.530	-1.282	1.805	13.990	5.469	-2.010	-2.468	11.696	2.935	-1.443	-9.521	-10.550	-6.600	-17.871	-11.906	-15.584	38	ScrambledCars
-0.876	-5.427	-14.826	3.700	-0.053	-1.973	9.291	-5.629	-4.282	6.405	9.007	10.473	16.108	5.463	-1.108	2.402	1.789	-4.937	-3.944	2.840	4.520	0.901	-0.615	-5.624	-10.307	-10.607	4.429	0.384	38	Faces
-9.042	-1.357	-0.853	-3.428	-5.339	-8.614	9.304	18.229	12.270	17.327	9.827	21.336	1.555	2.053	0.972	-8.832	-2.142	-7.038	-15.027	-7.348	-10.891	-4.954	-5.457	1.735	-4.249	0.707	4.863	13.196	38	Faces
1.450	-2.337	11.684	1.984	-0.470	2.234	-4.868	6.384	4.250	2.681	-7.603	-4.171	-9.486	-2.378	15.807	3.228	2.280	0.476	-3.190	-4.056	-4.510	1.967	3.199	-4.341	-2.331	-9.593	-9.856	-8.324	38	ScrambledCars
-3.511	1.093	-2.607	2.782	-1.514	-4.018	0.794	-6.939	-6.768	-3.122	6.763	8.844	6.660	5.663	10.437	-1.903	-13.610	6.728	0.717	2.004	1.704	1.181	-1.786	-1.473	-3.634	0.007	5.961	3.596	38	Faces
8.064	12.517	-6.298	1.818	-0.483	5.932	-1.631	3.610	-0.827	-4.339	3.877	5.539	-8.649	-15.165	-4.190	3.229	-11.245	2.147	10.722	-2.303	-11.081	-2.394	-9.548	-6.418	4.221	-5.119	-1.804	2.814	38	Faces
-4.977	-10.072	-2.917	-2.399	-2.688	-2.015	2.121	4.225	6.375	-0.693	0.049	-1.316	6.016	1.616	5.334	-7.252	8.309	5.281	1.389	-6.382	4.140	0.317	-5.660	1.516	0.507	-1.816	-1.596	1.022	38	ScrambledCars
-3.420	-4.329	-9.537	-2.987	-7.273	-5.640	-5.326	-0.678	5.299	2.922	14.396	1.252	-1.998	-3.432	10.251	-8.462	-2.329	-20.644	-3.655	-7.037	-7.823	-4.940	16.138	1.756	6.989	9.318	3.977	2.541	38	ScrambledFaces
0.038	6.436	-5.189	-10.122	-2.642	-4.156	-3.845	3.909	4.128	-2.439	-1.747	-3.267	-5.800	-15.759	-1.373	-5.728	-9.266	12.846	-2.451	-5.902	-8.862	-3.675	2.851	2.606	13.548	12.833	7.873	2.386	38	ScrambledCars
2.579	-4.947	7.979	-1.898	-0.901	-1.851	-1.516	0.030	0.538	-3.566	3.034	4.146	2.224	3.617	-8.137	-8.039	-3.371	-4.929	2.409	3.077	-0.313	-0.786	-9.238	1.595	7.025	5.906	1.507	0.247	38	ScrambledCars
-3.940	-8.778	-10.103	-7.067	-0.448	1.774	8.606	2.939	5.313	13.974	4.452	12.717	8.943	1.706	-15.503	-7.905	-8.674	-17.892	-4.912	-2.660	8.539	4.494	4.885	6.041	1.043	-5.687	3.724	1.047	38	Cars
-0.571	2.991	7.495	-7.007	-2.882	-9.541	-3.267	-2.888	1.112	0.009	6.382	8.059	-4.869	-5.605	0.551	1.171	-4.453	3.631	5.506	-3.477	-3.573	-2.197	2.111	0.025	4.206	-2.577	-0.443	6.840	38	Cars
-0.490	-3.704	-4.350	-2.681	-5.131	2.370	-3.659	-3.390	8.038	-3.198	11.694	11.663	-10.573	-10.858	13.610	-4.754	-6.224	-17.577	-2.533	-7.594	-12.205	-6.286	9.281	-4.476	2.273	0.612	1.672	13.465	38	Faces
0.521	-5.810	4.308	-4.820	-5.811	5.866	-2.614	12.034	9.892	-1.989	-3.081	-1.761	-15.781	-17.647	9.963	-9.503	3.023	17.979	12.144	-8.532	-16.153	-2.789	-0.220	-4.341	7.828	-3.530	-5.244	-1.796	38	ScrambledCars
0.767	-2.354	-24.111	-2.929	-9.772	-10.703	-5.804	1.369	6.744	0.974	4.254	6.626	0.099	-2.375	-1.318	-10.184	0.018	-2.913	7.433	-8.487	-8.039	6.901	10.154	3.406	4.689	2.689	4.622	4.429	38	ScrambledFaces
-4.970	-1.111	-9.945	-6.404	-4.732	-5.572	5.457	4.478	15.678	12.463	12.629	6.406	3.954	-5.985	-1.325	-3.963	-5.540	3.419	0.906	-6.437	-4.431	-6.890	-10.870	-0.177	0.458	1.859	5.658	8.920	38	ScrambledFaces
-4.488	-10.136	-7.260	-16.008	-9.112	-9.611	-10.711	3.120	2.544	0.817	16.325	12.916	-3.476	-10.505	15.621	-7.936	7.026	-0.089	-1.248	-4.446	-11.053	-7.717	-1.946	0.557	0.953	7.128	5.730	13.975	38	Faces
-2.791	-9.632	-2.263	-8.403	-4.293	-6.107	-2.964	-7.687	-5.423	-4.447	4.677	5.645	1.753	-8.405	10.192	0.834	1.541	4.720	-3.153	-2.762	-2.594	4.988	9.712	-2.073	0.721	0.092	2.698	11.222	38	Faces
-1.960	-1.431	-1.921	-5.963	0.808	1.419	3.269	11.804	11.190	4.595	-1.085	10.174	-1.865	-1.402	0.163	-3.078	-0.829	-4.371	-2.772	-5.694	-0.539	-7.921	-9.922	-8.538	-3.997	-1.615	4.026	8.581	38	Faces
-3.754	-7.625	-1.186	-1.606	-6.814	6.579	-3.430	8.046	4.947	-1.667	1.460	-5.687	-12.263	-14.681	4.576	-5.515	-7.422	17.261	-7.906	-8.065	-13.012	3.203	8.012	4.746	12.565	9.005	8.167	-3.364	38	ScrambledCars
-0.300	1.760	3.252	1.895	-8.433	2.834	-3.653	-0.145	1.519	-7.817	-3.410	-4.570	-15.294	-10.935	14.768	6.763	1.902	10.916	5.341	-1.036	-8.338	-5.167	8.119	-7.770	9.119	2.671	-3.880	-5.165	38	ScrambledFaces
-2.300	1.923	-8.166	-2.742	-0.758	-19.493	5.050	8.116	9.465	7.282	4.853	6.947	2.887	3.539	8.604	-0.511	5.503	-6.905	-2.302	-2.006	-6.265	-3.151	0.333	-2.448	-5.525	-7.539	-9.408	-0.230	38	ScrambledCars
-0.335	-2.918	11.678	-8.732	-7.142	6.128	-3.929	-6.273	-6.224	-4.879	6.937	6.926	-6.263	-8.160	1.726	-9.536	6.670	9.456	-4.156	-10.359	-8.069	-3.362	9.508	-2.566	8.170	10.296	3.309	5.436	38	ScrambledFaces
-1.724	6.628	6.021	-3.163	-0.574	43.621	2.646	-8.453	-5.178	-5.230	-5.913	0.632	7.840	8.877	-8.142	7.793	-11.470	-1.391	9.759	12.593	10.213	6.489	5.130	-1.083	-3.837	-12.604	-0.365	-5.944	38	Cars
-0.079	-6.476	-3.347	-9.225	-0.534	-8.423	-4.879	1.625	-4.646	-0.343	-2.622	4.534	-2.440	-7.666	3.915	-5.201	10.770	19.305	11.325	-8.687	-5.809	9.008	16.284	0.748	1.043	-12.377	-8.815	-1.771	38	Cars
-0.173	-10.844	-4.679	-1.680	-8.391	-13.011	-4.763	6.171	10.518	3.913	15.446	5.293	-9.445	-11.616	-5.934	-17.040	-9.163	25.384	-5.396	-14.070	-8.728	-1.971	-7.491	-0.518	17.476	2.879	4.897	7.923	38	ScrambledFaces
-0.522	-7.379	-13.037	-9.078	-5.792	-10.650	4.879	11.816	14.878	7.589	16.985	10.160	-2.019	-9.211	-13.611	-12.841	-14.849	-16.275	4.665	-15.199	-10.136	-5.994	-7.242	4.334	9.938	10.869	12.157	16.801	38	ScrambledFaces
0.067	-0.028	-3.888	-3.173	-5.207	-6.335	1.166	9.446	2.549	2.596	8.489	1.394	-7.265	-1.556	-2.581	-4.480	-7.159	6.955	-2.946	-5.751	-0.089	-7.276	2.041	-4.003	1.669	5.642	-0.064	8.295	38	ScrambledCars
1.847	14.489	-2.771	0.371	0.291	-1.032	5.176	-0.385	-0.273	5.322	3.972	-1.280	7.436	4.198	1.402	6.190	-8.181	6.942	-6.155	-1.032	3.392	-9.167	-12.255	-4.964	-4.223	8.349	-10.241	-1.841	38	Cars
-3.831	-10.538	-5.031	0.408	-0.474	0.182	-0.190	4.179	8.346	6.414	11.593	2.307	-2.080	-3.312	-3.033	-11.113	-12.665	1.834	-12.904	-5.957	-1.997	1.047	11.432	1.804	1.095	11.237	-0.565	4.321	38	ScrambledFaces
0.185	-0.670	3.803	8.530	0.888	-0.970	2.960	3.287	-0.356	1.188	4.541	-2.772	-1.400	2.783	-3.550	1.516	-9.977	12.992	-1.064	-0.481	-0.812	-5.077	-0.911	-3.496	1.503	1.962	2.472	-1.414	38	ScrambledCars
-2.737	-6.462	-1.558	-18.474	-7.061	-6.008	-2.854	8.221	8.368	2.252	11.476	5.457	-6.526	-7.281	3.944	-9.037	-10.619	10.033	-0.158	-6.914	-6.234	0.782	7.390	-3.555	1.091	2.578	0.018	1.432	38	ScrambledCars
-0.155	-10.637	4.030	-5.123	-8.627	-9.650	-7.965	-4.357	-4.520	-2.825	0.245	1.241	-8.283	-10.598	15.835	-1.084	23.210	20.644	8.972	-2.615	-6.670	4.528	7.177	-1.403	-1.397	-1.085	-8.160	-2.151	38	Cars
-1.345	-12.174	-13.737	-5.859	-4.927	-5.689	-0.954	11.039	14.375	10.265	7.633	9.944	-9.084	-6.314	-1.942	-6.959	12.423	-4.637	-3.053	-11.061	-7.670	-8.838	0.131	-2.723	1.561	1.611	-1.323	8.541	38	ScrambledFaces
6.864	3.960	0.924	11.317	-2.440	-1.732	-4.344	-1.868	0.189	-5.709	-3.491	3.957	-12.913	-19.726	0.886	-1.861	-1.800	7.194	-1.265	-8.489	-12.824	-3.338	8.350	-5.463	0.204	5.646	2.958	1.332	38	ScrambledFaces
3.523	0.052	-11.085	10.790	4.049	-0.339	-1.902	-7.646	-13.623	-1.362	-5.462	-8.142	8.353	7.682	4.896	7.730	1.048	10.578	13.002	8.431	9.543	8.692	6.513	-3.540	-12.448	-16.349	-0.668	-17.569	38	Cars
6.549	12.734	22.760	9.531	-3.450	4.219	-3.529	-1.665	3.156	-5.846	0.270	-6.255	-8.009	-7.097	-1.886	7.605	11.272	-20.498	1.787	1.025	-2.941	4.128	5.806	-0.715	-1.014	-6.271	-13.841	-6.357	38	ScrambledCars
-0.984	-3.918	7.856	0.208	9.331	12.677	4.273	1.337	1.859	0.276	2.158	5.981	1.243	-6.123	1.976	-0.310	-5.697	7.337	1.357	-2.323	0.262	-4.167	3.234	-7.400	-16.771	-9.445	-2.989	-1.743	38	Faces
1.099	5.662	-0.683	-0.001	-0.648	-5.280	-2.714	-9.556	-7.687	-12.930	-4.922	8.796	-0.836	3.250	0.390	-1.942	-4.544	13.208	4.774	4.777	7.136	-2.619	-1.577	0.149	-8.192	7.712	-1.512	7.215	38	Faces
0.901	-3.188	-18.185	-5.516	-5.952	10.228	-3.613	10.372	4.439	-1.816	11.554	14.241	-15.555	-8.654	5.830	-8.105	-8.403	-5.994	1.998	-9.119	-11.168	-2.635	-1.631	-4.983	-6.475	-0.984	5.940	14.085	38	Faces
-0.513	3.114	9.566	0.435	7.498	1.554	5.324	-7.722	2.038	3.998	8.068	7.536	3.927	2.133	-10.858	-4.049	-18.065	-2.673	-5.899	-1.581	1.319	6.713	2.851	0.927	-4.350	-8.582	9.231	1.545	38	Cars
2.803	-4.498	-0.499	0.774	-2.368	-3.968	-5.177	0.746	7.763	6.165	15.377	9.025	-5.379	-14.528	1.940	-4.221	1.680	-0.232	-9.060	-8.651	-9.469	-9.468	-6.793	-9.320	5.458	2.721	2.186	9.673	38	ScrambledCars
6.714	11.515	-1.948	3.642	2.529	9.219	-4.217	-1.360	-2.552	1.246	-5.802	-7.492	-9.986	0.902	5.507	10.818	-1.267	-4.375	7.301	4.345	2.089	-6.413	2.045	-7.109	0.549	-9.915	-11.233	-8.021	38	ScrambledFaces
3.650	3.629	3.691	-2.383	1.503	4.410	2.575	-5.287	-3.138	5.936	3.190	8.796	-2.155	-0.741	-5.521	-5.468	7.625	-2.382	-2.627	-2.467	-4.135	-0.941	-0.123	0.792	-9.703	-5.917	-1.064	1.684	38	Cars
