FP1	F3	F7	FC3	C3	C5	P3	P7	PO7	PO3	O1	Oz	Pz	CPz	FP2	Fz	F4	F8	FC4	FCz	Cz	C4	C6	P4	P8	PO8	PO4	O2	ID	Condition
-6.410	2.789	-9.824	2.019	-1.985	-1.303	0.781	0.426	7.506	-18.237	10.735	1.723	0.383	-0.888	-0.247	2.308	5.211	2.888	6.857	-2.051	-7.081	2.313	2.010	-3.936	2.065	5.585	2.358	7.237	39	Faces
3.642	-7.868	-3.600	-6.978	-6.794	-5.191	2.726	11.529	13.455	-8.640	2.408	1.204	-7.523	-9.943	-4.997	-13.575	-7.365	-3.019	-4.278	-7.350	-9.567	-4.122	0.260	5.309	15.756	22.653	12.212	16.810	39	Cars
-3.103	-0.405	-5.276	4.465	7.388	-1.665	12.104	1.732	3.003	-7.457	-2.819	4.041	8.146	8.900	2.621	3.201	5.729	1.734	4.535	4.015	6.743	-1.774	-5.129	-2.567	-6.283	12.149	0.094	-3.104	39	Cars
1.398	2.356	3.664	1.447	-5.613	-2.721	-2.155	-0.791	3.839	-13.340	-10.330	8.015	-12.455	-4.863	-2.243	-4.131	0.545	-0.377	1.226	-7.238	-6.100	-2.410	0.245	-6.125	10.470	9.820	-0.036	4.011	39	ScrambledCars
7.126	-0.843	-2.188	-10.378	-17.793	-6.300	-5.049	0.853	4.024	0.731	4.789	7.015	-11.220	-14.480	0.887	-6.355	0.455	0.943	-1.214	-9.627	-11.935	-1.222	3.081	4.120	5.099	3.826	5.613	13.820	39	ScrambledFaces
6.555	1.051	-0.701	-3.015	-5.845	-3.864	-1.178	-11.806	-4.954	-5.999	13.597	-0.457	-8.422	-3.898	7.530	3.012	14.988	5.508	-0.566	4.793	3.940	1.785	-0.260	-6.398	-1.814	-4.424	-5.532	4.814	39	Faces
-16.730	-14.306	-8.850	-7.381	1.246	2.969	10.640	14.531	19.558	31.034	6.434	5.769	-0.442	3.438	-5.588	-12.473	-0.963	1.101	-0.320	-8.049	-3.494	1.944	0.855	4.263	5.215	2.712	6.765	12.031	39	Cars
3.627	-9.344	-4.385	-9.587	-4.428	-2.250	7.147	-1.775	2.606	13.680	7.849	2.708	5.736	-3.346	2.666	-6.901	1.211	2.098	-3.470	-9.058	-9.961	-1.473	0.157	6.562	1.116	7.004	8.613	9.884	39	ScrambledCars
-7.917	-13.973	-4.941	-12.287	-2.632	-8.145	12.727	7.540	12.019	6.859	11.635	19.725	4.909	-1.664	-8.646	-12.632	-14.332	-5.828	-10.241	-12.825	-7.457	-6.881	-2.342	7.568	8.302	12.432	14.587	13.587	39	Faces
-9.005	-7.808	-6.577	-1.803	-0.764	1.950	8.616	8.802	6.607	-1.904	12.236	7.864	1.607	-2.838	-8.464	-7.008	-12.132	-6.621	-3.191	-1.762	-3.650	-2.953	-5.209	-1.512	-0.543	15.183	5.482	12.078	39	ScrambledFaces
-2.210	2.463	-2.017	1.120	-3.895	-5.421	-1.363	-4.056	-0.628	11.449	-20.443	1.043	1.538	1.600	1.350	6.013	-1.505	2.076	6.028	6.830	6.557	0.173	1.942	1.965	2.082	-1.435	4.400	6.959	39	Faces
-6.354	-9.607	-13.548	-6.380	-3.374	-6.521	7.156	-0.510	5.587	0.324	21.779	14.004	-4.124	-1.749	-4.898	-8.241	-10.987	-2.316	-9.178	-7.190	-4.904	-5.067	2.124	15.259	6.695	14.930	18.883	17.434	39	ScrambledCars
-6.659	0.388	-9.911	3.571	-7.317	-8.621	-4.099	-8.417	-0.851	-0.351	1.029	1.846	1.255	1.210	-1.989	-1.209	-3.355	0.802	-2.756	-2.362	-4.523	3.306	3.182	4.451	8.276	7.723	6.136	-0.015	39	Faces
-5.507	3.358	3.302	-2.105	1.747	4.623	8.230	0.053	9.271	-1.109	-5.842	3.441	-7.105	-3.749	-2.871	-2.978	0.141	-1.486	-1.018	1.023	2.278	-4.050	-2.705	-2.778	-0.723	-3.113	-2.729	2.944	39	ScrambledCars
3.389	2.352	-1.626	0.900	-3.522	5.445	-1.324	-4.959	-4.603	-19.871	3.026	3.580	2.794	-6.678	0.350	-4.998	-0.735	1.035	-0.863	-4.597	-6.482	-3.256	2.497	4.629	4.806	15.866	17.993	14.140	39	ScrambledCars
-10.005	-3.788	-5.158	-1.884	0.404	-3.850	3.853	-6.675	1.813	0.793	9.124	6.920	10.117	10.216	-1.937	1.834	-3.967	-2.096	-0.381	7.470	4.656	5.234	-7.882	13.236	4.066	6.009	18.070	4.971	39	ScrambledFaces
-5.611	-3.073	-10.201	-5.889	-7.460	-4.495	7.551	9.007	14.140	4.904	11.615	7.617	-6.470	3.378	-2.947	-4.914	-4.069	-2.839	-4.042	-7.904	-7.137	-1.771	-6.079	1.600	0.935	2.553	12.314	6.535	39	ScrambledFaces
3.778	-7.251	-0.928	-7.345	-6.677	-2.260	3.168	5.817	11.401	3.948	18.214	10.108	-1.449	-7.897	-5.234	-12.106	-11.082	-6.911	-15.261	-7.540	-7.096	-11.342	-5.678	2.811	3.187	8.905	3.716	22.481	39	ScrambledFaces
2.283	-9.617	-2.658	-5.517	-8.801	-7.381	-14.614	-8.647	-9.164	-19.697	2.651	-0.065	3.017	-8.624	1.223	-8.858	8.098	3.653	3.140	-12.663	-8.309	0.810	1.198	5.723	13.041	11.504	12.660	14.727	39	ScrambledFaces
0.963	-1.348	2.906	-7.440	-6.508	-5.498	5.391	-0.132	3.176	24.370	14.549	8.900	-13.345	-10.012	0.215	-8.341	-0.138	-1.501	-3.262	-10.090	-7.536	-3.912	-9.099	-3.112	-0.613	7.103	9.113	9.442	39	ScrambledFaces
-10.839	0.251	-11.163	-3.336	-5.432	-5.128	5.363	3.423	3.108	-0.291	-13.591	1.995	0.090	0.070	-0.822	-2.178	3.775	3.022	2.475	-4.408	2.200	5.365	1.260	9.775	7.819	13.879	12.363	7.552	39	ScrambledCars
9.109	8.187	9.750	-0.422	-3.899	0.808	0.127	3.739	2.091	5.391	-2.849	-0.546	-9.099	-4.391	-1.713	-4.788	-9.215	-6.678	-8.059	-12.137	-8.879	-3.251	-8.941	-0.217	0.734	7.312	6.992	4.790	39	ScrambledFaces
-11.524	-0.731	-3.613	-1.305	4.700	3.669	9.965	6.600	9.408	38.223	3.646	-2.311	11.585	6.076	0.365	4.477	0.167	1.253	1.813	7.558	8.227	1.551	-2.321	0.575	-9.920	-3.852	-2.934	-0.799	39	Cars
1.347	4.010	5.831	6.902	-2.450	-1.164	-1.196	-0.409	-2.167	-26.520	-0.541	1.817	-4.695	3.031	0.155	2.135	6.173	-2.629	1.407	5.616	0.561	-4.074	-11.493	-3.171	-0.633	8.167	-0.631	11.308	39	ScrambledFaces
-18.707	0.278	-13.282	-3.752	0.447	-1.134	3.177	4.982	6.131	-2.056	8.496	4.940	5.452	2.199	-3.743	-2.428	3.148	2.777	1.268	-1.143	-1.541	-4.167	2.865	6.461	2.911	8.562	10.802	8.693	39	ScrambledCars
-0.280	-3.080	-3.484	-9.744	-8.620	-7.147	4.397	-0.520	4.610	8.004	38.448	9.610	12.082	-6.695	-4.969	-9.463	-10.593	-4.884	-11.069	-8.024	-9.145	-13.033	-4.224	-8.009	3.830	6.814	2.594	9.541	39	ScrambledCars
2.448	-1.986	5.659	2.708	0.114	4.194	1.527	-4.670	-2.327	34.760	13.191	-3.217	-4.921	-2.522	0.962	-3.095	-1.950	-0.588	-3.389	0.955	-0.481	-3.260	-3.375	-4.717	-3.282	6.276	-9.512	-8.075	39	Cars
-3.799	-0.134	-0.412	4.910	4.432	3.960	7.468	6.135	6.139	20.728	2.540	-2.590	1.614	-4.166	0.343	4.141	1.696	0.457	1.785	5.216	1.436	-2.311	0.499	-16.275	-15.289	-15.126	-18.713	-10.199	39	ScrambledFaces
-5.889	-5.690	-10.548	-2.529	-0.712	-1.927	5.638	-0.348	5.664	2.582	-2.053	1.938	26.502	7.697	-2.507	-1.725	-6.502	-0.639	-0.153	0.353	1.549	3.014	-0.614	2.187	8.461	12.355	5.148	7.094	39	ScrambledCars
-6.944	0.781	-7.440	2.550	3.767	-2.270	-0.262	-4.606	-0.732	-0.715	15.167	5.820	3.477	0.506	-2.847	-2.696	-5.047	2.239	2.505	2.901	3.917	4.485	9.996	-0.414	3.064	4.287	3.333	6.152	39	Faces
8.704	10.718	4.956	5.741	4.207	2.639	5.751	-2.035	4.260	14.254	-1.515	-0.214	-6.000	-0.847	3.262	-1.732	-0.977	-1.088	-2.725	-6.590	-6.452	-1.241	-4.965	-6.143	-7.786	-9.656	-7.305	-2.691	39	ScrambledCars
-6.703	-6.839	-1.096	-3.905	-2.490	-4.998	-4.056	-5.664	-1.313	-4.287	-10.717	3.788	6.111	-0.147	-0.221	-3.010	5.086	4.980	6.939	-5.180	-0.741	10.803	5.719	6.987	14.572	17.386	13.551	11.355	39	ScrambledFaces
-22.996	0.841	-9.433	6.691	10.618	5.971	6.079	-0.712	4.596	15.105	-4.747	3.280	3.066	4.762	-5.681	1.125	-1.533	1.230	0.665	-1.068	4.395	-1.410	1.084	-4.628	3.577	7.373	0.359	-0.928	39	Cars
-4.744	-12.368	-9.001	-5.669	-2.904	2.475	11.113	5.837	13.586	22.879	28.170	9.752	8.945	0.144	-6.121	-11.917	-14.404	-7.179	-18.457	-13.707	-9.051	-6.236	-7.311	5.660	-0.566	2.212	7.412	19.715	39	Faces
-10.708	-9.326	-14.216	0.985	1.361	0.628	8.262	3.163	5.478	27.090	18.496	9.570	21.270	5.450	-4.317	-8.371	-9.220	-2.363	-4.983	2.309	-0.320	-0.226	-6.223	2.283	6.672	0.084	7.186	4.509	39	ScrambledCars
-11.455	-0.577	-1.878	-1.533	-5.626	-3.782	6.132	5.347	7.553	-0.375	7.798	9.961	2.242	-2.291	-3.142	-1.083	0.456	-1.638	-6.603	0.213	-3.078	-2.128	-3.843	1.331	-3.083	13.665	13.807	9.343	39	ScrambledFaces
-10.415	-10.487	-8.591	-8.842	-1.637	-3.926	1.999	3.696	4.057	4.305	0.428	9.411	8.279	3.725	-8.098	-8.274	-13.174	-4.213	-7.165	-7.835	-8.131	0.977	0.244	15.315	14.350	15.921	14.532	20.736	39	ScrambledCars
13.468	-7.790	7.450	-4.665	-1.958	-3.354	-1.088	-5.664	-0.487	3.312	11.007	-1.939	-13.230	-4.562	5.797	1.722	6.170	0.615	-0.931	0.281	-2.995	-2.288	-4.956	-8.832	-5.518	-6.411	-1.222	-1.170	39	Cars
0.895	2.853	-1.378	3.485	2.043	-1.638	2.078	-0.313	4.035	8.628	7.066	1.414	-7.610	2.342	1.091	-4.734	1.588	1.545	1.384	-2.768	-6.141	2.898	0.160	-4.507	-1.906	-8.300	-0.523	12.935	39	Cars
1.109	11.553	-0.001	7.505	3.260	3.610	5.252	4.592	5.084	3.996	1.139	2.106	-12.920	-6.980	2.017	0.514	4.627	-2.069	-2.281	-3.020	-2.693	-3.230	-13.929	-8.094	-3.224	-3.216	1.074	-0.633	39	Cars
-6.590	-3.253	-7.370	2.165	3.977	-0.898	3.799	1.238	3.512	9.538	-4.621	2.447	15.328	8.142	-1.218	0.465	-3.697	-0.534	0.561	1.534	4.012	1.513	-1.164	0.721	-4.718	-0.375	-0.496	0.231	39	Cars
-5.540	-10.045	-13.472	-11.984	-8.156	-7.926	3.727	3.095	4.815	4.058	30.556	9.694	-4.393	-9.173	-5.734	-9.177	-10.009	-0.476	-4.212	-10.989	-10.263	-1.859	8.501	4.122	9.996	12.092	10.750	9.936	39	Cars
-3.935	-0.421	2.937	-4.493	-3.003	0.285	-1.867	7.551	2.476	3.901	-1.037	-3.626	-0.390	-7.399	-4.003	-3.004	-4.756	-2.222	-5.015	-10.302	-7.698	-1.212	2.390	-2.167	0.029	10.474	7.497	9.587	39	ScrambledCars
-6.963	-6.811	-3.947	-3.829	-9.026	-2.819	-6.171	-1.912	0.323	27.923	11.408	5.320	-28.291	-17.044	-0.423	3.008	5.067	2.530	2.243	2.259	-2.203	3.787	-0.199	-1.440	9.653	9.173	-5.661	7.590	39	Faces
-10.618	-3.896	-8.874	-4.120	-0.035	-1.067	15.215	1.727	9.672	11.965	8.063	12.884	9.491	7.127	0.833	-0.377	3.564	1.861	0.328	4.088	2.927	-5.718	-4.532	0.576	-9.438	2.085	8.768	15.729	39	ScrambledCars
-1.643	-0.920	-1.051	-1.340	-0.347	-5.981	-5.514	-2.114	2.728	0.474	5.094	6.437	-4.080	-5.657	-0.686	-0.296	0.709	-0.837	0.331	0.622	-0.579	-0.872	-5.502	3.383	7.326	6.787	3.161	6.854	39	Faces
2.302	-2.751	0.804	-0.764	3.700	2.158	6.559	-1.206	0.125	6.476	7.610	7.372	-1.426	-2.755	-4.415	-7.050	-11.151	-4.844	-8.151	-2.660	1.101	-6.505	-4.685	-3.452	12.820	-3.377	1.338	2.536	39	Faces
-0.972	-7.929	-8.214	-4.357	0.403	-3.495	1.369	1.168	3.905	16.484	-0.984	-0.840	17.491	-7.284	-0.416	-5.836	-3.617	-0.769	-7.086	-1.891	-1.922	-2.204	-2.411	2.601	1.716	11.641	2.819	12.069	39	ScrambledCars
-4.203	5.514	-0.995	0.167	-3.122	-1.753	-11.249	-5.510	-3.439	2.902	3.723	-0.991	6.377	-2.093	2.713	4.369	7.426	2.852	4.499	5.752	0.647	4.551	0.873	-4.126	-12.810	-6.143	-2.614	6.979	39	ScrambledCars
3.260	7.897	1.074	3.675	-0.949	6.421	2.499	-2.650	-2.708	-14.070	0.258	-1.695	-19.438	-5.992	3.829	5.338	10.756	2.947	-0.551	0.573	-0.733	1.458	-0.756	-7.417	5.686	-4.751	-2.796	-14.573	39	Cars
-8.466	-4.340	-6.668	-1.283	-4.772	-3.276	-2.618	7.000	10.485	-2.995	8.347	4.876	-14.520	-9.829	-3.678	-0.965	1.685	-0.167	0.467	-7.003	-7.246	-1.968	-1.454	-2.258	8.578	11.313	4.826	15.249	39	ScrambledFaces
-9.224	0.333	-6.113	6.979	4.260	-1.647	6.507	3.750	7.934	-7.073	16.072	7.179	3.446	5.753	-3.104	-2.252	-1.282	-0.492	-0.825	2.006	5.755	0.020	-0.521	-3.336	-1.905	-5.574	4.103	11.055	39	Cars
-9.203	-6.420	-6.482	-10.662	-7.420	-2.696	6.096	5.368	7.627	21.621	9.142	4.245	9.359	6.960	-1.966	-8.127	0.013	-0.080	-3.242	-5.366	-7.321	-5.685	-4.969	7.710	1.655	9.580	9.335	8.611	39	ScrambledCars
-1.889	-5.907	-3.475	-9.380	-6.983	-13.990	-3.538	-10.643	-0.181	12.211	7.846	20.095	-0.080	-9.124	2.550	-4.364	3.646	4.360	2.578	-3.337	-7.427	2.228	2.481	8.409	2.527	7.133	14.170	10.513	39	Faces
5.028	-2.300	4.436	-1.629	-4.971	-0.516	5.796	4.881	10.289	-0.331	23.712	-1.542	-10.347	-8.494	1.508	-1.159	3.048	0.068	0.661	-2.501	-7.014	-4.955	-0.993	-4.218	-7.958	1.269	0.346	0.947	39	Cars
10.273	4.001	-6.182	-4.661	-10.061	-5.337	-2.619	-6.424	0.594	1.125	-41.906	6.784	2.410	-1.960	9.165	1.432	10.594	7.163	5.536	-2.943	-2.972	1.426	2.655	0.498	1.962	0.842	6.187	8.088	39	Faces
-13.711	-9.437	-4.350	-2.081	3.342	-6.204	5.284	-8.010	1.049	-6.921	0.251	6.101	18.929	18.258	-4.428	-2.777	-6.232	-0.502	2.400	7.476	13.680	7.957	0.237	16.872	7.535	12.969	19.963	14.032	39	ScrambledCars
-5.221	4.256	-5.156	-1.547	3.773	2.344	8.229	8.273	11.323	6.096	15.382	6.215	-2.905	-1.923	-1.916	-3.227	0.414	2.738	-0.428	-6.421	-4.838	1.087	5.554	-4.212	11.889	10.880	-0.455	14.520	39	Cars
0.570	3.915	-2.690	-1.656	2.212	2.466	11.962	6.460	9.465	14.870	14.819	4.390	-11.949	-14.166	-0.797	-1.615	-1.576	-3.279	-5.286	-7.928	-8.874	-12.126	-9.193	-7.292	-5.499	-0.748	-10.273	2.480	39	Cars
10.683	-6.310	3.046	-4.474	-6.667	0.086	5.284	9.257	5.477	4.660	1.898	-2.705	-5.522	-4.178	1.555	-2.325	-1.429	-3.456	-5.348	-5.616	-4.652	-6.909	-7.779	-0.678	-1.507	2.073	1.721	-4.561	39	ScrambledFaces
-2.578	-2.093	-3.250	-4.580	-2.556	-3.979	6.470	2.545	4.241	4.903	-6.061	2.224	1.349	-2.954	-1.079	-3.745	-2.195	0.474	-1.849	-3.438	-2.380	-2.816	3.857	5.151	-3.289	3.117	2.591	6.563	39	Cars
0.089	2.717	0.897	-0.921	2.697	3.781	11.659	11.160	13.309	2.988	-8.142	7.538	-3.245	0.029	-2.449	-3.174	-4.127	-5.701	-8.343	-1.286	-3.016	-9.433	-13.182	-9.981	0.451	-0.910	6.226	8.109	39	ScrambledCars
12.962	4.830	10.663	1.445	-2.560	3.056	0.214	1.376	2.562	-5.242	-11.442	-1.827	2.588	-7.773	0.691	-3.493	-4.000	-5.215	-8.837	-6.527	-12.634	-6.608	-8.701	-6.584	-1.816	4.328	1.846	5.125	39	ScrambledFaces
-5.332	2.256	-7.556	-0.018	-2.034	-2.674	2.630	-6.176	-3.854	-25.085	-6.489	2.619	21.544	13.453	-0.989	0.200	-0.970	1.828	5.544	4.272	9.008	7.196	5.609	9.438	3.167	4.096	4.733	-3.112	39	Faces
-10.120	-6.334	-4.131	-4.514	-4.615	-10.203	-3.162	-8.149	-4.055	29.399	5.995	6.073	7.601	6.174	-1.718	-6.758	-3.441	1.585	4.659	2.367	7.685	4.252	-0.858	4.378	1.950	14.376	12.113	8.688	39	ScrambledFaces
-0.797	9.037	3.410	-3.134	5.290	5.037	4.702	3.553	5.729	-15.887	7.223	5.748	-12.482	-2.428	-1.899	5.159	-0.083	-0.706	3.841	0.076	2.828	-3.312	0.574	-8.017	4.484	6.411	-4.176	5.370	39	Faces
-3.912	-4.304	-1.275	5.339	3.770	5.019	14.727	8.183	13.073	1.926	0.847	7.276	11.702	7.586	-2.639	-0.809	-5.323	-4.756	-10.023	-2.842	-3.052	-6.506	-8.630	1.150	-3.561	4.580	3.284	9.880	39	Cars
9.143	-0.513	5.568	0.678	-1.661	-4.060	-5.090	-0.716	5.007	-9.372	1.198	0.360	-6.537	-4.333	-0.044	-1.477	-4.574	-2.398	-3.168	-1.187	-8.676	-1.451	-0.493	2.885	3.698	6.231	7.075	2.678	39	Faces
-9.276	-13.604	-13.080	-11.291	0.430	-3.786	10.025	-2.600	7.655	13.139	11.050	12.972	14.227	3.241	-6.350	-14.618	-15.699	-5.368	-11.690	-14.520	-7.496	0.270	-6.116	12.265	3.227	20.305	29.080	28.491	39	ScrambledCars
-4.088	-7.440	6.685	1.591	-0.977	-1.789	2.882	4.565	4.078	8.352	9.812	6.331	4.501	2.672	-5.849	-7.974	-9.078	-4.498	-4.832	-3.815	-4.091	-2.450	-1.382	-1.545	-1.724	4.765	4.912	3.404	39	Cars
-9.416	-3.301	3.821	-3.765	-1.111	-4.016	-5.220	-3.887	4.507	-4.839	18.257	8.040	7.322	1.846	-8.414	-8.687	-12.166	-5.355	-6.446	-5.595	-2.277	-2.388	-2.558	7.846	9.677	10.639	20.842	18.340	39	ScrambledFaces
-1.757	-8.329	-6.424	-6.370	-1.420	-1.389	7.072	3.722	8.049	20.725	10.612	3.597	4.404	-3.739	-3.300	-8.696	-8.676	-3.534	-12.637	-8.482	-8.813	-5.270	-3.381	4.059	4.353	1.764	4.253	12.509	39	ScrambledFaces
-3.987	-6.498	-2.254	-4.391	-1.194	-2.955	6.133	5.163	7.041	12.136	12.774	12.350	2.596	-13.049	-5.798	-13.218	-10.544	-4.547	-11.699	-11.667	-10.380	-10.222	-3.010	3.264	1.987	11.991	13.665	13.984	39	ScrambledCars
1.402	4.948	3.818	4.402	5.348	4.473	0.501	2.080	6.085	-7.026	-7.547	3.432	-0.806	-0.205	1.896	7.870	2.525	-1.154	1.482	0.062	2.397	1.137	-6.065	-7.270	-5.187	-2.459	2.289	-3.983	39	Cars
-11.797	-8.439	-8.204	-7.222	-3.668	-7.780	1.521	-1.504	2.156	-6.115	2.475	7.838	-4.215	3.118	-6.593	-5.045	-8.547	-2.233	-2.300	-3.603	-2.155	1.975	1.441	13.792	11.089	11.318	19.659	14.078	39	ScrambledFaces
4.954	-8.644	-1.179	-1.744	-2.171	-4.706	6.999	-3.094	4.894	2.168	-8.681	3.817	5.108	2.695	2.595	-1.146	-0.935	2.246	-1.315	-1.610	-2.857	-1.949	4.105	10.480	3.395	3.219	7.677	2.715	39	Faces
2.597	-1.698	6.378	-7.480	-3.199	-4.870	-7.577	-0.338	11.014	3.201	20.327	6.446	-12.332	-10.631	-0.280	-9.355	2.685	1.946	-3.204	-12.317	-12.221	-5.875	4.151	-1.185	3.766	13.098	11.306	8.870	39	ScrambledCars
1.229	-7.357	-1.228	-1.498	-0.984	0.346	3.781	-0.502	1.868	12.404	7.785	8.086	6.804	0.074	-2.159	-13.677	-7.130	-1.896	-4.714	-14.882	-8.266	-7.664	-1.878	4.576	-1.305	7.016	9.681	5.835	39	Cars
5.775	-4.814	1.999	-2.723	6.422	-2.982	-7.008	1.334	4.217	-8.500	5.589	0.150	-18.943	-13.988	1.260	3.552	2.886	-1.492	-2.953	0.037	-2.473	4.080	-4.119	-4.350	2.007	8.539	1.710	6.668	39	ScrambledFaces
-8.140	-11.293	-9.686	-11.856	-6.765	-9.652	0.429	-1.555	2.265	2.923	15.598	25.125	-16.115	-3.866	-7.684	-6.693	-15.629	-6.991	-14.360	-3.760	-5.444	-12.864	-6.644	9.557	8.350	22.177	31.386	31.721	39	Faces
2.679	2.514	-0.536	-0.275	-1.364	-1.516	-3.896	-5.998	-0.832	21.239	2.711	-4.221	-11.871	-3.491	6.009	4.172	8.360	5.151	6.901	3.991	-0.017	2.448	0.630	0.924	-3.354	-3.889	-3.736	-3.766	39	Faces
1.534	-0.861	14.498	-1.394	-0.336	0.399	-0.274	5.283	7.930	4.716	2.243	7.988	-10.531	-14.409	-5.107	-10.009	-4.265	-6.203	-11.194	-11.893	-15.861	-10.272	-7.217	-2.185	-0.093	5.857	-2.253	11.710	39	Cars
-3.379	1.516	-9.781	-7.567	-6.034	-2.755	1.579	-0.133	-1.655	1.811	-18.856	-3.998	-2.861	-6.881	3.356	2.224	7.958	5.065	4.448	-2.938	-9.336	4.333	3.737	3.146	0.528	4.470	6.069	5.250	39	ScrambledCars
-7.671	-15.096	-5.832	-9.988	-3.034	-0.958	7.841	6.559	13.833	-3.590	24.534	15.029	-0.689	-9.115	-8.662	-17.469	-8.496	-5.664	-10.030	-15.005	-10.981	-7.890	-5.980	3.751	8.595	10.624	13.215	16.153	39	Faces
0.856	10.481	0.136	6.247	2.264	-2.307	-1.754	-1.353	2.683	-21.284	-2.266	-5.829	-18.891	-1.359	4.435	5.703	12.553	4.711	9.049	6.021	4.751	8.652	0.898	3.106	2.180	6.643	2.295	-1.441	39	ScrambledFaces
1.559	5.747	-1.072	1.662	3.122	2.043	0.016	-0.961	4.142	0.728	2.551	1.323	-3.565	3.110	-0.633	0.113	-6.248	-1.289	2.588	3.867	0.953	-1.096	0.727	3.943	-3.516	1.735	3.926	0.107	39	ScrambledCars
2.467	2.470	3.791	-1.486	-1.716	2.149	5.659	-0.903	3.168	7.474	-4.394	2.371	-6.718	-1.026	4.172	3.479	7.128	2.907	3.115	-2.781	2.689	-0.897	-0.920	0.623	-3.546	0.028	-2.853	-3.889	39	Cars
1.062	2.901	3.422	1.372	5.144	3.339	8.588	7.466	8.124	6.601	-0.051	3.987	-10.488	-9.328	0.286	1.423	1.944	-0.406	-3.241	2.420	1.020	-7.747	-2.718	-11.928	-0.869	-5.330	-3.505	3.248	39	ScrambledCars
-2.506	-5.285	2.406	0.517	-4.811	2.060	-2.028	6.691	6.188	13.192	13.877	-0.380	-3.644	-4.018	-5.647	-10.553	-7.980	-4.677	-6.350	-9.577	-13.263	-3.004	-4.421	-2.047	4.741	6.577	6.672	6.991	39	ScrambledFaces
8.774	1.726	11.371	3.502	-5.187	-2.082	-1.061	-9.570	-6.577	3.676	-15.064	-1.935	-3.828	-4.884	5.132	-0.246	8.104	4.293	-0.201	-0.904	-4.820	-2.379	4.734	-9.015	-2.975	-4.428	-5.830	2.294	39	Faces
-0.198	-0.969	5.579	-4.834	-4.176	-1.014	11.366	-1.014	4.898	-10.434	10.932	13.122	1.080	-1.359	-6.785	-9.101	-14.172	-8.029	-10.772	-8.871	-4.722	-0.766	-5.258	6.867	2.817	13.461	11.990	7.336	39	ScrambledFaces
7.645	-5.318	10.405	-8.853	-12.487	0.403	-4.785	4.276	7.558	25.300	9.427	9.126	-7.527	-15.295	-4.841	-19.377	-9.812	-6.456	-3.624	-21.969	-20.264	-11.480	-9.040	-4.770	0.429	3.947	1.158	7.251	39	Faces
-8.211	-6.203	-0.214	0.374	-0.502	-3.683	2.409	1.772	5.557	18.507	8.897	13.961	10.502	-3.973	-3.715	-2.092	-6.080	-3.362	-7.812	-2.854	0.038	-9.742	-6.504	0.484	-1.106	5.645	6.859	17.693	39	Faces
-6.614	-3.532	-7.429	-4.314	-3.771	-3.521	5.937	5.002	16.131	5.914	24.326	18.165	-7.326	-2.638	-3.136	-13.692	-1.132	-2.262	-12.158	-14.765	-9.314	-2.459	-6.702	0.111	0.890	14.432	17.773	15.407	39	Cars
5.852	3.098	7.906	0.031	0.493	7.240	2.751	5.828	12.457	2.526	5.232	6.346	-25.728	-10.045	-1.483	-5.890	-2.770	-2.342	-5.937	-11.019	-10.841	-6.202	-1.534	-2.921	3.627	3.520	6.482	7.708	39	ScrambledCars
1.375	-1.504	-0.678	-0.848	-0.725	3.601	5.458	11.191	9.920	-2.498	18.120	6.811	17.002	-1.677	-5.824	-7.828	-12.352	-9.393	-12.669	-5.987	-5.674	-7.286	-14.011	-6.908	3.690	-2.455	8.403	12.977	39	ScrambledCars
-6.979	-6.883	-3.875	-3.958	-4.341	-6.667	3.511	8.363	5.310	-2.399	12.933	6.936	-10.126	-8.941	-4.015	-3.584	-0.418	-3.002	-7.715	-7.841	-8.305	-10.841	-6.275	-0.938	2.637	8.802	8.924	13.098	39	ScrambledFaces
-8.405	0.949	-9.009	-5.334	-1.015	-7.155	1.898	-2.844	1.957	9.834	-13.995	3.321	-1.173	4.495	1.954	2.383	4.805	5.930	9.191	4.230	7.348	4.885	5.787	7.692	2.985	-1.877	6.834	10.233	39	ScrambledCars
2.197	-6.341	-5.237	-5.091	-3.410	-2.978	3.313	5.586	7.551	14.579	9.048	8.648	6.831	-2.281	-2.756	-9.654	-8.592	-4.594	-5.587	-8.604	-4.643	-11.299	-8.968	-7.796	-0.491	9.332	5.448	14.519	39	ScrambledFaces
-10.619	-6.555	0.441	-0.138	-3.994	-5.710	4.629	-1.428	3.549	6.262	9.737	10.242	6.876	-4.958	-4.551	-4.327	-2.129	-1.524	-2.410	-5.894	-8.588	2.944	-4.123	2.860	8.815	16.822	6.989	12.509	39	ScrambledFaces
-0.171	-7.660	6.091	-3.180	1.605	2.369	4.224	7.191	5.798	-1.577	12.684	10.769	0.786	-9.644	-2.933	-10.154	-1.371	-1.497	-4.804	-7.748	-8.065	-2.523	2.277	1.694	-5.407	5.998	3.303	7.225	39	ScrambledFaces
-3.123	-6.342	-6.749	-3.154	-2.886	-3.420	-4.865	-9.754	-4.181	3.564	9.594	7.722	6.144	-2.275	-1.213	-4.045	-1.609	-1.361	-3.521	-6.017	-5.304	-3.510	-6.354	1.535	4.488	1.643	2.889	13.026	39	Cars
-8.119	-4.402	-9.432	-7.566	-1.449	-0.195	9.469	2.215	8.733	12.646	0.505	3.218	37.775	0.983	-6.354	-10.050	-15.436	-4.050	-7.346	-7.055	1.832	-6.582	-0.445	2.108	1.905	11.679	10.280	10.045	39	ScrambledCars
-7.570	-8.038	-0.017	-3.737	-4.111	3.805	4.594	15.493	11.723	21.607	16.200	9.678	-4.571	-11.505	-6.631	-9.852	-7.776	-2.929	-10.516	-11.882	-16.285	-9.610	-0.804	-0.506	11.504	13.475	16.890	14.050	39	ScrambledFaces
1.146	-7.077	-6.958	-1.746	-6.972	-1.762	1.482	12.004	6.855	-2.820	-0.222	1.003	-17.378	-6.130	-1.078	0.524	-1.138	-0.586	-7.014	-5.491	-6.552	-2.601	3.952	0.105	1.541	4.903	4.194	15.127	39	ScrambledFaces
-5.760	0.083	-7.263	-0.883	-1.709	-1.040	7.230	-3.102	2.033	5.202	-0.381	4.893	2.643	-0.218	2.320	2.711	6.434	5.680	2.905	2.485	-0.046	2.423	6.135	-0.758	4.706	-3.761	0.240	-9.686	39	Faces
3.128	-6.352	-3.136	-2.576	-2.936	7.189	4.013	2.989	5.432	6.586	11.720	8.617	-7.976	-7.768	-1.831	-12.073	-4.632	-4.850	-9.242	-14.895	-14.563	-5.695	-12.569	3.517	4.237	12.421	15.515	8.414	39	Faces
-8.074	0.234	2.581	-9.436	-6.190	-4.842	-4.967	-4.097	-2.980	-2.404	6.912	11.890	-3.745	1.358	-6.168	-10.318	-6.707	-2.213	-7.298	-6.617	-5.523	-3.534	1.875	9.969	9.365	21.443	19.680	21.833	39	Faces
14.991	0.719	-0.460	1.063	3.086	4.293	-4.755	-0.163	11.265	-1.531	-7.164	0.635	2.578	-7.775	4.690	-3.569	1.164	1.214	-2.100	-3.183	-5.383	-2.479	-1.133	-7.388	4.799	-0.018	3.649	1.520	39	Cars
0.442	1.466	5.652	-3.472	-4.944	-6.730	-0.334	6.869	4.158	-13.189	10.050	-0.423	-16.878	-12.936	-0.059	3.996	6.357	-0.461	8.787	2.232	-2.939	-0.953	-3.747	-3.094	-4.772	0.966	-4.036	6.595	39	Cars
5.636	-0.019	1.387	-2.812	-2.837	1.502	0.524	2.757	0.571	3.818	6.097	-0.189	-9.651	-7.294	-1.778	-1.831	-7.575	-3.345	-0.238	2.130	-5.793	-1.575	-1.043	0.189	-0.620	7.381	-0.732	8.269	39	ScrambledFaces
-5.808	-9.404	-4.493	-6.006	-5.118	-6.717	5.186	8.547	13.989	5.059	5.806	9.633	-17.675	-8.043	-6.012	-4.546	-8.499	-1.677	-3.137	-8.333	-6.931	-3.870	5.631	2.355	7.849	15.317	9.189	15.232	39	ScrambledCars
6.955	7.246	2.160	4.870	-3.828	-0.540	-1.746	4.086	-0.364	-11.441	-6.721	-7.013	-14.534	-10.820	3.720	7.702	5.411	2.422	3.407	3.182	-1.051	-0.073	3.500	-1.871	0.848	-2.437	0.241	-3.285	39	ScrambledCars
-3.712	-0.321	-3.113	-7.605	-2.094	-2.086	-4.903	-5.877	4.717	-5.897	-4.156	-1.771	-1.936	-7.502	-0.916	-0.605	2.256	-0.413	2.509	1.174	-0.762	1.109	-3.634	3.198	2.418	3.943	0.692	-0.699	39	Cars
-8.482	-6.368	-9.527	0.105	-1.040	-3.781	2.594	3.540	14.206	7.223	10.228	0.570	1.877	6.960	0.152	-3.541	3.343	2.657	1.807	-3.533	-0.056	5.237	1.197	6.504	-3.239	-0.889	9.639	2.892	39	ScrambledCars
-6.025	2.431	4.575	1.632	-2.605	0.297	-8.061	3.770	11.202	-12.041	17.429	1.475	-8.241	-2.470	-4.801	-1.103	0.702	-3.813	-0.408	-1.222	-2.508	-1.603	-4.511	-5.212	-4.539	3.167	-8.047	3.078	39	ScrambledFaces
-8.524	-9.504	-8.209	0.660	3.766	2.424	8.221	7.436	5.207	14.316	6.453	14.606	15.119	-0.316	-7.318	-11.457	-14.640	-4.831	-5.862	-10.666	-3.908	-1.864	-3.709	11.686	8.937	14.833	12.079	9.500	39	ScrambledCars
9.143	1.760	3.939	-2.094	-4.399	-1.654	0.259	-3.710	2.328	20.770	13.725	12.916	-8.187	-6.719	0.254	-8.114	-7.670	-2.575	-8.710	-9.891	-6.382	-10.242	-4.407	-4.683	2.463	8.888	7.132	18.579	39	Faces
-13.923	-12.728	-11.933	-7.962	0.864	-5.473	8.152	3.925	13.004	19.462	10.602	14.213	3.509	-4.216	-6.808	-10.719	-11.834	-4.550	-6.731	-6.132	-8.561	-2.522	-7.066	10.642	1.791	21.081	24.988	14.155	39	ScrambledFaces
-11.134	-3.314	4.572	3.243	4.672	6.597	-4.685	-0.610	-12.373	-12.664	11.147	1.776	-8.630	-14.367	-6.432	1.576	-1.781	0.094	0.772	-1.655	-7.464	-0.945	9.441	-5.458	3.651	5.457	0.131	5.803	39	Faces
-6.858	-6.054	-2.643	-0.172	-0.874	1.488	-2.630	-5.822	10.671	-15.439	1.711	5.564	6.693	4.203	-0.231	2.432	5.459	2.511	5.702	2.474	3.359	3.813	0.821	3.169	4.154	0.808	5.625	5.936	39	Faces
-7.424	-0.217	5.281	-2.687	-0.715	-2.999	2.959	8.452	22.301	9.395	29.446	-1.691	-10.959	-11.908	-6.179	-5.078	-2.488	-1.746	-0.476	-3.113	-6.395	-6.029	3.242	-13.762	-2.359	-10.710	-10.895	-1.255	39	Cars
5.711	-1.203	3.271	-2.524	-0.230	-1.495	6.819	6.776	11.823	3.304	-2.100	10.066	3.536	0.434	-2.730	-8.393	-8.757	-5.853	-4.149	-8.607	-4.568	-4.452	-9.751	0.666	2.659	5.658	3.698	11.529	39	Cars
4.462	6.607	8.569	2.088	3.781	5.063	1.583	3.944	4.691	-0.796	7.314	0.539	-16.427	-11.198	-1.440	-2.766	0.583	-3.776	-4.002	-4.578	-7.126	-8.208	-8.183	-11.671	0.360	-4.633	-9.591	-8.672	39	Cars
-4.180	2.130	9.828	5.362	0.760	3.513	2.274	-0.561	7.345	-8.704	-3.367	4.072	-1.004	-4.891	-3.392	-1.351	-0.626	-0.318	-0.980	1.345	0.180	1.995	6.356	-0.426	-1.200	-0.447	-5.495	-5.148	39	Faces
-0.617	2.002	-10.796	-1.659	-4.155	-3.337	6.282	3.148	2.943	2.415	0.905	4.466	1.473	-2.479	-0.140	-4.682	-0.782	-0.332	-3.659	-5.117	-7.696	0.389	-3.370	-1.244	4.835	-0.301	2.280	7.233	39	ScrambledCars
3.511	-2.734	-2.543	-6.844	-3.784	-1.831	1.120	8.845	11.405	-20.400	-15.927	4.470	-4.982	-5.833	0.507	-12.102	7.374	2.701	-3.278	-9.039	-11.500	-1.454	2.366	6.152	13.566	4.490	14.808	10.064	39	ScrambledCars
-13.889	-6.058	-10.280	-2.947	-2.250	-5.218	7.083	3.688	7.260	14.536	4.249	9.550	6.992	2.755	-6.820	-4.163	-11.475	-4.048	-9.868	-4.564	-3.688	-1.467	-3.397	6.570	8.503	12.720	15.555	13.553	39	ScrambledFaces
-13.572	-8.637	-7.971	-8.590	0.838	-7.927	4.767	-0.095	-5.439	24.596	7.034	6.344	10.576	1.347	-2.137	5.872	-3.310	2.257	1.953	-0.011	1.444	2.099	3.348	11.599	11.093	13.376	5.385	1.657	39	ScrambledCars
-1.141	-5.790	3.511	1.621	1.801	2.314	8.218	9.931	5.290	11.900	14.846	15.300	-3.848	-6.010	-5.494	-12.619	-8.513	-5.197	-8.340	-13.066	-8.715	-5.798	-5.600	-3.113	1.163	9.872	4.193	12.653	39	ScrambledFaces
-1.355	-0.890	-6.114	-1.187	-3.655	-1.935	-3.038	-4.160	-6.942	-5.405	12.508	-5.350	1.438	-5.051	2.184	3.756	5.079	1.853	2.647	-2.427	-3.454	-2.510	-2.004	4.924	-0.832	6.228	1.052	8.136	39	ScrambledFaces
-0.269	-0.495	4.777	-2.384	2.300	3.419	3.978	12.669	20.497	10.286	16.193	11.463	-12.230	-10.249	-6.295	-4.285	-8.858	-7.437	-8.605	-8.134	-7.370	-5.944	-7.177	-16.984	-1.656	-7.594	-9.353	2.839	39	ScrambledFaces
1.044	7.350	-0.408	4.344	7.717	1.939	9.124	0.918	8.813	-5.818	-2.280	4.506	-2.415	-0.596	0.956	2.780	-1.713	-2.418	-4.108	0.536	-0.088	-8.047	-7.521	-2.312	-7.571	-0.800	6.910	12.725	39	ScrambledCars
-17.811	-13.820	-14.815	-9.304	-9.567	-6.654	9.279	1.218	14.929	15.060	0.728	14.018	6.073	3.759	-7.546	-7.800	-9.804	-3.151	-8.115	-7.037	0.149	-3.018	-1.611	8.102	2.284	14.605	14.103	12.655	39	ScrambledCars
5.272	-1.980	7.891	-1.587	-10.304	-7.003	-7.815	-2.398	-4.423	0.038	-5.883	-1.532	-8.942	-9.123	1.373	2.441	0.825	1.644	0.824	0.325	-7.918	-3.632	4.923	2.467	4.278	9.210	9.059	9.237	39	ScrambledFaces
2.345	-0.174	-3.635	-1.838	3.510	3.937	2.763	9.301	10.773	-4.867	-0.612	1.717	-0.693	-3.037	-2.548	-5.799	-5.765	-3.027	0.028	-6.932	-10.445	-0.641	-3.086	4.755	3.680	7.454	4.016	5.407	39	Cars
-12.093	-4.599	0.977	-2.198	4.841	-0.995	5.408	0.586	2.096	11.283	25.184	6.076	5.301	1.018	-4.695	-9.206	-1.350	0.007	-3.807	-6.420	-3.997	0.165	1.307	2.656	2.059	6.367	4.708	2.879	39	Faces
0.023	-9.310	-6.037	-0.357	-6.956	-10.625	-2.357	5.802	-0.110	-3.553	15.397	4.740	-10.317	-8.079	-0.925	-4.863	1.722	2.035	-1.318	-4.191	-7.546	3.382	7.892	-3.028	0.377	2.998	0.157	12.713	39	Faces
-7.648	-0.460	-2.403	-3.662	4.286	-4.140	6.395	1.990	10.603	7.150	-1.318	3.753	-4.327	-3.066	-6.278	-7.772	-8.744	-3.612	-7.536	-3.529	-0.585	-3.053	0.770	-5.317	-0.752	8.828	-0.215	7.202	39	Cars
-0.836	-4.781	1.536	-2.564	0.078	5.493	4.091	9.552	8.676	8.480	19.181	10.250	-8.484	-5.841	-5.180	-9.466	-7.247	-6.457	-9.064	-10.392	-9.282	-2.229	-9.773	-1.892	3.345	10.065	4.710	13.712	39	ScrambledFaces
-13.649	-6.532	-2.891	-9.359	-8.872	-4.327	-0.202	3.049	4.172	-9.382	10.051	14.842	-8.637	-5.433	-12.697	-8.932	-14.093	-10.856	-13.169	-13.729	-13.463	-8.185	-11.326	4.568	7.996	25.590	10.105	25.792	39	ScrambledCars
-5.378	1.860	-5.141	1.953	-4.254	-6.436	-0.124	-1.795	-5.349	-7.609	10.463	4.729	-9.072	-7.159	-4.469	-5.404	-5.665	-2.252	-3.979	-3.962	-4.301	-0.997	-1.561	1.502	9.808	8.149	13.291	13.665	39	ScrambledCars
2.652	-2.162	-3.637	-0.956	1.758	0.159	3.872	4.324	6.785	12.534	3.789	1.270	-11.716	-3.111	0.413	-6.917	-0.899	0.695	0.006	-1.480	-1.636	-2.102	-0.274	-2.921	1.405	10.762	3.345	-3.108	39	ScrambledCars
0.497	-11.281	0.508	-5.673	5.889	1.705	4.873	2.805	9.563	7.063	7.889	11.922	-10.741	-12.071	-4.403	-6.812	-7.898	-4.111	-7.841	-13.472	-12.846	-6.180	-2.883	0.285	5.473	9.630	1.939	15.466	39	Faces
7.559	-7.968	-10.434	4.716	-8.785	-8.606	-4.594	-3.587	2.585	-6.394	2.458	1.307	4.538	-0.973	3.956	-5.428	3.109	1.386	1.274	-2.757	1.164	-1.540	-3.811	4.746	-2.014	9.869	4.442	4.575	39	ScrambledFaces
3.220	-0.977	-1.342	-4.914	-7.839	-9.501	-15.516	-9.341	-8.626	9.664	-13.406	-3.648	-7.023	-7.719	2.077	0.132	0.058	1.142	2.549	2.171	-0.529	0.686	0.435	4.176	-0.019	7.692	6.206	3.029	39	Faces
-16.381	-4.051	-4.469	-11.938	-12.502	-15.859	-2.157	-8.216	-14.257	12.849	5.252	9.275	13.200	8.851	-2.893	-2.287	-0.448	3.334	9.438	3.338	7.495	5.812	3.226	12.787	6.452	24.005	16.077	19.699	39	ScrambledCars
-0.027	3.127	-3.182	-3.889	-6.354	-6.738	-7.629	-9.908	-9.047	13.573	-8.855	-1.037	-1.669	-0.941	5.826	5.285	8.259	7.052	-1.504	5.711	-1.445	5.183	8.620	2.977	3.247	1.891	5.904	1.977	39	ScrambledCars
-7.908	-4.369	-8.640	-10.088	-4.723	-6.573	-0.635	4.148	6.486	0.608	4.346	5.840	1.499	-7.462	-3.604	-7.000	-1.314	-0.151	1.278	-7.199	-8.469	4.821	-1.746	10.194	13.698	12.699	12.637	8.231	39	ScrambledFaces
-15.348	-2.927	-6.426	-4.629	-3.588	-3.800	0.905	6.555	10.610	-8.438	17.187	6.814	-7.887	0.487	-8.508	-6.543	-7.162	-2.540	-1.047	0.285	0.586	1.891	2.595	8.516	6.275	14.335	16.925	18.947	39	ScrambledFaces
-3.923	0.970	4.060	5.536	-0.149	5.667	6.913	4.025	10.446	3.514	8.319	-0.718	4.183	4.333	-2.151	1.846	-2.785	-4.652	-3.062	3.614	0.852	-7.441	-10.131	2.287	-8.401	-3.660	-2.293	4.550	39	ScrambledCars
-4.896	1.758	-6.802	-1.210	1.314	-3.381	9.662	1.454	16.486	6.883	7.464	6.313	14.049	3.589	-3.962	-6.173	-10.162	-3.656	-5.184	-5.122	-1.865	-5.375	-2.380	-0.760	-5.492	-2.361	1.517	-0.211	39	Cars
-15.407	-8.531	-12.094	-10.568	-9.147	-11.335	3.236	-4.617	6.043	17.755	22.326	21.986	5.120	-4.835	-3.026	-7.130	-0.177	1.034	-4.283	-7.747	-15.984	-6.540	-6.915	7.358	12.409	21.111	25.634	30.245	39	ScrambledCars
-14.034	-4.354	-14.437	-2.202	-3.367	-1.674	0.375	-4.709	5.690	20.106	26.233	4.112	31.472	7.455	-6.399	-7.380	-14.558	-5.224	-8.946	0.656	3.548	-4.330	-6.027	17.496	-1.699	6.492	7.386	6.963	39	ScrambledFaces
1.898	-2.929	-1.655	-0.895	-0.400	0.163	0.502	4.832	6.036	12.613	8.809	5.972	-7.633	-9.729	-2.485	-6.652	-4.280	-3.847	-3.753	-6.284	-8.441	-8.336	-9.706	-12.794	4.069	9.804	0.294	9.397	39	ScrambledCars
-6.686	-10.162	-5.389	-7.904	3.058	-0.694	8.192	5.268	13.754	4.986	18.583	13.576	17.351	2.025	-5.483	-9.099	-8.589	-7.254	-5.651	-3.012	1.416	-7.640	-15.883	2.367	-1.902	5.962	9.440	14.633	39	Cars
-12.130	-1.763	-4.714	-2.451	-0.097	-1.821	8.473	-5.061	-1.684	12.270	16.867	12.102	22.971	6.059	-1.036	-4.595	-0.104	2.518	2.757	-2.461	1.159	3.890	1.138	4.333	-3.298	1.328	10.707	0.559	39	ScrambledFaces
3.141	-2.879	-0.026	-6.329	-2.636	2.410	-1.833	4.849	2.174	0.182	-4.419	0.715	-14.155	-1.790	-0.312	-7.303	4.760	0.096	-6.033	-8.676	-8.253	-7.322	-1.481	-7.176	5.647	0.059	-5.057	5.851	39	ScrambledCars
-9.876	-4.516	-14.491	-6.862	-2.392	-11.239	3.631	-4.673	7.115	4.419	20.049	8.515	-3.842	-3.481	0.919	1.591	4.567	5.193	4.937	5.947	3.950	4.072	4.071	6.649	6.781	7.457	9.408	7.503	39	ScrambledCars
5.881	-3.653	-2.039	1.523	2.435	-0.899	5.780	-2.032	-5.317	2.250	3.780	0.162	-3.162	-0.359	1.907	0.281	-1.132	0.223	-0.864	3.082	-0.112	0.082	0.891	-1.673	-2.538	0.859	-6.182	-0.630	39	Cars
4.767	-7.406	-0.275	-4.422	-3.558	-7.389	0.026	2.498	5.519	-2.406	10.791	4.744	-13.990	-3.755	2.860	-7.151	9.392	4.038	4.328	-6.958	-6.586	1.293	3.660	4.559	-0.756	-3.075	-5.685	-4.122	39	Faces
-4.118	-1.983	0.380	-1.734	7.504	2.077	13.839	7.161	3.639	21.808	-4.708	14.422	26.770	5.330	-6.376	-9.307	-19.722	-10.616	-15.607	-6.414	4.875	-14.344	-19.024	6.325	4.134	15.199	23.373	16.959	39	ScrambledFaces
3.135	7.143	3.513	9.832	2.447	2.547	5.648	-3.348	8.418	7.082	7.774	1.557	-13.860	2.880	1.750	4.554	-2.227	-2.254	-2.446	7.208	2.190	-6.756	-7.747	5.941	-4.303	-2.979	0.641	1.965	39	ScrambledFaces
-5.524	-3.209	-7.137	-2.405	-0.695	2.608	12.296	11.205	10.497	20.177	11.102	4.443	-15.603	-8.185	-4.366	-11.328	-6.411	-1.675	-1.311	-13.448	-9.184	-6.249	-1.421	2.060	1.490	9.137	6.236	3.226	39	ScrambledCars
-0.205	4.356	-6.802	-1.506	-2.575	-10.191	-5.669	-8.365	-9.419	-7.826	-12.955	2.486	4.769	0.290	2.545	-2.802	3.702	2.116	3.222	-3.668	1.661	2.956	-3.294	1.538	2.053	6.655	12.322	12.289	39	ScrambledFaces
-18.788	1.228	-12.237	-0.826	-0.132	-6.494	4.340	-8.465	-5.148	10.084	26.562	6.892	19.308	8.575	1.072	-1.724	9.059	8.507	9.199	2.516	6.005	5.276	7.874	6.682	-3.256	-6.836	5.309	4.365	39	Cars
-1.059	3.594	-12.253	-0.186	-2.663	-2.860	10.103	-0.596	2.894	-2.109	-1.992	-2.597	4.896	12.653	3.988	7.779	3.804	1.931	3.030	7.898	7.210	6.551	-4.661	-2.701	1.088	8.836	2.786	-1.301	39	ScrambledCars
20.182	7.937	11.672	5.886	0.841	9.708	-2.339	10.026	16.385	-6.174	6.183	3.329	-29.739	-17.407	0.056	-2.017	-0.730	-6.130	-9.392	-11.372	-18.962	-14.081	-8.276	-27.074	-1.115	-6.183	-28.774	0.703	39	Faces
-3.752	-6.993	-11.160	-12.690	-5.012	-6.116	6.130	7.405	12.312	9.069	6.472	13.151	-0.389	1.015	-3.491	-12.781	-6.608	0.280	-5.326	-4.636	-10.773	-4.313	4.563	2.881	7.434	12.166	18.396	16.145	39	ScrambledFaces
-6.191	7.484	-1.181	4.574	-2.222	5.670	0.370	7.167	5.103	7.386	3.437	3.402	-7.346	-6.953	1.386	2.740	8.851	3.296	3.817	-1.240	-6.711	-4.262	-1.853	-3.741	1.295	2.543	1.768	-1.284	39	ScrambledCars
13.834	4.708	11.398	2.291	-1.570	3.606	-3.271	6.320	6.070	-5.984	10.615	3.817	1.139	-9.817	-0.779	-3.351	-4.676	-5.204	-7.235	-10.513	-10.535	-13.100	-5.972	-13.630	-0.736	-3.695	-8.729	3.449	39	ScrambledFaces
-10.519	-10.363	-12.328	-6.046	-11.202	-11.082	-1.607	-5.582	-3.486	-1.939	0.482	4.743	27.967	-3.421	-1.176	-0.194	-0.668	1.706	0.466	-0.114	-1.393	5.941	0.912	12.017	6.086	14.115	16.898	11.393	39	ScrambledCars
-1.046	3.863	9.111	3.525	7.579	7.181	3.334	-2.709	-2.574	-1.647	-14.433	-2.206	-7.093	-5.489	2.270	4.081	8.465	3.112	3.450	5.127	-0.185	1.637	2.415	-5.451	-3.233	0.514	-5.986	-10.312	39	Faces
7.985	-3.839	0.504	-5.832	-7.064	-8.511	-0.112	0.719	-3.812	4.980	27.717	5.119	3.997	-9.019	-1.807	-12.340	-7.153	-5.862	-9.146	-15.640	-13.566	-11.825	-11.956	0.220	1.769	11.641	6.770	8.305	39	ScrambledCars
-10.308	-4.336	-2.766	-1.017	8.374	-1.007	11.384	3.571	0.213	25.764	-10.612	2.441	-30.884	5.573	0.883	0.006	7.211	4.010	3.258	0.190	-2.824	3.458	-0.251	3.649	2.089	9.719	2.928	-2.951	39	Faces
6.937	2.565	-2.452	-1.537	6.320	1.213	8.824	-2.155	-2.455	19.999	-8.245	4.350	8.543	2.054	2.334	-9.477	-5.932	0.304	-5.886	-3.220	0.692	-0.661	0.901	6.440	-1.943	2.369	4.992	0.404	39	Faces
9.180	0.731	0.022	-4.729	-8.092	0.272	-6.855	4.491	2.045	-11.126	0.656	-5.090	-14.153	-10.290	2.237	0.133	6.869	0.991	-1.600	-8.839	-12.849	-5.351	-2.227	-2.859	13.381	13.129	-3.869	6.623	39	ScrambledFaces
-11.881	-3.856	0.160	-9.772	-2.316	-0.242	7.526	5.260	20.690	4.129	-7.351	10.779	-1.283	-13.431	-0.617	-5.332	11.660	3.046	2.574	-8.073	-14.963	-4.120	-4.684	-3.189	-0.219	11.278	10.866	10.636	39	Faces
-1.079	-4.254	2.430	-3.118	-3.227	-3.637	-8.185	-6.244	4.696	28.359	10.370	-7.176	-9.890	-11.077	1.602	-0.626	2.228	0.577	-2.162	-1.016	-5.044	-1.018	-3.718	4.595	-3.176	4.821	1.053	9.996	39	ScrambledCars
2.685	2.022	3.011	1.125	-3.985	1.156	0.143	5.202	-1.230	1.162	-8.878	4.244	-7.783	-8.485	-1.924	-5.388	-2.748	-2.921	-3.483	-8.967	-10.225	-5.817	-5.771	-1.365	6.037	4.786	5.198	7.598	39	ScrambledFaces
0.973	-1.828	-2.334	-1.944	0.754	-5.720	-1.427	-8.135	17.466	-0.264	27.777	-2.375	13.217	5.922	0.882	-0.117	-2.949	1.124	0.497	2.023	-2.711	1.648	3.496	1.218	-3.082	0.386	4.561	4.039	39	Faces
-4.628	-3.445	-8.730	-3.527	0.421	-8.340	0.904	0.411	-5.262	12.462	-9.717	5.465	-12.463	5.423	0.622	-2.730	1.410	1.528	2.302	-7.521	-1.550	3.961	-2.714	7.065	3.610	12.844	8.231	8.671	39	ScrambledFaces
3.498	1.710	2.018	0.249	-2.063	-0.537	2.082	2.361	3.051	-0.022	0.832	11.761	5.388	-4.244	5.786	8.524	10.600	2.648	2.011	4.315	-3.086	-6.878	-5.855	-5.264	-5.573	-2.537	-1.805	3.714	39	Faces
-9.551	-5.101	-12.738	1.974	2.261	-1.741	6.020	-3.310	-6.109	10.738	-20.186	-2.353	11.658	2.892	-0.445	4.386	-2.862	0.109	-2.330	6.298	4.242	-0.661	-1.708	6.980	-2.861	1.144	3.318	13.153	39	Cars
-5.211	-9.356	0.336	-7.917	-9.595	-6.429	-4.837	-3.051	8.392	6.508	7.098	13.679	6.826	-6.912	-3.677	-10.739	1.465	-1.362	-5.582	-8.715	-9.113	-2.382	-4.744	-7.023	7.334	4.058	-0.731	11.838	39	Faces
9.229	0.000	0.037	-4.458	-3.151	-5.543	0.499	3.455	24.746	1.588	-3.128	1.510	-10.957	-8.341	1.377	-4.265	-0.752	-3.407	-2.721	-4.615	-3.055	-7.754	-12.152	-2.015	2.299	2.577	4.217	10.099	39	ScrambledFaces
-10.404	-11.759	-6.669	-6.357	-4.953	-5.014	2.518	1.801	11.416	10.475	18.598	8.371	-7.722	0.531	-6.169	-14.059	-5.677	-2.345	-5.051	-14.226	-9.675	-1.776	-3.559	7.458	8.239	16.294	17.424	11.781	39	ScrambledFaces
-1.795	3.105	-18.572	-0.861	2.056	-4.633	5.438	-3.557	-3.044	-9.424	16.414	0.052	5.988	0.104	3.052	6.415	1.135	0.825	1.375	3.679	1.698	2.748	-4.381	5.633	-3.794	4.832	3.246	4.839	39	Faces
2.181	-1.393	0.093	-7.406	-4.496	-1.159	-1.599	7.524	27.547	0.589	10.254	10.341	-13.062	-21.534	-4.123	-4.252	-5.124	-1.459	-9.054	-8.979	-18.429	-10.829	8.414	-9.580	1.873	3.948	-6.854	8.337	39	Faces
-7.697	4.096	4.753	-0.148	0.033	-0.256	6.469	2.567	-0.041	25.042	8.167	17.301	1.594	-0.280	-4.321	-5.716	-6.853	-4.349	-7.451	-4.355	-8.933	-8.580	-7.240	1.629	-4.616	-4.039	0.859	3.639	39	Faces
-3.960	-7.574	-3.276	-10.103	-1.821	-0.737	10.692	6.062	6.688	0.832	-4.374	0.845	-2.480	-4.544	-2.819	-7.305	-2.050	-1.662	-2.854	-3.904	-5.603	0.875	-2.154	9.934	4.214	2.639	9.170	3.679	39	ScrambledCars
1.478	4.343	0.239	-3.813	-5.870	-2.987	-8.232	-4.320	-2.849	7.453	-4.931	1.967	-1.824	-6.419	0.133	-1.249	1.239	0.367	1.421	-4.540	-5.551	-3.119	-1.303	-4.395	4.192	4.995	-8.739	-0.441	39	Faces
4.539	-7.813	-2.599	-1.853	0.033	-1.606	6.062	0.332	20.511	-3.399	2.007	8.018	3.506	-1.778	-1.029	-7.132	-5.076	-1.162	-3.919	-6.501	-7.191	-2.372	1.253	5.141	3.012	8.080	3.025	2.735	39	Faces
-17.239	-11.176	-16.588	-0.353	0.631	-5.257	7.119	-0.427	11.269	7.027	-2.150	8.502	3.476	0.434	-1.791	2.188	1.524	3.298	4.337	4.999	3.459	8.411	1.229	10.017	6.566	10.127	14.461	12.496	39	ScrambledFaces
-22.146	-12.992	-7.870	-2.958	-1.117	-5.777	2.142	3.803	17.726	14.195	23.705	16.088	2.477	-0.710	-6.925	-5.303	0.190	-0.638	-4.544	-5.422	-5.954	-2.707	-2.660	-0.630	2.405	3.616	7.582	8.026	39	Cars
5.678	-0.836	-0.210	0.029	-3.829	-1.030	3.112	1.668	6.485	7.454	-1.472	1.126	-12.697	-3.407	0.705	-7.788	-0.004	0.153	-3.549	-1.669	-10.950	-4.128	-0.166	5.874	3.562	-0.665	-1.397	4.308	39	Cars
4.230	-12.081	-2.127	-3.357	-4.278	-3.818	0.700	-7.253	-3.868	3.322	-4.808	5.488	-5.134	1.291	4.366	-5.274	6.144	6.024	1.740	-7.282	-3.361	0.609	6.809	10.488	4.660	15.645	11.133	13.847	39	Faces
-9.045	-11.704	-16.732	-9.854	-0.073	-5.387	14.845	4.766	10.230	36.384	16.744	15.955	13.108	4.636	-2.166	-9.113	-9.030	-2.437	-7.752	0.227	0.625	-4.489	-7.807	11.590	-3.676	9.304	12.911	14.420	39	Cars
2.023	0.726	2.382	-1.588	-3.881	-1.298	-1.329	2.916	-0.581	0.131	3.925	4.364	-8.584	-4.700	-1.770	-4.949	-3.062	-4.031	-5.711	-5.677	-2.690	-2.497	-6.055	4.014	-2.696	2.250	2.539	5.223	39	Faces
0.610	-3.742	-6.713	1.915	-2.426	-2.364	1.784	7.094	7.280	30.422	12.326	3.715	-2.678	-2.398	3.342	-0.596	2.046	2.269	4.487	-2.012	-1.125	-3.291	-4.447	1.052	-2.353	1.866	3.518	-1.346	39	Cars
-10.906	-2.859	-13.950	-8.491	-7.477	-13.480	1.300	-5.600	-4.673	10.982	8.077	11.111	2.567	3.603	-2.021	-5.737	-1.850	1.450	-0.267	-5.412	-1.401	-0.646	-3.326	14.325	16.231	14.407	17.236	10.848	39	Faces
0.841	-3.201	-4.415	-3.233	-3.614	1.576	-0.061	3.618	6.221	2.705	-2.571	6.405	-17.906	-10.733	1.128	-0.884	3.543	1.505	1.480	-6.153	-7.930	-2.878	-0.256	1.863	1.342	6.044	4.317	6.448	39	Cars
-1.255	-0.698	-10.836	-8.365	-5.002	-4.561	3.513	2.123	7.495	1.355	2.897	-1.166	-2.931	-6.663	1.597	-3.457	4.298	3.550	-1.842	-7.290	-8.403	2.204	3.127	5.757	9.438	5.534	7.545	6.038	39	Cars
-22.519	-3.777	-0.668	-0.891	9.550	3.786	8.977	10.876	13.971	12.520	14.050	7.307	3.402	3.794	-10.996	-8.774	-7.782	-5.025	-9.455	-3.852	1.387	-8.505	-3.090	-2.652	-1.786	1.314	3.996	13.947	39	ScrambledFaces
-2.655	-4.175	4.467	-1.265	-5.952	-5.822	-10.743	1.003	6.558	-11.818	-9.065	-4.441	-24.383	-13.520	-4.238	2.292	-0.100	-1.688	-1.535	2.697	0.328	-3.080	3.315	-7.193	5.689	9.724	-2.726	3.105	39	ScrambledFaces
-3.737	-6.017	-1.713	-7.660	-7.852	-9.791	-4.929	-5.580	-1.440	1.650	11.499	11.112	-7.360	-5.662	0.931	-1.901	6.143	3.529	4.545	-1.639	-6.084	-0.019	1.863	1.981	2.637	6.168	8.031	4.876	39	Faces
1.128	-4.554	-7.229	-8.087	-12.879	-3.460	0.360	-4.330	1.032	2.088	24.992	14.919	-13.910	-12.368	0.909	-7.562	4.094	4.284	-0.425	-18.272	-11.797	-4.531	7.658	1.458	3.836	1.476	0.440	6.105	39	Faces
4.875	-3.500	-0.902	-10.977	-15.289	-14.628	-22.723	-14.779	-19.853	-7.659	18.494	-7.220	-23.697	-18.799	2.431	-3.540	9.191	8.237	4.298	-7.812	-11.962	3.579	17.647	1.530	14.970	10.198	0.375	8.564	39	Faces
-7.907	4.170	-10.069	1.231	-7.114	-5.623	-3.976	0.553	3.758	10.427	20.485	-3.070	10.124	-12.155	2.156	-2.073	10.203	4.747	4.580	-11.321	-9.307	1.296	-1.855	-1.213	0.529	-1.620	-1.059	2.673	39	Faces
-0.900	-6.390	2.348	-4.168	-8.315	2.167	-2.330	1.739	-1.115	4.610	9.311	3.960	-18.203	-8.411	-5.419	-8.798	-4.806	-5.297	-8.254	-8.808	-10.515	-7.984	-8.107	-5.379	9.842	9.431	2.896	11.020	39	ScrambledCars
-3.157	2.396	4.915	-1.417	-0.373	0.009	-1.823	7.502	19.890	22.212	26.236	10.649	-8.021	-2.230	-7.157	-11.669	-10.129	-9.520	-9.692	-12.038	-12.213	-12.281	-16.235	-12.491	-5.828	0.050	-5.334	1.987	39	Faces
-1.685	1.102	-1.323	5.274	0.173	3.193	1.020	1.075	-1.781	-10.001	-1.650	-0.577	0.580	5.140	-0.423	5.253	-0.522	0.607	2.515	7.670	9.357	4.473	3.091	-2.413	2.882	4.740	0.962	0.941	39	ScrambledCars
-4.866	-2.590	-3.952	-2.546	0.455	-1.885	5.923	-2.123	-2.221	12.792	6.698	0.815	15.919	12.518	1.587	0.882	-0.506	1.995	1.814	3.877	6.439	6.858	1.088	6.265	-3.933	1.122	9.229	-2.719	39	Faces
3.278	-2.178	4.377	0.076	0.269	-5.813	-0.124	-6.191	4.600	-2.404	18.455	1.740	-1.163	-1.877	3.545	2.332	6.854	1.541	2.213	3.073	-0.697	-4.728	-4.391	-8.602	-6.655	-1.417	0.290	0.656	39	Faces
-13.439	7.119	-6.861	2.483	6.079	1.670	2.028	2.177	-0.190	2.855	-5.626	7.734	0.068	10.204	-0.183	4.825	4.933	2.652	3.671	9.295	12.682	-1.606	-0.633	-5.425	-4.525	2.740	5.754	-3.687	39	Faces
-19.592	-2.133	0.090	-6.361	-0.963	0.713	10.214	9.760	28.429	2.330	16.243	9.970	4.587	-8.513	-11.953	-10.772	-10.970	-7.142	-4.816	-8.514	-12.220	-5.306	-5.646	1.173	-4.075	10.836	11.194	14.817	39	ScrambledFaces
1.910	1.299	2.585	6.524	3.894	2.994	3.425	7.139	3.325	-7.816	17.039	3.768	-1.082	-3.668	-1.158	-1.981	-2.315	-1.399	-4.848	-1.968	0.382	-4.845	0.272	-2.456	-0.290	5.018	6.251	3.879	39	Cars
0.329	-5.892	-5.938	-2.246	2.778	0.271	20.204	10.376	19.128	41.684	6.490	-0.720	-12.813	1.675	1.499	-6.702	-2.055	0.729	-2.774	-3.434	-1.581	-0.213	-5.001	-2.030	3.055	-0.955	4.703	2.641	39	Cars
-7.343	-9.493	-14.066	-7.430	1.871	-4.603	5.693	7.006	21.501	18.084	20.731	12.237	-16.900	-8.682	-5.680	-15.617	-7.644	-3.439	-8.014	-13.109	-12.152	-0.918	-5.099	3.380	4.872	13.049	10.354	10.057	39	ScrambledCars
-10.642	2.171	0.544	-0.943	-2.390	-2.953	0.615	0.449	5.427	-0.710	14.459	6.295	-7.139	-4.119	-6.736	0.943	-7.564	-5.286	-5.151	-0.559	-3.868	-4.471	-4.014	-2.904	-3.167	12.812	1.748	12.809	39	ScrambledCars
-12.904	-4.875	-1.405	2.066	8.488	6.449	11.540	10.857	8.044	8.831	-11.919	14.240	16.274	5.976	-8.534	-4.818	-13.543	-5.541	-5.008	-2.637	-5.044	0.800	-2.665	3.757	3.843	9.083	8.454	10.306	39	ScrambledCars
4.007	3.513	3.074	3.986	-7.805	-1.989	-10.153	-2.025	1.544	-11.021	10.050	-1.775	-28.601	-17.776	-2.236	3.229	-2.473	-1.928	-0.649	-0.031	-3.262	0.314	1.752	-4.128	9.233	7.007	-2.551	2.036	39	Cars
0.906	-2.632	-1.357	0.082	1.176	-2.112	0.028	-0.742	12.161	12.854	0.827	-1.378	7.335	0.577	-2.100	-7.336	-9.456	-3.977	-2.153	-2.776	0.149	-2.775	-6.774	6.085	-1.962	9.497	9.678	10.831	39	ScrambledCars
2.070	4.511	2.624	0.345	5.951	9.286	12.795	10.138	15.005	12.047	3.502	10.011	7.375	-1.579	-3.246	-8.089	-11.888	-6.268	-9.241	-5.647	-5.969	-8.152	-8.984	1.290	-1.804	3.896	12.838	7.088	39	ScrambledFaces
-8.662	-7.131	-12.443	-6.401	-8.926	-7.781	9.554	5.126	9.593	19.936	20.387	14.648	-3.984	-6.718	-3.061	-4.316	-2.350	-0.696	-5.424	-10.772	-6.101	-9.139	-3.985	-8.537	3.613	9.342	1.278	14.448	39	Cars
-10.621	4.784	-2.068	-2.468	6.163	1.992	1.752	2.259	13.661	27.041	0.059	2.340	-4.277	-1.878	1.265	3.021	9.649	2.867	2.980	-1.122	0.924	-5.303	-4.749	-10.840	-7.926	-8.172	-15.248	-2.238	39	Cars
-1.037	-2.879	-2.314	-6.286	-6.225	-4.051	5.310	3.012	6.569	13.351	13.861	5.051	-6.041	-4.004	-3.214	-3.442	-9.081	-4.268	-5.764	-2.605	-5.707	-8.728	-5.549	0.097	0.174	8.985	9.746	18.097	39	ScrambledFaces
-15.300	-2.204	3.300	7.277	5.522	5.699	8.870	9.915	8.267	3.622	12.815	4.594	-6.294	0.555	-6.226	-4.966	-0.330	-1.136	-1.593	-5.215	-1.198	-2.159	0.554	4.586	-1.747	4.577	1.522	7.750	39	Cars
-2.228	-4.947	-4.605	-4.707	0.605	-6.960	-6.748	-1.457	-8.109	-6.839	21.743	-2.337	-0.915	-7.915	-1.415	-4.403	2.243	0.523	2.248	-2.812	-9.455	1.935	-1.310	-7.401	5.077	9.996	4.283	11.178	39	ScrambledFaces
-7.561	-8.159	-0.202	-0.523	-3.927	0.652	-1.617	7.521	2.917	-6.037	-9.658	10.398	-1.487	-0.040	-9.256	-8.882	-14.534	-8.788	-10.009	-8.640	-4.344	-1.963	-8.609	14.450	10.197	20.269	23.560	19.744	39	ScrambledFaces
0.878	2.440	4.801	-3.389	-1.451	7.273	19.405	20.239	13.541	28.015	22.474	11.704	-13.301	-16.063	-3.298	-4.580	-2.963	-2.203	-9.986	-13.829	-17.168	-11.490	0.677	-23.179	-0.641	-8.968	-16.942	0.427	39	Cars
2.693	-2.441	-8.689	-1.682	1.708	-4.460	4.210	-3.802	-6.523	6.872	-13.882	-0.421	11.270	3.624	5.110	5.164	2.106	2.294	4.998	7.707	10.987	1.287	-5.225	4.291	1.628	7.005	7.925	1.049	39	Cars
-0.984	-6.110	-3.646	1.169	-3.688	-2.083	-1.974	4.215	22.601	13.275	18.184	5.813	-5.862	-2.634	-2.918	-3.247	-6.141	-2.313	-0.810	-1.195	-3.000	-5.469	-0.210	-2.185	-4.861	-0.024	-6.687	5.791	39	Faces
5.284	-15.980	0.534	-9.421	-7.884	-4.265	2.446	-4.193	10.622	9.619	36.461	12.147	10.056	-4.727	-6.101	-19.666	-19.445	-6.898	-13.420	-18.338	-10.813	-7.079	-4.124	7.370	9.120	20.883	29.189	17.821	39	Cars
-15.495	-9.202	-19.293	-8.247	-3.609	-6.099	12.529	3.255	1.961	30.434	21.632	19.118	-0.444	-3.724	-6.252	-11.938	-13.062	-2.645	-4.757	-12.243	-5.812	-4.532	-7.998	16.938	14.634	24.424	31.508	24.426	39	Cars
-5.051	-7.047	-5.295	-5.587	4.056	-2.792	8.301	5.548	-3.433	7.826	8.338	12.856	4.229	3.954	-8.111	-10.608	-18.715	-7.922	-13.047	-4.003	-1.707	-4.386	-4.942	10.207	6.263	13.935	16.521	20.479	39	Cars
-9.718	-6.912	-3.804	-6.351	-6.602	-5.524	8.662	5.040	23.215	19.368	62.156	2.220	8.031	-0.807	-5.611	-6.564	-5.733	-3.643	-3.899	-6.184	-4.138	-6.313	-7.994	-4.638	3.662	7.882	1.204	5.061	39	ScrambledCars
9.408	-12.124	-4.943	-6.177	-2.389	-1.798	2.829	-1.453	3.567	9.322	15.890	7.341	5.923	-5.158	2.164	-7.775	-2.813	0.778	-2.175	-8.262	-5.272	-1.152	0.296	-0.744	3.827	4.505	5.235	8.274	39	ScrambledFaces
-1.023	-3.225	-9.989	-6.547	-3.857	-6.604	-4.157	-5.630	7.328	-9.365	-3.396	-0.636	-13.597	-0.138	-5.181	-3.768	-10.783	-4.171	-4.890	0.295	-3.804	-3.114	-1.588	0.385	13.533	13.895	7.132	13.188	39	ScrambledCars
2.151	-4.015	2.458	-4.754	-0.121	-5.433	-8.499	-4.673	13.430	-3.687	-0.853	9.072	-2.457	-7.079	0.826	-7.377	3.328	1.522	3.257	-6.929	-3.686	0.307	-1.923	8.045	6.277	10.889	11.463	10.063	39	Cars
13.169	4.172	-1.990	-0.407	-3.127	-0.178	2.166	0.881	20.630	-8.210	3.235	4.736	-3.308	-9.527	1.980	-4.754	-3.312	-2.292	-3.231	-2.805	-2.384	-8.239	-4.436	-0.461	-1.417	3.021	-0.778	5.714	39	Cars
-3.099	-3.893	-12.616	-2.569	-6.827	-12.478	-7.168	-19.192	-15.528	-17.840	-10.235	-10.369	7.378	8.243	6.144	4.264	11.589	11.475	15.403	4.394	7.678	18.174	15.030	15.043	11.342	9.955	10.048	-1.260	39	Faces
-12.533	-5.760	-6.249	-8.381	-0.108	-8.262	7.687	4.153	15.565	6.429	7.954	10.209	0.354	0.341	-4.578	-11.066	0.179	0.748	0.548	-7.832	-5.795	-2.831	-1.658	0.238	7.730	9.077	11.664	14.350	39	ScrambledFaces
-3.700	-0.087	-2.278	-2.519	-1.801	-4.292	-4.329	-6.863	-10.988	7.164	21.298	1.234	-4.600	-2.791	-1.974	-4.812	-3.705	0.258	1.271	-6.735	-5.622	0.271	3.328	2.427	-2.384	-1.289	3.442	5.393	39	Faces
-8.782	-6.243	1.322	-6.385	2.243	-2.832	13.455	0.770	4.882	20.201	10.550	23.148	-2.205	0.832	-2.382	-3.295	-1.975	-3.537	-8.251	-0.559	-5.294	-5.667	-12.109	-2.551	-4.220	4.861	10.280	18.190	39	ScrambledFaces
-22.765	-6.426	-16.117	-5.805	-5.682	-7.193	5.433	3.417	1.179	9.337	13.651	10.512	-16.750	-3.417	-5.405	4.906	-0.591	0.631	4.643	7.130	2.527	0.836	-2.060	8.401	7.437	10.258	13.754	22.161	39	ScrambledCars
-5.362	1.745	-5.870	-0.107	-0.444	-3.118	-6.078	-10.377	2.717	-8.576	10.999	2.273	6.907	-6.704	0.399	-1.969	3.506	0.705	-0.182	-3.958	0.698	0.047	-4.565	1.606	-2.231	7.746	8.911	13.146	39	ScrambledCars
-2.811	2.086	3.797	-2.862	-9.475	-3.714	3.221	-0.146	7.352	-0.784	2.926	8.991	-0.723	-5.036	-2.443	-5.852	-0.442	-1.006	-1.728	-11.214	-4.329	-5.677	-3.425	-0.944	6.333	5.857	7.276	14.886	39	Faces
0.012	10.751	-2.101	10.521	6.930	1.939	1.298	4.908	12.368	2.809	-1.227	-2.901	12.830	7.313	1.953	5.727	-0.674	2.529	0.264	10.964	6.011	-2.719	8.406	-8.648	-12.380	-3.296	-7.681	-2.153	39	Faces
-15.853	-7.094	-6.354	-4.507	-2.547	-1.464	10.492	10.651	18.412	14.986	-9.146	16.691	-6.367	-5.312	-5.160	-9.502	-0.102	-1.182	0.185	-7.413	-4.911	1.187	-9.264	14.431	13.064	18.838	19.443	18.545	39	Cars
0.584	-4.822	-0.382	-3.145	1.201	-0.608	0.745	4.182	8.633	-2.555	14.742	2.155	-5.795	-3.272	-5.980	-8.903	-10.611	-7.635	-9.201	-7.876	-6.108	-4.022	-9.001	2.915	4.524	6.793	3.767	15.775	39	ScrambledCars
3.939	-6.959	-10.171	0.439	0.757	-0.314	7.618	3.458	6.267	15.276	-9.692	1.864	6.359	-7.711	3.476	-0.988	-0.461	1.280	-2.617	-0.551	-7.983	-3.791	-4.961	0.037	5.315	9.724	13.002	4.592	39	Cars
-13.032	-5.212	-3.355	-11.670	-7.062	-11.129	5.451	4.619	6.278	14.856	23.866	14.833	6.307	-8.263	-5.294	-11.160	-3.490	-2.278	-6.421	-12.773	-12.034	-5.871	-5.905	6.257	2.246	6.482	20.462	16.811	39	Cars
-5.197	1.422	-0.118	1.063	2.854	6.395	8.362	10.211	7.664	6.843	13.534	7.773	3.573	-2.548	-2.150	-3.326	0.385	-0.928	-4.279	-3.554	-2.223	-5.435	-1.816	-10.519	-4.729	0.481	-1.272	1.912	39	ScrambledFaces
1.990	-0.504	-7.664	-1.967	-1.023	-0.038	1.206	5.362	-1.062	7.936	7.915	2.967	-5.445	-1.981	-1.303	-8.103	-4.441	-2.542	-6.448	-9.089	-2.638	-3.092	-4.292	-2.146	0.539	0.478	3.095	6.476	39	Cars
-25.746	-1.049	6.904	-5.782	0.893	-1.540	5.761	8.119	11.369	18.322	16.407	6.883	-1.849	-5.237	-7.369	4.376	2.725	-3.914	-5.388	-0.629	-4.844	-4.990	-12.111	-0.249	-1.059	18.341	7.138	7.675	39	ScrambledFaces
-17.943	-10.324	-12.244	-3.275	-0.262	1.186	12.064	11.453	17.758	13.093	-3.468	12.047	19.671	7.578	-9.245	-4.700	-15.321	-6.370	-10.384	-0.693	2.398	2.309	-7.030	16.030	13.695	20.436	22.225	13.319	39	Cars
-10.705	-10.345	-6.759	-6.692	-6.213	-5.040	4.395	0.013	10.740	11.065	44.942	7.531	-12.863	2.200	-4.535	-7.796	-1.343	-1.308	-4.153	-3.571	-4.432	-4.081	-2.939	0.691	0.611	7.544	4.812	7.749	39	ScrambledFaces
-5.520	-7.937	-10.065	-2.268	-7.323	-1.143	6.137	8.481	11.771	12.199	7.202	8.186	11.786	-1.288	-4.153	-8.892	-6.772	-4.811	-6.198	-6.540	-4.499	-6.720	-11.442	-1.746	1.606	13.636	9.208	13.472	39	Cars
-8.938	-9.085	2.443	-2.005	3.634	2.566	2.238	-1.032	7.671	0.422	3.723	5.128	4.784	-4.062	-6.264	-9.331	-5.026	-2.574	0.421	-5.815	-0.333	1.125	-1.500	5.319	4.475	8.265	3.915	6.794	39	Faces
-7.301	-3.722	-2.420	-8.448	-0.421	-3.576	2.175	-3.389	1.548	4.083	-4.177	3.003	-5.626	7.567	-3.049	-4.750	-2.131	1.464	-1.694	-6.575	-3.534	1.547	5.517	1.466	9.246	11.621	8.555	9.902	39	ScrambledCars
-23.203	-6.341	-10.087	-7.425	-2.050	-7.216	13.410	-4.048	7.978	15.666	32.521	13.370	20.378	7.915	-6.332	-5.559	-4.021	-1.221	-6.230	-0.866	4.261	-3.195	-4.241	6.256	0.172	4.116	10.417	15.450	39	Faces
-6.950	-6.659	-0.163	-11.633	-4.026	-4.724	3.434	-2.368	1.078	-1.139	35.111	-0.582	12.238	5.409	-3.817	-5.054	-5.356	-2.045	-1.715	-4.711	-2.413	4.356	-1.326	5.715	1.478	15.453	17.253	15.657	39	Cars
-18.611	3.328	-4.576	4.084	6.928	-3.070	4.735	-0.137	18.243	6.594	9.171	18.022	2.722	5.686	-6.421	0.993	-4.709	-3.896	-8.662	5.866	2.889	-6.359	-7.421	-0.679	-0.226	-3.918	2.978	15.102	39	Faces
-10.131	-0.041	-7.372	-1.881	-1.668	-4.891	-3.935	-4.396	-7.378	0.823	12.343	4.483	4.303	-3.948	-3.074	-4.149	-1.848	1.712	4.513	-0.718	0.818	8.469	4.393	5.631	6.079	6.050	8.383	1.806	39	Faces
-7.275	-3.205	-2.564	-1.839	-3.728	-0.651	2.026	-5.170	4.944	-0.081	8.935	-0.027	-1.739	2.112	0.951	0.236	4.490	2.773	3.932	1.625	1.402	-1.184	0.441	10.336	-3.708	0.140	13.378	1.924	39	Cars
-15.491	-13.207	-8.858	-12.422	-2.972	-7.481	6.030	-0.140	16.283	4.146	-2.839	9.667	37.016	4.815	-3.058	-6.012	0.367	2.576	-0.629	-1.859	2.095	1.999	2.758	5.499	4.783	13.840	16.491	14.240	39	ScrambledFaces
-1.459	-10.036	-5.647	-6.850	-2.623	-4.984	3.995	9.657	8.776	15.747	10.533	8.771	-7.331	-13.013	-4.175	-10.845	-6.543	-3.416	-9.098	-7.866	-8.068	-8.432	-3.643	0.982	4.652	5.281	5.808	16.411	39	Faces
-11.848	2.626	-10.790	7.991	8.720	7.302	6.135	-6.633	-6.515	2.373	11.129	-2.973	11.110	6.780	-0.620	-3.603	0.450	3.396	0.845	1.328	4.422	5.277	4.344	1.515	-3.841	1.786	9.383	8.771	39	Faces
2.658	-8.976	8.629	-7.754	-6.557	0.231	5.361	5.367	6.345	16.539	15.336	19.140	-9.334	-4.423	-7.010	-15.295	-13.882	-10.657	-14.402	-14.925	-16.943	-15.375	-18.094	0.627	6.667	14.328	15.709	19.615	39	ScrambledFaces
7.571	-8.546	9.344	1.444	-2.199	-6.533	-2.186	1.626	1.534	8.603	-1.181	-0.948	-4.649	-7.252	1.617	0.190	0.727	-1.073	0.699	1.154	6.308	2.398	-3.815	-2.329	0.591	9.289	-1.813	3.591	39	ScrambledFaces
-6.894	0.489	-3.068	-2.926	0.714	2.152	-7.559	2.593	-3.096	1.312	1.843	-3.240	8.981	10.892	-0.619	7.373	1.082	-0.684	0.237	10.695	7.603	1.351	-3.294	1.206	0.738	-2.083	2.921	-2.332	39	ScrambledCars
6.693	2.237	-5.759	-1.093	-0.392	-2.149	-1.004	0.740	-1.364	-5.762	8.130	-0.702	-6.510	-3.502	3.687	-2.515	4.770	2.528	0.614	-4.638	-6.530	-3.975	-1.601	1.178	6.606	6.269	6.761	1.994	39	Cars
12.576	6.219	10.509	5.760	8.665	13.431	15.935	17.543	21.957	8.890	10.796	14.331	-0.217	-8.910	-6.607	-13.865	-22.321	-12.458	-15.335	-12.798	-1.965	-11.706	-12.212	-1.195	0.534	13.750	3.545	20.324	39	ScrambledFaces
-13.880	0.324	-9.635	2.851	-1.330	0.510	8.476	10.148	6.736	12.228	7.579	5.733	-2.762	-3.543	-1.734	-0.287	4.251	2.340	4.846	-1.132	-1.614	-2.144	-1.130	0.863	-2.168	2.983	1.680	12.188	39	Cars
-12.600	2.534	-9.724	-0.203	-0.918	0.346	0.924	-5.545	5.064	15.395	0.921	0.602	-0.405	10.595	2.364	2.318	7.966	6.914	4.864	-0.144	-4.073	3.185	5.180	0.931	-1.284	2.532	8.153	6.593	39	Faces
-0.264	-14.133	-21.091	-8.222	-2.762	-13.292	9.915	-9.380	2.278	12.401	4.115	3.688	14.891	6.974	2.773	-2.520	-5.958	2.622	-0.978	4.163	8.912	4.762	0.577	12.698	9.300	16.062	20.267	5.319	39	ScrambledCars
-11.397	-12.982	-10.013	-8.561	-5.125	-12.755	3.513	-3.070	14.198	2.957	19.161	13.296	19.658	5.985	-2.416	-1.039	-2.700	-0.053	3.635	-1.459	-0.735	4.161	-2.997	13.882	2.240	2.717	12.379	12.021	39	Faces
-17.485	-6.485	-5.876	-3.845	4.273	2.959	-0.127	6.694	5.605	10.962	0.237	7.356	-1.502	-1.657	-7.534	-8.586	-3.952	-1.438	0.991	-0.503	-0.674	0.810	-1.206	8.214	6.509	15.177	8.878	15.896	39	ScrambledFaces
2.153	-10.729	-4.850	-4.554	-1.334	-1.275	6.727	3.254	-0.269	9.715	0.283	2.353	2.151	-0.460	-4.695	-5.589	-14.362	-6.948	-13.192	-4.005	0.926	-3.491	-5.051	1.324	5.877	1.577	3.516	-0.267	39	Cars
-5.454	1.785	-1.685	0.033	-1.187	2.057	-15.924	-6.414	-7.228	-7.369	11.177	3.414	-8.302	-0.749	-0.812	1.462	4.504	1.599	4.059	2.629	-1.793	3.231	1.429	0.828	1.839	3.730	0.403	6.550	39	Cars
-15.345	-13.518	-9.940	-10.023	-4.175	-8.209	7.339	0.837	12.134	-0.305	-1.718	6.833	-3.963	1.482	-2.653	-4.605	3.742	2.453	0.518	-2.209	-1.326	2.214	1.335	9.257	2.896	11.586	19.921	11.085	39	Cars
-5.075	1.428	-3.491	1.102	-1.390	-5.342	1.062	2.232	7.653	12.748	-5.785	-1.843	-8.805	-2.873	4.809	2.348	16.065	4.108	2.303	0.844	-5.534	1.089	-10.738	0.855	5.166	10.062	1.107	8.824	39	ScrambledFaces
-20.487	-11.137	2.874	-5.013	-0.878	-7.271	10.518	-7.098	-4.351	-1.752	-0.649	2.299	12.093	5.210	-4.765	-2.393	2.440	2.830	4.893	-7.884	-1.272	1.305	3.805	11.591	5.473	3.335	15.852	10.903	39	Faces
-6.605	-6.937	-7.416	-8.831	-2.830	-5.074	9.411	0.456	1.407	9.252	3.545	9.040	10.901	0.908	-1.137	-6.159	-2.027	1.282	2.156	-0.792	5.137	5.561	0.239	6.148	2.845	10.736	13.845	13.449	39	Cars
-10.557	-0.665	-10.372	-0.091	2.447	-0.319	4.590	4.709	-5.108	6.682	-9.434	7.577	-4.450	-3.553	-1.692	-5.921	1.215	2.337	-1.999	-7.184	-4.246	0.874	1.630	5.149	5.007	11.170	15.863	19.491	39	ScrambledCars
