FP1	F3	F7	FC3	C3	C5	P3	P7	PO7	PO3	O1	Oz	Pz	CPz	FP2	Fz	F4	F8	FC4	FCz	Cz	C4	C6	P4	P8	PO8	PO4	O2	ID	Condition
1.912	4.218	2.816	0.597	0.880	3.990	4.245	4.931	13.857	-1.541	-2.807	2.315	-2.241	7.293	-0.232	-0.595	-3.084	3.828	0.195	0.673	-3.543	-1.319	-7.758	-2.882	-3.270	-1.039	-8.211	-2.625	40	ScrambledCars
-12.387	-2.921	-7.457	-7.770	-0.765	-1.719	7.935	2.260	5.841	-3.725	7.901	9.114	5.316	0.823	-12.631	-9.649	-12.311	-4.032	-0.745	-3.638	-3.934	-0.648	1.079	9.012	6.364	11.479	29.054	17.407	40	Cars
-5.151	7.812	-4.031	-5.483	-0.211	-10.039	-1.765	-0.096	3.848	0.442	6.732	1.029	-2.672	-6.669	0.792	-0.497	-1.409	3.303	-0.534	-1.186	-9.476	-2.981	-5.476	-0.660	-0.635	7.006	11.238	6.021	40	ScrambledFaces
-20.652	-10.064	-3.586	-1.178	10.596	8.246	16.023	11.761	4.893	20.467	20.415	5.838	7.372	7.421	-23.836	-5.395	-16.142	-11.125	-9.501	-3.986	10.726	-2.341	-10.455	2.547	3.315	9.802	7.784	9.899	40	ScrambledCars
-5.598	-7.701	-5.382	-4.983	-12.584	-6.316	-9.962	4.939	-0.756	-0.585	11.026	9.663	-10.495	-10.554	-3.389	-2.917	-1.826	3.315	4.132	-5.017	-4.310	-6.087	4.729	-2.549	7.773	9.772	13.333	7.123	40	ScrambledFaces
-10.219	7.041	-1.190	10.232	0.966	2.615	0.293	2.553	13.320	15.491	12.343	5.967	-3.137	-6.702	-12.209	-3.112	-4.031	-14.037	-15.058	-2.005	-11.740	-7.362	-15.232	-0.356	4.008	13.653	-0.225	5.307	40	ScrambledCars
-27.257	-16.907	-17.515	-8.623	-3.528	-4.258	13.186	3.516	20.357	32.959	18.898	13.267	14.439	7.017	-29.228	-3.884	-2.006	-15.169	-1.510	-3.171	4.349	1.671	-2.666	10.659	8.242	17.004	10.668	11.750	40	ScrambledFaces
-2.018	-4.037	-0.789	-4.731	-3.928	1.089	4.229	-0.449	15.498	2.530	5.248	3.685	-1.941	-5.407	-5.210	-2.423	-0.901	-3.182	-3.085	1.537	3.449	-2.854	-4.508	3.584	-0.438	4.875	-5.898	4.775	40	ScrambledFaces
-2.763	-8.896	-1.708	-3.808	-0.139	1.837	6.747	3.667	10.873	2.638	18.154	11.883	-2.204	-2.437	-3.209	-4.689	-11.620	-0.473	0.577	-9.530	-4.539	6.267	-1.879	0.201	-5.015	-2.501	-0.125	4.529	40	Faces
3.205	-6.660	-2.121	-2.963	-11.960	-6.561	-7.125	-5.525	0.873	-4.559	-2.226	3.119	-2.106	-7.671	3.656	-2.644	0.251	4.047	-0.588	-5.190	-0.554	-6.297	-0.578	4.834	13.133	7.606	-7.821	10.560	40	ScrambledFaces
-18.973	-12.999	-11.606	-16.527	-2.994	-3.586	3.174	12.131	16.926	9.552	16.825	-4.432	3.977	-0.827	-13.696	-6.729	-1.883	2.019	-4.902	-0.863	-5.282	3.208	-1.421	8.476	-0.936	9.717	2.715	1.935	40	Cars
-9.233	-3.380	-5.884	-12.318	-0.463	-3.660	9.419	-3.718	12.089	3.132	7.240	10.760	6.055	5.275	-6.721	-8.434	-3.571	-3.238	-3.780	-8.751	5.164	-0.041	0.734	7.503	7.298	9.570	-4.235	4.568	40	ScrambledFaces
13.366	-1.121	0.145	-1.733	-12.671	-8.722	-9.029	-13.537	-8.332	-10.018	-14.998	4.767	-1.033	-5.327	5.023	-0.218	-3.534	-5.339	-9.659	-1.496	1.509	-7.713	-4.008	0.563	5.197	14.835	12.870	40.451	40	Cars
7.232	-2.290	0.338	-0.291	2.369	-3.447	-4.488	0.473	4.106	-10.459	8.147	0.463	2.916	1.454	1.341	1.097	-0.747	3.746	2.686	2.134	-0.329	0.653	-1.881	-6.399	-3.530	-6.062	0.435	2.717	40	Faces
-7.642	-5.472	-5.825	-7.344	1.460	-0.601	-2.420	1.195	0.184	6.981	-1.304	4.311	1.722	4.215	-7.005	-2.696	-1.780	-4.063	0.555	-2.571	-2.420	4.525	-2.464	8.492	0.602	8.231	11.719	9.662	40	Faces
3.678	12.329	8.585	-3.991	-0.096	3.792	9.924	-5.901	-0.256	-3.730	3.704	-11.283	-11.257	-14.485	7.946	-2.380	-1.262	12.577	0.890	-5.324	-13.795	-7.575	-0.656	-10.774	-6.612	-2.838	-19.604	-8.150	40	Faces
7.759	11.220	2.824	9.745	2.279	-3.296	-3.343	-1.054	1.736	1.598	-6.373	-10.592	-7.874	-7.510	5.348	5.888	3.076	-2.688	3.671	7.105	2.470	-1.940	-3.099	13.810	-9.044	-9.274	-23.495	-2.915	40	ScrambledCars
-6.866	-1.394	0.607	-0.769	-1.732	1.753	-0.256	5.623	5.072	-2.575	16.280	-1.289	-5.298	-9.598	-9.954	-2.747	-4.041	3.105	-2.446	-4.384	-2.344	-6.708	-3.255	-1.717	4.166	9.028	3.650	10.987	40	ScrambledFaces
-10.866	12.040	-5.301	19.981	13.929	9.429	5.718	-6.099	-3.988	11.818	0.189	-2.116	0.601	2.263	-9.040	11.896	5.994	3.557	4.600	11.406	13.919	3.175	2.918	-18.936	-14.512	-9.284	-2.445	-8.851	40	Faces
-18.065	-8.670	-10.712	-2.221	-2.240	-4.190	9.189	1.309	13.279	8.994	18.857	18.636	7.804	-0.697	-19.686	-11.159	-4.651	-16.183	-11.456	-5.257	-5.521	-1.620	-0.921	13.086	9.288	19.150	17.805	17.693	40	Cars
21.766	14.860	16.977	1.424	-3.726	8.088	-16.129	-9.411	-13.575	-18.811	-16.062	-3.655	-10.125	-12.727	19.929	6.813	1.713	7.864	-4.752	3.785	-7.697	-10.580	-9.187	-9.590	-4.486	-5.266	-6.848	-9.633	40	Cars
-12.855	-9.532	-11.095	-10.347	-5.410	-7.093	12.559	-4.603	10.635	11.712	14.801	12.025	6.593	1.097	-13.194	-3.842	-0.338	1.673	-5.450	-5.765	-1.773	-8.233	0.324	8.774	4.901	7.594	7.468	9.455	40	ScrambledFaces
-21.846	-12.610	-9.684	-1.887	1.668	-1.749	10.881	1.397	18.722	7.446	18.696	11.177	2.732	-0.666	-19.802	-3.376	-4.185	-13.370	1.798	-1.484	-4.047	-3.061	-10.321	1.456	11.847	18.119	15.982	19.816	40	ScrambledFaces
-10.672	-0.982	-3.437	-1.867	3.838	0.413	6.873	2.199	3.629	4.789	5.033	-3.869	-1.188	-1.806	-4.809	1.883	2.624	-5.559	-7.247	-2.230	-1.807	-1.359	-3.463	-3.114	6.231	8.036	-7.139	0.738	40	Cars
-7.751	5.461	-0.387	1.563	9.919	0.105	2.792	-3.585	5.189	-9.854	23.652	5.671	0.785	-1.520	-0.855	-0.466	-2.783	0.498	1.109	-1.127	0.596	-5.805	-4.369	-5.513	-7.257	-2.828	3.039	4.808	40	Faces
-26.758	-4.059	-7.664	5.876	11.300	16.528	9.729	-3.043	-1.037	16.321	5.839	13.420	12.278	10.614	-21.449	-4.144	-6.319	-8.269	7.723	4.131	1.453	6.123	5.181	14.237	-4.168	7.537	3.121	5.779	40	Faces
2.275	7.586	2.117	0.161	1.957	-0.515	7.123	3.713	5.712	2.007	2.767	8.459	-5.321	-2.935	5.740	0.338	1.596	1.807	-5.771	-8.663	0.586	-2.910	-3.099	0.380	-6.319	-8.669	-17.012	-8.913	40	Cars
-2.151	0.543	3.299	1.719	0.509	1.971	-1.216	9.188	1.092	0.916	4.321	12.242	2.409	-0.256	-5.557	0.661	-9.176	-6.490	-5.077	-3.416	5.024	-14.947	-11.212	-5.952	0.105	2.549	2.798	3.685	40	ScrambledFaces
2.689	7.963	1.640	8.611	-4.002	0.562	-2.892	-0.675	0.635	3.307	11.741	4.980	-2.943	-9.541	-3.626	4.137	-12.115	-10.256	-5.766	3.621	5.562	-8.518	-10.579	-9.669	-2.352	-3.885	16.106	11.991	40	Cars
9.994	-1.754	1.531	-1.477	-7.870	-9.197	-0.608	-5.591	-0.096	0.935	-4.081	-4.206	-1.649	-6.120	4.722	-4.238	-5.975	0.931	-3.669	-8.474	-8.914	5.134	7.761	4.592	7.071	6.301	13.993	-6.197	40	ScrambledCars
-4.803	-2.245	2.553	-3.543	-1.996	2.211	4.820	4.283	6.807	6.135	7.404	19.499	3.966	-2.633	-2.385	-20.520	-10.470	2.226	-7.474	-15.879	-12.100	-1.803	1.678	7.390	-1.929	7.672	12.798	-0.912	40	Faces
-17.790	-7.083	-6.517	-11.155	-0.751	-0.877	5.174	7.983	25.147	13.199	20.540	12.054	2.939	-3.561	-16.773	-14.114	-15.923	-10.281	-9.419	-12.117	-4.682	-3.578	-5.200	-1.132	9.686	16.514	10.359	9.790	40	ScrambledFaces
4.433	16.788	9.740	7.120	9.008	7.274	-2.545	-5.604	3.248	-1.429	2.566	-5.643	-8.436	0.098	7.952	14.398	19.150	-1.215	4.631	11.229	9.837	-8.512	-15.943	-19.954	-20.244	-11.428	-13.686	-10.499	40	Faces
-17.974	-10.256	-6.121	-1.992	-1.262	1.085	1.725	-3.511	2.005	25.400	5.595	7.010	6.454	1.462	-17.505	-7.677	-12.102	-6.457	-5.079	-5.924	5.769	-4.436	7.243	3.546	10.393	21.783	6.427	6.906	40	Cars
-17.884	-15.932	-11.152	-2.260	-4.029	-0.774	7.391	1.869	17.603	11.574	7.974	8.915	4.291	0.283	-16.103	-5.667	-3.140	-10.450	-7.332	-4.438	-0.631	-3.015	0.309	6.892	9.691	16.092	11.181	5.624	40	ScrambledFaces
-19.581	-10.013	-11.212	-12.067	-4.210	-3.024	6.455	-1.731	10.411	12.523	3.261	10.146	6.417	-1.117	-13.861	-7.852	-7.623	-8.251	-4.407	-4.449	-0.732	-0.749	-1.735	4.398	21.088	21.459	15.632	13.129	40	ScrambledFaces
-11.050	-9.409	-6.801	1.012	-5.934	-3.935	-6.706	2.156	8.608	9.016	7.984	12.695	-0.013	5.686	-12.218	-4.122	2.986	-4.699	8.606	-3.385	-7.646	-5.290	-7.848	2.192	6.553	14.211	23.544	12.851	40	ScrambledCars
-8.109	3.869	-1.790	0.747	-7.060	0.447	-4.456	-0.932	-6.424	-7.666	10.287	8.108	-2.017	-8.954	-6.756	-2.406	-1.857	2.081	0.440	-3.493	0.372	-7.074	-4.179	-0.514	7.545	9.612	1.829	1.223	40	ScrambledFaces
-8.608	10.027	5.653	3.529	9.521	9.501	6.830	15.246	0.468	8.102	9.009	2.824	-2.542	-3.533	-15.910	0.864	-3.073	-13.653	-1.007	-2.369	-3.431	-7.220	-13.635	-9.869	-8.946	4.069	-2.081	5.010	40	ScrambledCars
-10.384	-16.276	-1.619	-12.262	-0.829	1.054	10.042	6.539	17.453	1.164	8.497	10.402	-4.679	-15.321	-7.730	-9.965	-3.240	-2.908	-6.651	-14.539	-10.251	-6.338	1.053	-7.735	4.062	15.395	10.361	14.039	40	ScrambledCars
-2.248	-12.479	-6.516	-2.168	3.345	-1.257	8.531	6.533	3.413	11.184	-4.895	1.194	15.598	11.878	-4.379	3.135	-1.355	1.455	0.962	1.581	4.076	9.311	-2.706	9.150	-5.210	-9.120	8.372	-2.247	40	Cars
-8.701	-3.381	-1.078	2.668	3.089	0.059	9.002	-6.355	-6.783	6.743	10.583	-0.013	0.471	3.148	-4.101	-3.927	-5.369	-2.492	-6.265	-4.077	6.944	-3.436	-5.603	0.000	4.041	7.311	2.577	2.064	40	Faces
-5.663	-4.418	-2.234	-4.528	6.224	-0.268	1.489	-5.374	-6.567	23.796	7.854	9.388	7.400	2.162	-15.147	-2.143	-9.393	-12.105	-9.690	2.986	-5.113	-4.246	-6.580	5.191	11.888	13.737	13.430	12.993	40	Cars
-11.309	1.331	-5.069	8.154	5.145	4.809	6.479	4.042	14.339	18.013	4.259	9.003	1.483	-0.552	-8.741	-5.010	-7.558	-4.516	-1.507	-0.862	-3.555	-0.954	-2.936	1.439	3.774	1.405	-21.090	6.383	40	Cars
-14.441	1.805	-4.655	-7.129	-5.248	-3.643	2.839	2.863	8.888	-1.437	32.846	26.402	-0.703	-6.989	-15.764	-5.333	-0.792	-8.036	-10.219	-11.172	-6.333	-14.711	-10.908	11.527	10.583	14.871	0.009	14.612	40	Cars
-6.350	-2.666	-1.255	-1.860	-1.271	1.053	3.997	4.177	-3.451	15.444	16.374	12.763	7.674	-2.421	-13.156	-4.937	-9.863	-7.433	-2.960	-5.199	-1.799	-4.644	0.193	10.945	-7.831	1.024	7.286	13.289	40	Cars
-3.352	-3.671	5.347	-10.735	-2.058	5.704	0.091	16.428	13.631	0.266	21.304	7.721	-5.758	-13.408	-3.594	-9.928	-11.879	-0.440	-14.412	-17.793	-11.332	-7.469	-2.123	0.310	-0.949	2.886	-6.852	0.992	40	ScrambledCars
1.762	0.881	-0.189	2.242	-0.151	-4.590	-2.770	-1.795	-4.548	3.415	7.561	10.069	-10.721	-7.777	-1.655	-0.817	1.123	-0.150	-1.430	6.407	2.746	-2.434	-5.327	-1.341	2.641	4.663	-1.220	9.823	40	Cars
-15.936	-4.157	-2.042	-5.888	0.988	5.991	10.380	1.864	9.261	12.847	18.820	16.156	8.785	3.184	-16.210	-1.908	-12.553	-6.970	-8.347	-8.748	3.704	-10.873	-16.570	-5.038	2.136	9.888	3.693	12.872	40	Cars
11.957	4.809	6.844	8.752	-4.456	1.087	-7.788	-0.246	-16.889	-4.945	-4.632	-5.114	-9.730	-5.234	6.296	2.901	8.370	10.378	3.807	5.900	-2.411	-5.821	1.682	-5.916	-6.276	-6.730	-11.833	-12.656	40	Faces
-12.488	3.453	-10.673	8.521	7.298	-2.195	5.749	-1.704	5.520	-5.041	10.635	10.733	9.645	10.363	-14.935	1.461	1.183	-8.728	-0.457	6.381	4.080	-0.154	0.688	0.891	-6.670	2.834	16.585	8.999	40	Faces
-9.601	1.107	-0.664	0.766	7.805	2.613	14.371	1.107	8.923	25.010	16.828	15.127	4.068	3.933	-12.997	-1.406	-9.277	-10.083	-5.886	0.374	-0.256	-7.705	-13.888	-2.756	1.233	2.639	7.727	2.577	40	Faces
-3.209	-9.505	0.534	-4.115	1.706	-3.210	11.559	5.148	2.390	9.078	10.067	4.692	5.370	2.272	-3.753	-10.897	-11.311	-6.736	-10.439	-7.583	1.947	-2.382	-7.985	-6.199	-2.750	2.733	11.028	-1.275	40	ScrambledFaces
-8.839	-0.631	-1.895	-2.666	-2.638	2.212	0.943	10.954	12.083	8.393	12.534	21.183	-2.921	-8.541	-13.113	-16.103	-7.526	-0.069	-10.951	-12.879	-13.039	-4.618	1.186	-9.134	9.132	14.078	-1.965	13.955	40	ScrambledCars
-2.505	-0.743	0.217	1.458	0.950	-0.406	13.348	0.982	11.650	9.416	3.998	6.763	8.222	8.939	-4.525	-5.199	-12.708	-15.181	-4.081	8.656	-0.141	-5.805	-11.335	1.385	2.716	1.480	5.648	4.047	40	ScrambledFaces
1.354	3.393	1.387	2.720	4.905	0.877	7.907	-10.541	-0.359	-2.080	5.260	-6.521	3.062	0.504	-0.420	5.777	2.786	3.770	1.501	4.765	0.843	-6.864	-1.619	-0.060	-4.844	-4.747	9.803	-3.532	40	Faces
-8.828	-5.745	-2.503	-0.988	5.537	5.649	16.749	11.657	6.294	8.271	9.291	11.274	-3.577	0.110	-9.952	2.921	-4.000	-3.886	-5.125	1.926	1.609	-3.478	-12.265	-14.657	-3.858	-1.017	1.950	7.752	40	Cars
-3.247	2.053	7.610	5.519	6.078	12.438	6.938	11.835	12.445	-0.766	8.922	1.418	-12.184	-11.077	-9.742	-6.132	-8.928	-7.223	-12.409	-6.285	-15.875	-11.811	-9.130	2.788	-3.494	5.219	-4.347	2.834	40	ScrambledFaces
-0.654	1.292	1.488	3.234	4.305	5.141	1.029	4.528	-10.781	-12.633	-8.728	-5.774	1.612	-3.080	-5.212	3.746	3.246	3.210	4.393	1.999	1.177	0.463	9.007	3.624	-1.380	1.670	2.714	0.388	40	Faces
13.910	5.531	9.289	-6.918	-1.725	-1.072	-8.402	-8.950	-6.666	-10.700	1.269	-14.596	-6.686	-4.681	15.106	6.309	3.370	5.385	-3.190	1.447	2.363	-3.202	12.144	-5.652	3.177	-2.656	7.410	-5.319	40	Cars
-1.849	3.374	-0.930	-4.214	1.265	-1.136	1.887	-7.445	-16.348	-4.284	8.497	-5.849	8.281	2.880	0.737	-1.532	3.342	10.071	6.209	-2.954	-1.269	-2.737	0.447	-1.852	-8.869	-8.734	-2.721	-1.619	40	Faces
-15.202	-16.299	-3.809	-11.027	-5.821	-0.224	8.970	9.551	13.303	2.658	13.865	12.992	0.944	-5.734	-9.461	-8.925	-17.729	-6.220	-5.085	-4.172	-11.031	-6.030	-2.131	6.984	9.395	16.687	10.291	10.545	40	ScrambledCars
6.112	1.694	6.264	8.363	4.322	0.612	-9.705	1.698	-7.175	6.362	1.269	-16.885	-6.252	0.816	14.032	7.526	7.729	3.784	-1.002	12.647	7.401	-0.636	-6.099	-10.549	-16.190	-14.395	-6.058	-14.701	40	Faces
10.708	2.180	12.512	-1.701	2.277	5.182	1.771	10.200	9.967	-0.082	1.563	-7.071	-15.762	-15.038	2.010	-2.131	0.253	-0.456	-1.594	-8.215	-22.111	-6.094	-8.285	-13.114	-1.150	-0.070	-9.461	-4.301	40	ScrambledCars
-23.622	4.699	-10.889	7.802	6.565	2.477	11.241	17.823	15.871	43.218	11.582	14.195	1.919	2.794	-25.998	3.272	-9.256	-19.268	0.157	6.625	9.617	-2.586	-10.142	-2.866	-6.859	1.928	0.243	8.363	40	Cars
-20.393	-8.819	-9.080	2.027	6.087	-4.680	11.408	12.576	17.308	16.989	23.520	13.599	3.315	-2.086	-17.756	-11.615	-16.097	-14.151	-7.918	-4.670	1.411	-2.330	-10.188	0.980	14.159	11.577	10.034	10.562	40	ScrambledFaces
-19.105	-8.235	-11.181	0.769	-7.037	4.172	2.683	3.096	10.887	7.241	26.193	9.400	3.414	-1.497	-23.496	-6.210	-3.808	-8.013	-7.782	-2.700	5.962	-6.627	-7.480	6.046	9.630	9.425	10.853	15.319	40	ScrambledFaces
-13.322	-19.663	-1.722	-10.626	-4.434	-0.632	13.834	15.494	22.902	30.227	23.958	16.211	-1.739	-7.574	-12.689	-19.005	-14.878	-7.960	-12.126	-13.620	-13.599	-10.896	-17.796	-1.911	9.276	10.556	3.771	9.154	40	ScrambledFaces
4.360	10.895	8.043	13.526	10.903	10.858	-0.585	4.607	-6.074	-12.387	-2.266	-6.593	1.510	3.048	4.571	5.140	5.719	5.389	-0.454	5.113	2.378	-2.188	-2.145	-10.690	-8.828	-12.921	-13.786	-14.179	40	Cars
9.903	4.216	5.739	5.401	-3.447	0.849	-0.290	-12.232	6.670	-7.252	2.380	1.032	-5.291	0.026	7.862	7.105	3.490	2.342	1.474	5.631	6.733	-8.564	-4.974	-4.202	-9.692	-5.919	-3.075	-0.998	40	Faces
-2.254	8.791	0.287	11.058	7.563	5.074	4.577	1.330	6.451	18.751	-8.230	-10.769	-2.020	2.243	-0.067	7.753	4.766	-3.619	4.070	6.967	3.660	2.163	-3.223	-3.618	-4.000	-9.041	-17.324	-6.024	40	Cars
-7.865	-11.270	-4.709	-6.535	-4.457	-3.766	3.344	1.880	-1.384	-4.474	4.003	0.068	6.509	-0.738	0.067	-7.026	-3.072	7.661	-2.647	-5.031	1.981	-0.070	0.452	5.548	-1.064	4.840	9.165	9.883	40	Faces
2.018	-4.485	2.134	4.175	3.273	-0.380	0.506	-3.075	4.813	16.688	1.434	6.521	3.400	0.174	-3.602	-0.414	-16.869	-6.967	-8.682	-0.144	3.505	-3.925	-9.395	-5.848	0.768	5.960	1.008	6.032	40	Faces
-10.131	-4.767	-5.458	1.911	1.866	-3.099	2.713	4.241	5.308	-2.166	3.794	4.519	7.957	7.082	-3.406	-0.250	10.034	-7.339	7.073	0.896	7.425	6.256	-4.365	0.864	-4.959	-0.111	9.581	-6.396	40	ScrambledFaces
-1.194	4.532	3.993	7.276	1.603	9.180	5.649	2.439	6.324	-1.095	8.284	4.186	-2.293	1.259	-5.467	1.152	-5.277	-6.363	-5.660	8.931	4.767	-8.867	-6.133	-5.301	-9.123	-2.568	-7.609	9.981	40	Faces
-37.480	-21.997	-19.858	-3.555	1.869	2.090	23.580	13.113	25.086	35.408	24.917	10.555	16.808	5.594	-38.574	-16.554	-16.666	-21.941	-2.996	-3.319	-2.483	2.442	-1.552	12.606	9.939	17.378	40.252	16.261	40	ScrambledCars
0.164	7.414	2.668	0.779	-2.160	0.458	-9.375	-1.656	10.930	-7.494	5.580	3.007	-12.928	-14.951	1.540	-4.122	5.462	-4.963	-2.346	-5.262	-16.227	-4.851	-2.355	-7.003	9.924	10.252	5.075	2.642	40	ScrambledCars
1.534	-3.515	0.529	0.282	1.474	2.005	1.637	-0.334	-2.157	7.326	-0.798	-0.116	0.681	5.726	0.414	-1.544	1.228	10.652	-0.350	-0.737	-3.465	-3.601	0.768	-1.965	-8.281	-4.357	-9.460	-6.486	40	Cars
-15.211	-2.266	-9.845	1.365	0.411	-1.579	5.383	-0.503	11.019	14.640	15.571	5.942	5.727	3.289	-10.649	-3.619	-7.221	-2.086	-8.420	1.167	-1.771	-2.650	-2.925	-3.315	3.214	6.093	4.054	4.805	40	ScrambledFaces
-5.677	6.238	0.148	6.908	7.306	0.624	3.411	10.492	7.360	2.185	9.091	8.595	5.477	4.574	-8.599	-1.426	-1.547	-5.210	-5.495	-4.660	3.634	-10.715	-7.368	-2.945	-9.387	0.288	-14.775	6.844	40	Cars
2.468	-6.425	7.035	-5.859	-2.463	4.258	-2.240	2.680	6.068	-1.258	-0.932	-5.165	-6.871	-9.549	3.428	-3.943	-8.413	7.897	-5.622	-12.402	-6.942	-5.793	-4.814	-5.214	0.204	6.235	5.929	0.034	40	Cars
2.967	-5.609	9.728	17.126	-3.030	5.668	-5.182	8.218	0.395	8.203	-8.079	-7.381	-2.894	-3.344	6.038	0.013	-6.016	-6.204	-1.106	-5.131	2.961	-2.044	-5.875	-8.385	-1.113	2.420	-3.192	-6.691	40	ScrambledCars
-0.565	14.255	3.952	5.424	-2.070	2.041	-9.279	0.782	-7.280	-1.127	2.337	-0.783	-8.241	-11.429	5.680	12.906	20.042	6.356	2.542	-1.430	-5.657	-3.297	-1.786	1.655	-9.145	-3.824	-13.407	-3.033	40	Faces
0.294	-0.481	-2.043	-7.287	-2.967	-8.873	-3.713	-11.843	-18.588	8.996	-1.885	-9.909	0.250	-2.809	5.027	1.172	9.277	9.592	19.395	-0.635	-3.421	11.679	10.521	-2.001	0.475	0.486	3.042	-7.532	40	Cars
-19.781	-9.809	-14.258	-1.095	-5.958	-7.799	13.909	-1.001	6.793	33.943	16.319	19.652	13.024	14.770	-18.258	-7.221	-9.813	-15.072	-3.938	-2.835	2.909	3.033	-5.805	13.820	5.557	11.467	5.667	12.391	40	ScrambledFaces
-8.756	-4.712	-8.998	-5.421	7.959	-3.756	4.352	-2.022	1.935	1.048	7.513	5.623	7.735	9.703	-1.684	0.471	5.435	1.893	6.513	0.513	8.449	12.731	-4.002	3.348	0.425	-5.689	8.491	-3.425	40	Faces
-9.452	3.384	-5.906	8.362	5.353	2.877	8.557	0.810	-4.234	0.875	-2.816	2.845	-3.160	2.118	-5.180	6.526	4.075	0.087	1.827	15.822	4.908	4.837	0.368	1.643	-5.441	-0.585	-1.326	-5.699	40	ScrambledFaces
-18.154	-12.935	-8.148	-7.640	-5.391	-2.306	7.715	1.609	16.638	15.663	22.313	21.420	14.735	5.226	-18.998	-17.404	-20.772	-13.393	-10.546	-10.162	4.033	-4.753	-2.817	9.412	8.027	18.383	13.478	17.004	40	ScrambledCars
18.383	6.471	13.182	4.358	5.694	5.238	-3.111	-1.255	-14.340	-1.103	-9.568	-2.193	-3.853	0.395	9.908	11.362	2.287	-1.349	1.136	10.509	12.297	-3.808	-8.536	-5.811	-12.152	-13.589	-8.057	-8.886	40	Faces
-0.513	-8.757	-3.735	-7.137	-6.599	-3.627	-2.336	-2.508	6.610	4.443	9.783	10.807	1.248	-7.897	-3.003	-3.602	-5.429	-5.512	2.600	-4.327	-6.346	-1.121	40.025	-0.881	5.109	5.599	-3.748	2.734	40	Faces
-2.186	1.841	2.962	-3.741	3.977	6.897	10.007	-1.779	9.011	1.189	8.518	2.187	14.155	10.515	-6.456	-4.842	-8.255	-7.623	-7.258	-4.001	1.530	-7.965	-8.587	0.220	-1.212	-3.895	15.550	-2.679	40	ScrambledFaces
-2.766	-8.567	3.255	3.884	-7.049	0.870	-2.000	0.865	-6.472	-3.640	50.863	-8.986	-5.328	-4.306	-1.055	-4.767	-3.075	0.046	-11.725	-2.111	-1.376	-6.635	-7.124	-7.165	2.461	-5.587	-5.261	-7.272	40	ScrambledFaces
-17.239	5.969	-2.729	5.748	8.645	14.701	16.189	13.959	14.871	12.961	12.523	-2.429	2.922	6.313	-16.694	6.668	-2.069	-12.079	-9.351	14.256	7.119	-8.260	-13.272	-8.001	-7.292	-5.800	1.887	-9.051	40	ScrambledCars
-18.549	-15.947	-8.603	-6.082	2.376	-1.336	8.139	12.618	11.696	18.014	9.371	8.334	12.192	7.640	-11.126	-15.597	-14.021	1.980	-8.414	-7.479	-8.462	4.556	1.653	8.947	8.047	12.782	-1.216	10.030	40	ScrambledFaces
-1.609	9.163	6.432	6.848	6.145	7.821	-2.182	3.924	4.418	4.983	-3.870	-7.836	-1.843	-3.432	2.820	2.481	-3.931	-3.239	1.199	2.591	2.186	-0.368	-9.344	0.428	1.047	-3.241	-15.956	-4.612	40	ScrambledFaces
2.619	-13.644	-0.337	0.780	-3.143	-9.865	-4.781	-12.603	-1.167	5.684	5.158	-4.490	4.279	1.112	1.705	-2.359	-5.641	1.946	-1.104	0.325	-1.737	-0.353	0.837	6.339	6.140	11.293	23.700	9.692	40	Cars
-5.770	-4.463	-5.925	-5.605	-2.884	-9.727	0.899	2.544	10.216	6.991	8.650	5.267	-1.940	-1.407	-9.199	-3.868	-7.696	0.114	-2.672	-2.216	-3.724	-7.275	-4.216	-3.190	8.470	13.553	0.241	11.492	40	ScrambledFaces
6.725	5.743	5.489	1.124	-5.003	4.271	0.414	1.158	6.420	6.838	-3.856	11.584	2.672	5.989	4.127	-0.468	3.977	-3.234	-1.497	0.482	-5.336	3.571	-3.849	1.928	-5.401	-2.679	0.959	-6.094	40	Faces
-19.178	-8.820	-9.659	-2.189	0.338	-8.952	-0.595	7.607	5.416	3.102	20.298	7.649	2.719	-0.325	-9.033	-7.190	-2.328	-7.119	-1.306	0.012	3.677	2.020	-0.362	1.888	8.481	13.156	7.274	8.741	40	ScrambledFaces
22.257	4.454	13.983	2.957	-5.494	4.857	-12.515	-1.390	-3.864	-12.363	0.514	-11.122	-16.081	-14.048	15.808	2.299	-2.987	12.959	-1.509	-0.669	5.249	2.342	-2.925	-13.854	-10.350	-11.761	-15.496	-9.956	40	Cars
-18.379	-12.591	-12.206	-9.256	-16.575	-3.471	-0.852	4.042	13.496	8.151	22.635	15.650	1.281	-2.050	-12.443	-16.509	-7.984	-2.963	-6.319	-11.331	-15.012	0.569	6.938	12.930	17.547	18.571	4.180	18.433	40	ScrambledCars
17.877	6.303	7.388	-2.634	-9.557	-9.940	-11.370	-9.684	2.261	-17.876	-4.508	-7.634	-7.548	-7.530	22.723	2.493	14.544	20.246	2.589	-2.026	-5.535	-3.754	-0.390	-7.161	-10.584	-4.582	-10.658	-4.502	40	Faces
3.595	10.091	9.328	6.235	4.061	4.475	-1.972	0.288	-1.460	-8.524	2.025	-3.601	-7.366	-6.539	1.464	4.854	-0.711	3.004	-1.464	6.805	-4.021	-12.244	-20.254	-13.458	-4.992	2.660	-5.917	-2.071	40	ScrambledFaces
-23.436	-12.921	-13.478	-18.405	-5.070	-5.467	2.486	12.593	20.186	19.649	24.118	6.693	2.865	-8.266	-19.161	-7.065	7.624	-4.173	-10.957	-9.962	-10.803	-4.769	-4.704	4.339	10.314	15.605	12.501	13.383	40	ScrambledCars
-14.085	-1.855	-12.412	5.372	5.508	-3.644	8.138	-9.326	-4.222	16.030	12.589	-2.391	8.059	3.552	-18.238	6.191	-7.299	-5.903	2.010	9.088	16.890	8.227	-1.646	5.646	-6.772	3.265	19.502	-1.346	40	Faces
-14.961	-2.378	-7.754	-2.549	-0.585	-0.792	7.653	11.903	15.516	5.351	15.391	8.438	-0.970	-1.163	-19.926	-12.052	-14.325	-7.606	-2.688	-8.860	0.019	-8.524	-2.798	0.865	6.810	9.136	15.119	5.680	40	ScrambledCars
-13.778	-9.892	-5.005	3.407	-1.242	3.029	-0.880	18.816	9.173	0.053	8.475	4.261	-6.409	-9.746	-13.668	-5.502	-4.053	-1.416	-4.769	-8.959	-15.075	-1.517	2.334	5.104	7.009	13.952	7.772	2.450	40	ScrambledFaces
11.383	-2.855	6.811	3.590	-4.114	2.709	-5.622	4.249	-11.161	-8.597	-17.097	-8.262	-2.841	-2.335	11.680	3.981	10.017	2.283	3.925	-2.364	-1.950	14.221	3.034	-7.612	-4.473	-1.807	-4.344	-1.015	40	Cars
-11.484	5.886	-7.028	4.766	1.987	-0.012	6.437	3.671	5.438	12.397	5.552	5.559	4.891	-2.599	-9.537	-0.748	1.507	-5.209	-1.641	3.305	-4.807	-1.964	-2.709	5.947	-4.257	-1.305	6.070	6.875	40	Faces
1.911	8.326	10.962	11.282	5.490	8.791	-0.048	-3.280	-6.055	0.076	-5.920	-12.124	-5.058	-1.563	8.503	3.689	13.382	7.177	10.716	-1.130	-5.460	-1.907	-0.233	-8.376	-6.314	-5.729	-13.558	-20.132	40	ScrambledCars
-5.410	-5.710	-4.786	-1.891	-0.842	-6.949	2.236	-11.957	10.791	0.759	6.778	10.371	4.139	-1.546	1.826	-2.180	-0.763	0.875	4.283	-2.563	-0.810	-3.784	-1.296	0.956	-2.602	4.134	11.784	12.171	40	Faces
-16.367	-15.423	-9.020	-3.148	-1.351	-0.647	7.126	10.932	10.300	16.517	15.456	7.809	6.345	-2.133	-23.116	-13.913	-23.076	-18.996	-15.372	-12.980	-6.317	-8.151	-7.349	7.453	15.538	17.714	20.621	27.636	40	ScrambledFaces
-12.713	-6.727	-6.120	-2.870	-6.203	-6.479	11.362	6.777	9.394	15.597	22.089	14.127	1.966	-7.185	-16.185	-10.256	-7.731	-0.662	-10.336	-9.576	-11.109	-9.328	-5.548	-0.223	6.881	12.513	9.347	9.156	40	ScrambledCars
-19.482	-3.292	-8.756	5.656	10.898	6.598	13.921	11.601	14.912	12.088	18.400	3.979	-0.494	-3.544	-24.672	2.120	-6.035	-5.251	-4.529	4.099	-7.275	-0.440	-4.800	0.906	3.599	6.268	4.980	2.626	40	ScrambledCars
-6.281	4.461	-4.368	-1.666	2.566	-2.858	-5.304	-1.575	17.131	10.743	-7.129	3.380	-4.852	-7.891	-3.834	-2.493	-3.808	-5.035	-6.610	-9.550	-7.792	0.054	-4.315	-0.547	11.178	14.510	3.862	13.520	40	ScrambledCars
-7.050	1.752	-6.399	5.710	0.936	0.960	-0.783	-5.074	-0.362	2.592	-0.758	3.491	-4.179	-2.397	-13.836	2.622	-3.783	-8.345	-7.111	8.177	4.844	4.279	-0.149	5.993	9.576	16.334	3.884	9.232	40	ScrambledFaces
-7.931	2.848	-4.963	8.128	-2.744	3.888	1.598	15.376	1.644	-3.701	-10.269	-2.313	-5.218	2.488	-5.502	-1.798	1.005	2.110	0.562	4.850	12.138	0.927	3.998	-4.874	-1.145	-0.770	-0.909	-13.078	40	ScrambledFaces
-18.006	-15.233	-7.240	-8.322	0.604	-1.849	7.126	5.182	7.748	8.749	12.616	11.543	10.047	5.032	-10.524	-10.237	-12.619	-10.932	-7.747	-8.161	-1.831	-0.289	-5.963	9.795	7.154	15.916	21.157	16.078	40	ScrambledFaces
1.914	1.434	1.774	1.635	1.037	-2.063	-4.002	-1.829	2.021	4.547	-1.623	3.956	-3.312	-1.943	6.243	7.250	4.337	-1.492	2.896	5.265	5.290	-1.792	-4.615	-6.790	-8.430	-2.940	0.383	-1.661	40	Faces
-0.572	4.817	2.992	13.382	7.250	6.408	4.255	-1.670	-0.433	2.233	-3.144	-2.522	0.727	2.343	-3.550	6.572	-0.318	0.903	4.368	4.323	-3.465	-2.409	-6.017	-6.510	-2.800	-1.909	4.790	-2.453	40	Faces
-30.054	-10.446	-15.221	-1.087	6.981	-1.347	14.267	16.071	23.236	2.292	27.695	10.302	9.099	9.983	-26.655	-5.038	-12.537	-29.179	-6.150	6.173	9.229	0.082	-19.688	3.622	5.396	13.317	26.245	15.196	40	ScrambledCars
10.899	-2.200	1.730	0.208	-10.154	-5.666	-12.969	2.060	8.326	8.385	-6.339	3.003	-7.838	-1.596	7.129	3.309	0.802	3.160	2.871	4.419	3.087	7.519	-2.193	-0.108	-0.099	-0.765	-0.971	-15.120	40	ScrambledFaces
-2.774	1.227	-1.989	0.556	-1.273	1.342	-4.235	-1.418	-4.377	-1.882	13.086	-2.236	-2.678	-2.781	-2.156	-1.003	1.323	7.643	2.045	-1.671	-5.427	8.682	3.747	-4.423	1.868	0.291	0.219	1.774	40	ScrambledCars
4.270	5.541	7.824	-1.588	1.956	8.505	1.335	8.691	3.577	-5.301	6.063	-4.010	-5.004	-7.052	-0.431	0.840	-4.606	1.008	-6.524	0.706	-0.277	-9.200	-0.332	-7.160	-1.097	-5.964	-7.262	-6.645	40	ScrambledFaces
-14.067	-0.948	-8.032	-4.195	-6.423	-4.593	4.054	10.387	13.462	6.407	13.067	15.639	-0.311	-4.709	-11.219	-5.298	-2.242	-4.997	-1.720	-4.898	2.830	-3.282	-4.519	3.334	-0.051	6.468	10.989	7.467	40	ScrambledFaces
-8.780	3.621	-1.397	8.237	6.949	4.557	4.948	-0.185	-2.702	7.804	-4.710	-2.806	-1.251	-1.939	-2.292	2.022	-7.051	5.263	8.976	4.807	0.205	-3.745	-2.595	1.411	-6.208	-4.677	4.160	-1.117	40	Cars
13.106	-0.145	11.245	-7.045	-3.557	0.399	-11.345	-6.674	1.051	1.190	7.512	0.030	-15.857	-12.843	14.466	4.638	6.424	11.052	-3.258	-3.803	-8.353	-10.305	-10.661	-15.659	-5.622	-2.812	-10.990	-8.426	40	ScrambledFaces
-16.481	0.047	-7.514	1.450	10.278	8.805	8.016	4.634	5.313	8.060	19.739	9.864	11.955	4.456	-23.693	1.270	-8.700	-9.455	-1.745	-4.327	-1.955	8.169	-4.467	0.595	-4.976	2.095	0.546	1.002	40	Faces
-1.646	11.188	1.659	3.064	14.752	4.307	2.660	0.195	-2.996	2.325	-0.488	-13.253	5.846	10.081	3.311	16.372	7.322	-0.127	13.105	16.915	15.930	11.913	4.690	-1.308	-13.701	-17.538	-9.520	-20.798	40	Faces
1.487	-0.764	1.169	-2.652	0.739	-0.066	0.049	2.632	7.868	-9.449	-3.589	3.576	-3.284	-1.778	3.196	-5.420	-0.355	2.087	-0.501	-0.854	-2.479	-3.405	-2.465	-1.810	3.460	2.622	6.152	5.055	40	ScrambledCars
-0.659	1.496	4.645	5.885	0.651	4.342	-1.817	7.796	8.091	-3.473	10.319	-2.424	-12.084	-9.534	-3.652	-3.737	-2.934	-0.801	4.548	-4.173	-0.351	-6.519	-1.408	-4.217	-3.684	-1.730	1.345	-1.340	40	Cars
-23.447	-12.798	-14.805	-7.201	-3.662	-9.770	9.649	3.647	4.426	8.149	22.068	10.323	17.790	11.468	-21.944	-11.937	-1.218	-12.487	0.465	-6.203	-0.837	2.483	0.490	14.949	10.379	19.407	20.080	23.922	40	Cars
10.095	-2.433	6.858	1.138	-9.243	-3.215	-9.446	-3.321	1.636	4.431	9.994	-5.137	-10.671	-9.974	5.102	-2.466	0.270	9.972	0.013	-9.108	-10.600	-4.720	-1.152	-8.762	1.850	1.340	13.357	-12.551	40	ScrambledCars
1.089	8.583	0.055	2.390	2.368	-5.990	0.946	-3.740	2.839	8.652	-7.916	-8.268	3.026	-1.261	5.792	2.762	3.547	1.472	-5.621	-0.696	-8.203	-2.485	1.912	-4.506	4.690	1.892	6.775	-4.038	40	ScrambledFaces
4.476	3.360	6.929	-4.064	-8.930	-3.037	-6.686	9.411	12.113	3.135	4.626	2.017	-9.573	-12.710	12.991	-8.784	-7.388	10.355	-9.044	-17.616	-13.420	-10.934	-0.881	-7.299	4.513	-1.339	-15.137	-9.555	40	ScrambledCars
-10.259	-1.525	-0.366	-2.117	0.313	7.027	2.291	15.067	-0.476	-4.088	-1.009	2.671	-3.054	-7.993	-12.030	-4.076	-2.933	-6.865	-2.602	-1.041	2.636	-8.761	-1.721	5.095	5.590	7.212	-9.566	8.878	40	ScrambledFaces
-3.600	-1.540	-1.262	-4.935	-5.389	-9.838	0.602	5.928	13.871	-7.459	19.470	14.557	-1.507	-6.175	-1.395	-3.197	-4.583	-4.509	-8.358	-9.180	0.733	-6.993	-22.028	-1.511	1.034	8.444	12.547	11.232	40	ScrambledCars
-1.502	-8.087	-7.742	-9.186	-6.792	-9.442	-5.607	-6.366	-7.033	-2.120	9.526	-0.555	-0.885	-4.909	-0.782	1.698	7.212	12.046	6.145	4.069	-3.420	8.418	-1.379	1.356	-2.752	3.460	0.179	4.760	40	Faces
1.749	-1.422	1.456	2.155	1.553	-0.663	-6.223	-0.220	2.694	1.686	2.838	1.697	-4.179	-9.566	4.953	1.041	2.176	3.583	-9.900	-0.425	-0.983	-4.672	-6.561	-6.879	-1.012	0.399	5.315	2.099	40	ScrambledCars
5.527	2.158	-0.987	9.709	-0.491	-5.775	-3.669	-4.149	-5.787	8.610	-3.354	-10.698	-1.240	3.707	2.363	8.389	7.396	1.003	4.101	8.677	9.232	-1.431	-2.610	-0.769	-7.284	-7.065	-8.470	-9.908	40	Faces
-5.083	6.084	-3.612	10.735	5.266	-2.867	-2.801	-13.008	-16.277	-0.208	8.961	-1.104	9.523	4.592	-2.370	9.898	3.047	-7.240	0.952	14.663	9.623	10.653	-1.716	10.846	-7.296	0.413	9.007	0.776	40	Cars
5.974	4.471	5.080	-5.844	-2.183	-0.110	-5.117	-6.716	-4.831	-12.847	-6.005	4.611	-6.116	-1.719	13.738	-4.277	-3.646	4.957	-0.372	-4.961	-0.987	-2.361	7.198	-2.354	1.068	1.573	1.566	2.699	40	Faces
-22.117	-10.048	-10.426	-3.876	5.627	-0.658	10.641	16.130	10.405	13.354	23.062	14.083	14.689	7.669	-26.775	-10.195	-23.015	-17.853	-10.424	-5.990	-5.026	2.924	-3.234	18.881	10.560	14.917	21.371	14.245	40	ScrambledCars
14.811	19.743	5.683	8.859	-3.140	-4.529	-6.106	-13.418	-10.855	-12.369	-22.224	-10.384	0.834	1.882	18.875	22.776	17.146	5.736	15.615	16.573	7.290	5.577	-1.376	-5.098	-12.824	-12.776	0.812	-4.035	40	Faces
-3.924	-8.627	-0.654	5.763	7.490	4.045	11.428	13.124	0.758	12.893	-2.956	-2.338	12.885	10.412	-4.525	-0.492	-1.343	-4.878	-3.588	1.053	6.023	6.810	-6.900	1.190	-12.162	-7.342	3.738	7.027	40	Cars
-7.979	-2.669	-4.207	-5.653	1.010	3.391	0.780	-3.698	-1.513	3.038	6.815	0.115	-1.612	5.533	-6.398	-0.366	-8.390	-1.385	0.973	0.523	13.555	-3.526	4.736	13.324	-2.968	-0.430	4.985	-3.134	40	Faces
-9.059	-6.403	-1.996	-0.357	-0.227	-4.665	6.302	0.503	0.792	5.136	13.554	8.605	-1.490	-1.574	-9.314	-3.020	-0.360	-3.181	2.846	1.867	-7.975	-6.050	-8.293	4.525	1.459	11.853	2.367	0.942	40	ScrambledCars
-22.022	-5.225	-11.157	-8.038	-2.778	-1.988	6.800	4.101	15.512	-1.194	13.624	-1.171	7.373	2.621	-8.017	-2.618	-1.949	0.596	7.293	-1.345	-1.389	1.394	3.835	5.994	-1.027	5.465	3.418	3.690	40	ScrambledCars
-14.452	-4.889	-8.206	-5.514	-8.235	-6.480	11.121	12.016	14.575	17.202	24.550	10.523	-0.988	-11.503	-15.242	-15.379	-15.390	2.567	-10.382	-14.923	-14.177	-2.679	0.879	5.168	9.320	11.735	2.758	11.794	40	ScrambledCars
-7.427	-3.631	0.506	2.054	1.767	2.647	1.272	1.720	4.287	-5.866	11.963	-0.413	1.533	-1.308	-3.455	-11.422	-5.911	1.529	-1.375	-8.859	6.036	2.430	1.312	0.104	2.529	6.061	5.639	2.147	40	Faces
-8.252	0.498	-6.924	-5.508	-3.872	-8.473	2.135	2.204	4.134	-6.825	-4.203	-1.760	5.421	11.687	-1.760	0.961	0.321	-0.976	1.954	-4.904	-2.664	5.783	3.266	9.224	7.146	12.861	-1.976	4.182	40	ScrambledCars
-12.401	-2.468	-5.610	-4.614	0.422	0.140	6.856	9.481	20.151	13.875	18.757	17.078	3.062	-9.689	-18.544	-16.689	-19.555	-9.916	-13.317	-16.165	-18.808	-7.388	-0.338	9.058	14.245	12.280	1.028	13.678	40	ScrambledFaces
-11.728	-2.510	-8.113	5.589	7.252	-1.200	15.244	7.464	17.094	4.586	9.836	4.810	8.121	3.775	-13.926	1.962	0.138	-6.647	6.121	4.956	11.568	8.179	-3.754	4.852	-5.215	-3.942	-10.157	-2.061	40	Cars
8.835	10.577	-1.769	-4.745	0.151	-1.429	-1.718	-13.714	0.913	-12.934	-7.631	-10.359	-3.211	5.956	9.184	9.247	5.788	10.676	12.990	14.230	27.918	16.357	7.215	4.373	-11.014	-13.889	-3.790	-15.046	40	Faces
-2.299	-9.684	2.443	-8.654	-4.651	-4.409	-2.097	11.721	5.944	21.651	5.708	-4.363	-4.900	-6.721	7.224	-6.053	-1.910	-2.459	-2.257	-5.273	-13.836	-2.392	-1.074	0.113	-0.805	1.153	-3.639	5.683	40	ScrambledFaces
-15.700	1.065	-4.423	8.077	14.251	8.435	24.202	8.236	7.722	23.287	16.176	8.075	14.060	14.353	-23.249	-10.439	-17.367	-13.111	-12.787	-5.553	9.482	0.184	-4.069	8.856	-8.387	-1.186	10.731	0.027	40	Faces
-1.315	11.589	6.702	11.322	15.906	13.541	11.768	1.920	1.330	8.369	-5.026	1.242	-2.442	2.776	-0.004	3.578	-10.138	-3.360	-9.346	10.342	6.041	-10.006	-8.648	-6.289	-11.228	-9.611	-9.557	-11.397	40	Cars
-0.102	0.940	5.528	12.105	12.307	9.559	0.310	12.011	6.989	2.003	-5.499	1.198	-4.910	0.024	0.934	-1.933	-1.060	1.204	-0.454	-5.948	-3.162	-3.472	-8.267	-4.514	-11.089	-7.077	-12.338	-6.710	40	Cars
-12.240	-7.636	-1.346	5.119	11.949	4.789	16.542	-1.614	7.359	3.842	3.109	10.626	8.702	6.078	-3.022	0.069	-2.815	-16.867	-0.418	8.160	12.710	-7.691	-8.543	-1.856	-2.025	-2.338	-0.758	4.381	40	Cars
4.817	-1.864	-2.108	-11.740	-19.245	-14.156	-15.109	-7.374	14.441	-0.401	7.257	3.095	-7.573	-9.412	17.904	-3.806	11.455	13.639	2.729	-6.758	-17.070	4.197	3.262	-0.834	1.102	4.258	-1.921	3.212	40	Cars
-9.860	-2.155	-3.218	-5.281	-1.751	-1.533	-1.380	1.419	3.586	12.800	2.251	5.794	-1.718	-1.769	0.929	0.045	0.510	0.775	-3.875	-4.276	-5.003	-4.986	0.309	2.363	8.060	6.949	2.952	8.354	40	ScrambledCars
11.233	2.174	9.229	4.948	2.303	1.271	-9.399	0.522	-5.647	-10.729	-9.491	-5.159	-4.117	0.975	9.879	5.200	4.362	0.178	3.401	3.788	1.776	1.884	1.844	-0.926	-7.215	-0.194	-6.709	0.940	40	Faces
9.002	12.768	8.115	-3.047	5.174	1.325	-6.513	-6.646	-5.910	-5.309	-9.643	-10.922	-6.823	-1.828	11.895	10.883	7.945	6.335	3.964	6.116	6.050	1.848	-3.413	-7.120	-10.503	-5.655	-4.810	-6.865	40	ScrambledCars
-18.290	-9.505	-12.659	-4.270	0.812	-4.957	4.852	5.383	9.902	10.567	10.456	12.220	10.602	4.203	-17.093	-2.753	-8.070	-14.264	-5.273	-6.897	-1.337	9.304	1.414	6.280	12.984	17.776	9.161	11.144	40	ScrambledFaces
-7.335	-0.305	3.506	-1.012	0.989	7.747	9.250	15.705	22.067	15.386	20.422	10.631	-4.080	-13.224	-8.618	-10.687	-5.042	-4.700	-8.755	-13.429	-4.269	-16.262	-9.778	-12.833	-3.649	-5.433	-13.553	1.246	40	ScrambledFaces
-14.346	0.456	-12.951	1.323	-1.007	-2.573	0.134	-4.196	4.790	27.813	3.748	-3.125	2.687	5.175	-11.676	-4.594	1.268	2.106	-2.031	-3.015	-6.766	7.547	0.746	0.111	-1.184	5.703	-4.485	-3.939	40	ScrambledCars
8.438	7.202	14.670	4.613	-8.636	6.482	-4.546	-0.483	2.061	-1.467	7.184	4.427	-12.545	-16.283	9.801	-4.619	-3.102	5.576	-4.974	-10.046	-14.235	-17.382	-11.448	-8.530	-5.281	-0.571	-4.207	-3.271	40	Cars
-4.055	-11.965	-2.626	-14.265	-10.530	-1.604	-1.091	7.130	17.646	17.975	18.106	8.224	3.192	-3.760	-12.323	-13.325	-21.547	-4.250	-6.656	-15.097	-10.602	2.270	-0.445	9.602	9.947	11.433	10.174	14.661	40	Cars
9.869	3.258	8.382	7.646	-0.271	2.464	-2.028	-6.322	-3.396	-18.355	-10.753	-10.284	-10.421	-15.034	13.805	7.137	8.242	5.758	0.425	-0.549	2.498	0.462	5.979	-0.406	4.202	-1.032	-9.635	-3.905	40	ScrambledCars
0.072	3.707	-7.842	5.625	0.802	-5.472	-4.958	-16.363	-8.292	3.998	-13.447	-6.317	2.333	1.886	7.682	15.591	14.711	9.608	11.681	11.908	-5.167	16.221	7.050	3.375	-8.678	-3.787	-1.016	-2.970	40	Faces
-20.643	2.247	-12.919	6.526	5.139	-4.551	8.419	-0.798	0.920	5.493	14.985	-0.379	8.729	6.281	-9.820	4.994	5.590	-1.296	9.026	5.878	13.825	4.311	0.863	-1.149	-3.426	-3.298	-6.969	-6.741	40	Faces
-14.879	0.528	-6.109	-17.563	-10.444	-2.706	-2.269	11.969	-1.050	23.587	11.225	20.719	3.151	-3.934	-7.147	-10.170	-10.390	-13.542	-13.139	-10.679	-19.942	-8.715	-8.461	8.180	13.407	11.251	18.854	12.671	40	Cars
3.588	7.982	5.597	11.749	7.068	5.872	1.953	-2.151	2.336	-14.606	1.564	5.389	2.707	-4.833	3.961	0.536	2.193	-1.753	-3.231	-2.848	1.639	-1.802	-0.978	-7.518	-8.068	-7.562	-2.677	-3.274	40	Cars
-15.990	-1.240	-8.589	4.501	8.474	5.043	3.309	-7.823	4.024	13.430	7.800	0.746	6.188	5.565	-12.090	4.170	-3.363	-10.978	-0.655	7.657	9.037	8.481	-0.227	-0.289	-6.852	4.462	-3.498	-1.187	40	Cars
1.742	8.486	-1.510	7.429	-1.523	-6.762	-0.564	-16.811	-14.590	4.241	-9.849	1.261	4.912	9.374	8.417	15.870	15.873	5.026	17.264	17.796	13.082	2.673	0.793	-3.511	-15.460	-8.279	-2.691	-14.596	40	Faces
-8.050	-2.343	-3.821	-4.440	-7.406	-1.403	-0.338	2.204	9.801	10.549	9.607	-0.910	-1.541	-2.643	-12.204	-8.958	-1.867	1.006	-2.266	-11.300	-0.299	-5.471	1.681	0.866	5.576	10.995	10.009	5.998	40	ScrambledFaces
-4.583	4.978	0.518	1.440	15.030	4.896	2.189	-2.192	0.036	-1.891	3.225	3.442	0.978	-0.396	-1.079	2.684	5.837	-0.459	2.636	9.165	7.795	0.729	-2.897	-5.942	-15.362	-5.303	-14.195	-1.949	40	Cars
-15.528	1.242	-9.017	6.837	2.982	0.058	8.461	3.224	4.527	19.079	8.531	5.417	11.405	11.309	-20.483	0.598	-3.135	-21.434	-2.119	2.376	1.914	-1.080	-7.677	3.272	0.599	7.795	3.564	9.571	40	Cars
-11.478	-4.640	1.225	-1.002	1.085	7.006	5.173	9.775	3.510	2.417	14.486	1.444	-1.807	-3.840	-4.740	-2.526	0.765	-15.370	-2.749	-1.364	3.357	-5.494	-4.929	0.847	-2.006	-0.450	10.458	1.861	40	ScrambledCars
-11.873	-12.625	-8.264	-4.094	-0.050	-6.041	0.661	9.096	6.253	1.216	10.555	-5.352	2.095	-0.534	-5.742	1.588	10.695	-1.070	10.114	-5.707	-1.059	12.146	10.078	7.197	2.304	2.632	6.822	-1.574	40	ScrambledFaces
-9.069	-8.778	-4.004	-9.115	-7.153	1.250	5.684	2.179	19.607	6.405	21.918	4.119	-0.206	-6.475	-14.774	-10.333	-5.764	-0.262	-5.802	-7.692	-15.305	-5.253	-4.548	1.966	5.565	11.840	-3.719	7.896	40	ScrambledCars
-8.976	-0.689	-8.903	6.194	-0.060	-1.456	8.173	0.625	14.446	14.815	5.802	2.731	3.403	3.764	-8.895	3.731	10.169	-8.483	-3.844	1.363	5.581	-5.130	-8.523	0.571	-8.037	-5.745	16.216	-3.141	40	ScrambledFaces
18.011	13.867	7.411	5.846	-2.869	-10.642	3.987	-7.150	-2.672	0.987	-1.327	6.975	-3.468	-6.581	9.154	-1.141	-3.290	4.234	-11.886	-8.772	-4.827	-6.574	-1.311	-9.257	2.938	1.312	-8.553	2.250	40	ScrambledFaces
5.008	-3.947	-1.254	0.087	-2.742	-8.547	-7.947	-3.820	3.301	0.788	-3.470	-1.746	-3.512	1.720	11.853	-2.039	2.883	8.177	2.852	-1.219	-4.760	5.604	3.674	2.686	1.147	-0.622	-5.829	-4.277	40	Cars
-15.324	-7.851	-6.223	-3.100	2.371	0.978	8.762	7.565	16.914	13.379	8.481	10.122	2.503	0.579	-13.155	2.254	-4.446	-7.311	-2.962	-3.523	0.829	-7.193	-9.017	-1.830	0.868	8.214	-0.034	8.508	40	ScrambledFaces
4.850	3.974	11.053	2.318	7.032	16.118	10.277	11.768	0.397	6.467	-7.136	-1.529	-2.349	-8.616	-6.400	-0.999	0.782	-0.668	-4.613	-2.205	-3.781	0.831	-9.047	-11.408	-6.701	-4.758	-9.602	-2.713	40	ScrambledFaces
9.286	10.066	8.293	-0.298	16.872	10.272	-7.432	-3.609	-7.269	5.346	1.278	-8.725	-2.058	-3.275	2.478	3.927	2.140	8.579	5.071	4.213	-5.191	3.262	3.899	-9.579	-14.499	-14.524	-3.896	-6.959	40	Faces
-11.121	-1.662	-12.186	-0.062	0.511	-11.287	4.060	-14.858	-4.618	-6.996	6.461	7.503	3.275	4.598	-1.866	5.830	5.592	-1.685	4.989	7.833	3.940	-0.570	3.339	4.997	2.419	6.726	15.794	3.971	40	Cars
-27.062	-4.797	-18.715	3.339	7.871	-1.480	7.981	3.944	3.910	2.629	7.657	-1.414	13.315	16.634	-28.347	6.655	4.294	-10.727	7.144	6.893	9.466	5.675	7.169	12.738	4.709	11.567	19.187	1.658	40	ScrambledCars
-8.304	-8.585	-0.122	5.569	-1.398	0.619	9.734	4.887	13.413	10.945	7.534	9.165	-0.863	-8.096	-2.526	0.955	1.501	-4.131	-6.394	4.037	-0.804	-11.290	-14.391	-10.502	5.879	4.364	-15.292	5.243	40	ScrambledCars
1.276	0.024	-1.356	-2.471	-3.866	1.295	1.159	-0.070	3.699	1.049	-9.401	-3.116	-4.724	-4.746	1.156	4.838	11.492	0.246	19.419	1.606	8.318	11.560	13.358	0.050	-7.276	-6.260	-11.660	-1.811	40	ScrambledCars
-4.397	2.090	-3.890	-4.503	0.927	0.617	9.823	-6.048	11.042	-3.779	-5.040	-3.191	2.517	5.548	-0.148	1.751	-3.990	-5.380	3.638	2.700	8.078	-1.994	1.510	-2.823	-5.321	-0.864	0.104	7.627	40	Faces
-4.764	-7.486	3.282	-1.074	-8.221	-0.919	-11.591	5.176	9.265	-7.024	8.626	-0.940	-5.914	-8.147	1.528	-3.015	2.057	0.210	-1.497	-5.739	-11.901	-10.203	-12.792	-5.552	6.504	13.484	-10.931	5.286	40	ScrambledCars
-0.555	14.055	-4.151	10.748	11.874	-0.106	8.804	-2.953	-5.172	2.676	6.349	-1.994	7.785	8.239	-8.618	10.431	0.146	-2.683	3.685	20.863	17.578	4.330	-5.175	-2.882	-11.999	-15.611	-5.376	-9.993	40	Faces
-3.850	-3.546	-12.561	-7.895	-7.320	-14.466	-3.936	-8.134	0.465	6.283	2.045	12.656	7.307	5.824	-6.194	2.014	-2.051	-4.253	6.134	2.879	-1.658	1.711	1.514	5.410	0.600	6.523	18.546	2.385	40	Faces
7.038	5.289	7.023	2.440	-7.702	-2.293	-2.736	-3.080	-1.845	0.733	13.202	0.438	-1.598	-9.698	6.341	5.332	1.027	3.008	4.221	2.000	-5.657	-5.011	-0.475	-4.433	-3.603	-6.191	2.060	-5.372	40	ScrambledCars
-7.915	10.424	-4.461	0.981	4.675	-7.927	-1.758	-0.034	2.441	2.571	0.107	6.174	-6.241	-1.660	4.391	9.474	4.837	3.438	3.485	5.062	-7.644	-3.866	-4.413	-2.087	-4.817	1.897	2.427	-6.902	40	ScrambledFaces
-7.367	-5.361	-2.389	-4.214	0.386	2.147	1.842	6.362	3.605	7.893	9.182	10.801	-1.453	0.598	-3.888	-5.142	-8.755	-3.254	-3.613	-6.275	0.620	-6.752	-3.801	-3.706	-3.766	-1.819	7.158	0.103	40	Faces
-10.638	-1.786	-3.185	5.005	8.541	6.161	14.319	-2.776	9.503	-6.765	17.174	4.283	14.711	6.939	-18.296	-6.020	-12.802	-8.726	-0.597	5.677	6.535	0.770	-6.537	10.176	-7.661	4.403	-2.300	12.825	40	Faces
-0.961	-7.562	-0.935	0.402	2.864	3.716	6.229	-5.404	-0.041	-3.603	-4.703	-2.107	3.931	-1.278	-3.584	-5.305	-1.659	4.264	-0.014	-0.536	3.853	9.322	1.979	4.782	4.425	3.415	6.674	-4.265	40	ScrambledFaces
-1.215	12.306	0.616	7.745	11.444	4.849	-1.258	-3.659	1.229	-3.458	-3.259	6.089	1.061	-3.360	-7.896	-1.222	-5.637	-5.399	-12.922	1.430	-13.631	-10.317	-5.702	1.442	-2.032	7.068	8.677	8.014	40	ScrambledFaces
-12.529	-6.465	-7.312	-3.575	-4.838	-1.092	5.507	8.948	0.185	1.661	9.994	9.811	2.508	4.655	-10.337	-9.015	-5.014	-0.600	-5.083	-4.355	6.221	0.225	1.646	7.095	6.160	7.638	10.089	4.932	40	ScrambledFaces
-15.187	0.292	-15.312	10.061	4.987	-7.156	11.598	1.191	5.427	6.664	-2.178	3.469	9.654	9.054	-15.586	0.147	10.688	-7.644	1.652	0.907	1.466	6.000	-3.692	9.017	-0.524	3.766	5.929	2.811	40	ScrambledFaces
-19.605	-11.955	-10.946	1.624	8.624	2.618	12.556	9.473	1.407	2.709	16.874	-0.225	7.592	-1.113	-24.302	-4.159	-6.679	-8.156	-4.946	-2.813	-3.205	0.081	8.772	7.656	4.294	8.587	1.300	9.106	40	Cars
-2.780	20.133	2.352	20.183	20.401	9.739	11.303	-6.096	-1.865	-3.481	-9.053	-2.969	9.259	4.997	-0.842	15.546	3.911	-6.335	2.886	15.975	10.917	11.481	-5.174	4.236	-15.440	-12.919	-2.092	-7.947	40	Cars
-16.122	-5.330	-7.661	-6.590	-0.295	2.627	9.462	3.829	16.768	7.499	5.014	0.759	1.106	-0.833	-10.452	-12.977	-11.794	-0.071	-4.977	-12.198	-3.537	-3.975	-0.103	3.463	-1.042	6.926	14.536	4.605	40	ScrambledFaces
3.461	6.880	12.998	6.295	-1.351	11.608	2.875	4.144	6.564	-0.769	-3.953	3.434	-8.252	-10.264	9.693	-2.070	-2.592	1.890	-4.644	-2.221	-7.925	-13.251	-12.622	-6.544	-2.541	-4.195	-20.922	-8.698	40	ScrambledFaces
-5.378	-5.842	-4.143	-2.620	-1.379	-4.096	11.413	4.705	16.284	18.721	13.917	7.908	-1.257	-0.814	-1.668	-3.904	2.027	0.859	-9.313	-9.674	-7.658	-6.724	-1.341	-6.236	-2.193	-3.798	-9.598	-4.405	40	Cars
-18.474	0.470	-11.672	0.747	8.899	5.266	15.534	10.980	7.164	17.906	-7.594	8.509	15.053	16.195	-20.781	-3.229	-10.721	-10.760	0.919	4.297	6.489	5.928	-3.202	10.055	-3.091	1.146	6.924	5.951	40	Cars
1.594	-2.074	-2.209	1.452	-0.566	-3.439	-6.304	-3.154	1.547	2.880	-6.334	1.650	-2.068	-2.542	1.099	2.614	5.514	0.858	8.741	2.197	-7.072	6.129	2.551	2.168	2.757	3.953	6.677	8.562	40	ScrambledCars
0.870	-3.761	-1.137	-3.644	3.859	0.933	-2.569	3.428	-0.489	4.290	-14.569	-9.309	2.265	0.503	2.659	6.089	7.702	2.782	12.134	5.068	0.518	10.826	10.223	1.484	-0.386	-4.838	-3.582	-12.210	40	ScrambledFaces
-19.308	-4.999	-15.023	-1.299	-1.136	-1.433	6.484	10.921	2.388	1.682	7.083	2.319	7.235	6.871	-13.103	-0.964	-0.361	-1.172	2.642	2.556	2.207	8.111	10.588	1.815	5.097	4.562	-0.362	5.594	40	ScrambledCars
11.884	13.072	12.128	5.536	7.940	9.361	0.321	-5.545	0.585	4.173	-6.116	-5.640	0.546	4.041	14.681	12.766	4.927	4.749	7.835	11.331	-3.116	3.758	-1.863	-14.887	-19.901	-19.700	-23.884	-16.285	40	Faces
4.935	14.756	-1.326	5.469	-2.158	-7.009	-2.662	-7.181	-5.171	2.855	-18.606	-9.738	-7.143	-3.720	11.678	13.625	9.412	7.367	14.603	9.315	-0.515	7.305	5.652	-1.576	-8.620	-7.158	-5.244	-3.030	40	Cars
-0.673	-0.726	0.305	5.818	0.290	3.660	0.544	4.586	7.608	4.241	-2.642	2.141	-1.767	-1.010	-0.422	-4.272	-1.041	1.168	-6.064	-5.665	3.235	-7.161	-0.156	-1.240	-0.153	-3.001	2.312	-0.391	40	Cars
-10.643	-12.127	0.972	-3.758	5.069	9.391	3.513	1.993	17.006	2.027	14.473	5.232	2.005	2.834	0.092	-9.883	0.912	0.116	-1.222	-10.265	-5.177	-1.798	-5.497	-0.932	1.838	-1.483	1.488	-1.084	40	ScrambledFaces
18.503	17.832	14.232	9.703	2.665	2.651	-3.041	-17.030	-9.271	-2.741	-10.695	-14.939	0.506	0.568	19.479	10.183	9.154	7.379	4.590	1.238	-0.389	0.017	2.894	-10.243	-14.847	-13.962	-18.266	-21.075	40	Faces
13.875	2.289	3.384	-1.485	1.164	-1.760	3.291	-9.534	-8.933	-5.224	-14.256	-10.358	4.159	11.175	15.358	6.323	1.325	1.054	5.750	12.011	7.448	7.752	5.424	-1.465	-8.346	-14.621	-15.070	-12.143	40	Faces
-3.862	-0.384	-1.138	7.415	4.743	2.089	-8.661	-1.809	-2.790	12.946	1.903	-0.023	-8.095	-0.828	-3.735	8.141	2.274	-6.131	7.864	11.256	8.548	-2.827	0.065	-2.265	-11.151	-2.461	-2.377	-8.008	40	ScrambledCars
-1.297	5.472	3.018	5.517	10.298	4.098	5.735	-2.022	4.058	-6.632	-8.038	-5.494	3.435	9.853	6.072	5.861	3.825	-2.672	4.283	2.330	11.409	3.835	-0.018	1.566	-4.085	-6.125	-5.152	-11.519	40	ScrambledFaces
-15.685	1.294	-10.969	5.164	4.873	1.042	3.618	-2.048	4.485	3.992	10.214	8.108	8.149	3.285	-14.111	1.438	1.311	0.956	3.607	10.181	10.751	5.613	-2.056	2.122	-6.486	1.048	10.341	2.398	40	Faces
-0.724	3.734	0.633	-9.440	-5.798	1.979	-6.157	7.848	4.433	5.722	2.811	-3.719	0.650	-1.156	-5.122	-8.370	-9.913	-1.351	-5.303	-7.260	-4.315	3.767	-3.766	3.707	5.526	5.733	-3.745	1.977	40	ScrambledCars
-2.002	0.094	1.371	6.120	13.158	3.314	6.926	4.405	-12.533	15.267	-4.920	-0.018	14.790	11.110	-3.046	1.072	-5.896	-8.257	-0.446	2.832	11.371	0.695	2.605	1.615	-10.206	-9.275	-8.575	-1.276	40	Cars
-28.057	-12.104	-17.720	-7.816	0.135	-5.324	9.192	12.603	21.551	13.216	20.403	16.230	6.306	2.880	-17.124	-7.777	2.321	-15.126	-4.494	-6.444	-2.859	-5.863	-9.489	6.242	3.698	5.910	25.643	13.168	40	Cars
2.256	-12.558	-6.787	-6.137	-1.462	-11.177	-7.127	-2.687	-10.583	7.979	1.987	3.899	5.471	4.151	1.424	-2.571	-14.847	3.269	5.444	-0.072	-2.660	11.555	3.490	10.390	2.344	1.202	13.931	-0.595	40	Faces
-11.621	-0.480	-10.669	9.454	5.199	-6.511	-0.629	-12.556	-11.024	-0.784	-6.228	0.351	9.412	8.898	-3.754	13.320	8.995	5.270	18.892	18.110	26.482	12.076	8.265	8.746	-7.099	0.271	9.725	-9.952	40	Faces
-5.737	4.321	-0.934	2.736	-0.635	3.695	2.092	11.811	15.752	4.000	1.458	-4.711	0.156	-0.375	-8.080	-4.141	-2.391	1.931	-2.008	-4.262	-4.064	-2.323	0.765	-1.193	-1.625	1.842	-3.602	-2.006	40	Faces
12.383	11.798	4.954	5.262	0.113	-7.422	-5.812	-7.400	-4.968	-0.775	-5.988	-4.093	-6.105	-8.162	7.557	1.272	3.186	7.510	-4.750	-1.020	-3.335	-2.037	-0.997	-6.214	-7.161	1.051	-2.309	-13.294	40	ScrambledCars
-4.023	1.046	2.604	-2.719	10.374	8.260	0.984	9.522	6.257	-9.355	2.933	3.131	0.038	7.594	-1.039	5.450	-1.839	-10.103	0.132	6.401	14.523	-0.979	1.600	2.919	-8.176	-6.626	-4.890	-1.625	40	Faces
8.039	18.880	6.055	22.921	10.746	6.558	9.814	-5.724	-9.437	4.474	-6.883	-8.977	-1.370	4.049	-1.105	13.390	-3.629	-9.749	-5.450	14.973	3.004	-3.148	-3.565	1.465	-6.621	-9.023	-12.579	-3.861	40	Cars
10.816	12.950	9.580	13.139	4.605	6.419	-0.375	-3.837	-15.262	-6.182	-14.726	-17.072	-0.315	4.383	14.512	13.474	6.515	6.223	2.063	8.154	7.697	4.125	1.780	-9.882	-13.534	-15.021	-4.651	-20.396	40	ScrambledFaces
12.181	-1.305	4.573	-5.074	-1.013	0.371	-5.963	-11.831	-3.575	2.249	-23.081	-6.627	-3.432	0.268	21.877	4.402	10.584	14.806	2.315	6.761	1.962	6.407	-13.517	6.146	-7.200	-11.078	5.579	-2.114	40	Faces
-3.039	-2.192	-6.317	1.503	1.386	-6.890	-1.727	-6.553	8.450	0.584	11.941	8.321	2.230	-0.618	0.318	4.894	3.554	-3.118	1.217	-3.837	2.350	-1.634	-0.311	-6.062	-6.819	-3.745	6.385	3.067	40	Cars
-6.212	4.187	-4.134	6.519	2.292	-2.648	-4.186	-0.417	-1.996	-0.939	-0.358	-3.907	-5.688	-5.428	-1.013	1.154	2.500	-0.163	-0.255	5.684	-10.318	5.221	-1.214	3.789	3.619	8.108	1.719	-0.308	40	ScrambledFaces
-7.733	-1.694	1.339	-7.251	2.511	2.339	11.189	3.191	-0.645	6.221	16.804	-0.601	0.410	3.034	-3.834	-0.486	-0.832	-1.227	6.551	2.229	-0.753	-3.907	-3.116	-0.014	-9.623	-3.274	-13.826	3.628	40	Faces
-1.198	-6.452	-1.889	-2.724	-3.950	-5.752	0.734	-4.022	-11.471	0.483	4.824	1.041	4.993	4.977	10.876	-4.939	-4.813	0.108	0.480	-3.213	4.968	3.698	2.522	4.473	-3.469	-4.674	-5.767	1.573	40	Faces
3.378	11.714	1.972	16.076	9.662	7.849	-3.872	-2.598	-13.450	-5.924	-8.982	-12.606	3.456	9.698	6.266	17.611	11.274	5.729	12.526	19.617	21.297	5.967	2.150	-4.156	-19.863	-23.813	-6.574	-18.201	40	Faces
10.554	9.137	7.046	0.817	3.556	5.500	6.660	-1.629	-5.660	-10.378	-4.475	-12.892	-1.735	5.759	-2.793	10.906	2.072	4.277	6.731	5.809	1.056	2.453	-5.309	-8.945	0.880	-4.260	-8.259	-11.363	40	ScrambledCars
3.764	11.559	6.574	6.605	0.596	1.773	-3.394	3.165	4.911	1.893	-3.047	-4.415	2.481	-2.267	0.775	3.911	1.507	-5.290	-5.196	-5.314	6.601	-6.065	-1.253	-0.558	-3.400	-2.145	-2.682	-5.789	40	ScrambledCars
-20.165	5.674	-4.290	-0.968	4.505	0.965	5.614	-9.731	0.788	5.903	-11.286	1.631	12.063	14.556	2.416	-0.646	1.410	-9.256	4.049	2.623	2.478	2.206	1.925	9.001	-1.186	13.990	6.328	6.593	40	ScrambledCars
-18.063	-4.724	-6.181	12.697	5.578	11.644	3.092	8.237	16.855	24.418	22.871	5.452	3.302	1.065	-27.163	-1.221	-4.787	-10.604	2.241	4.128	-5.885	-4.029	-1.838	-0.389	2.167	3.017	-8.265	-0.078	40	ScrambledCars
6.036	13.448	5.967	7.333	-3.536	0.635	0.768	2.056	-10.261	-4.604	-1.209	-0.574	-6.806	-8.597	4.234	6.166	16.119	1.119	6.554	1.139	-6.676	-6.621	-8.820	-5.472	-8.635	-8.902	-4.356	-6.470	40	ScrambledFaces
-19.090	0.481	-4.138	2.762	2.365	3.988	3.705	11.704	23.216	18.487	20.398	18.575	-7.172	-10.676	-19.860	-1.938	-4.690	-7.521	-5.383	-55.957	-6.953	-5.398	-0.652	-2.223	4.591	12.409	7.027	6.494	40	ScrambledFaces
-11.641	-5.834	-13.375	4.177	2.673	-8.795	12.336	8.227	1.567	9.940	9.653	-3.477	10.458	12.760	-13.885	10.064	-2.524	-9.823	0.634	11.403	6.251	7.370	-0.337	7.830	-3.298	-1.536	13.474	3.650	40	ScrambledCars
-12.257	3.525	-3.649	1.231	4.726	4.570	-0.783	7.444	4.272	1.559	13.748	2.924	-8.011	-9.033	-12.261	-4.896	-0.125	-8.691	0.064	-2.209	0.340	-7.209	-3.978	-6.191	-0.452	1.310	2.870	-2.852	40	Cars
7.646	-4.562	10.896	-6.169	-2.609	8.535	0.949	-8.429	-1.149	2.577	3.957	-0.974	-4.154	-7.080	3.216	-5.003	-9.084	4.851	-11.874	-10.540	-5.959	-16.708	-4.748	-4.734	0.929	4.302	-2.791	5.583	40	Cars
6.289	5.282	6.199	-4.682	-1.332	3.539	-3.809	6.637	5.452	-13.046	-9.999	-5.441	-3.060	-6.457	6.908	0.875	-3.259	4.796	-0.624	-4.157	8.950	-4.307	0.513	-3.129	-2.756	-4.259	-3.804	-1.286	40	Cars
2.892	6.351	9.952	13.367	10.791	12.804	-0.767	4.875	-6.401	-6.619	-0.505	-6.516	-3.529	0.615	1.996	0.810	2.269	-1.370	-4.510	0.361	2.099	-2.897	-5.070	-14.403	-4.169	-5.216	-13.784	-12.043	40	ScrambledCars
-21.793	-10.042	-0.999	2.728	7.582	10.481	17.077	19.030	23.014	32.350	16.167	13.316	5.587	-2.804	-16.699	-19.204	-12.659	-13.963	-18.670	-15.469	-2.835	-16.398	-13.541	-0.223	-0.907	5.632	8.316	17.911	40	Cars
-7.367	-2.069	-8.981	-1.027	-2.151	-5.623	6.418	-8.544	3.222	3.595	6.733	-1.180	5.868	5.274	-5.190	-3.064	4.653	5.561	8.357	-2.397	-2.504	11.415	3.925	10.366	1.965	1.716	-8.133	-2.840	40	Faces
1.258	-6.892	-3.247	-12.732	-5.769	-9.411	-3.092	-14.877	3.813	-15.873	9.021	3.231	-6.111	-1.774	12.395	3.145	-0.171	7.988	-3.444	7.955	10.008	-4.163	3.149	5.676	-5.326	2.883	6.185	-0.820	40	Faces
-10.397	-2.527	-0.870	3.020	8.459	0.111	0.162	4.880	-2.244	-5.995	8.646	4.536	1.632	6.261	-5.843	3.769	-4.614	-10.872	-0.002	7.224	7.888	-3.807	-3.082	-1.765	-2.276	7.030	9.907	-3.614	40	ScrambledCars
7.826	-5.180	-2.059	-1.857	-6.909	-12.114	-1.961	-12.555	2.657	9.090	-1.180	-0.591	-2.389	5.031	7.735	2.763	5.574	8.652	6.464	1.479	0.124	12.244	8.048	1.714	-4.776	2.157	1.882	-9.984	40	Faces
-15.244	-6.878	-7.207	3.834	5.378	3.916	9.033	-0.223	2.647	15.686	10.792	2.521	4.005	-1.608	-19.876	-3.506	-10.417	-13.626	-1.187	-5.645	-8.267	3.035	2.227	8.051	10.040	10.552	12.093	10.454	40	Cars
8.636	6.019	6.216	-8.041	-6.959	-3.702	-1.813	1.597	-9.221	7.776	-2.710	8.134	-4.913	-4.660	8.942	-2.014	-2.302	4.032	-3.335	-3.707	-15.177	-9.185	-8.758	-6.886	1.370	-0.499	-2.140	-0.171	40	Faces
-4.782	-8.168	1.842	-0.754	-3.997	3.658	0.920	3.358	9.816	4.035	9.230	3.428	-2.475	-9.620	-0.802	-9.965	-5.776	-7.978	-7.162	-8.398	-10.473	-5.045	-2.174	0.965	1.261	5.589	10.449	0.206	40	ScrambledCars
3.527	-0.784	3.222	2.982	-0.067	0.492	-3.077	1.209	-0.386	-0.810	8.324	-0.277	-3.345	-5.823	3.615	-2.697	-1.867	4.314	-4.071	-3.357	-13.283	-5.683	-1.342	-3.100	-4.600	-3.005	5.171	1.356	40	Faces
7.816	1.352	3.336	-1.074	-6.534	0.031	-1.963	-5.019	-2.364	-1.393	0.247	4.301	0.712	-6.644	4.576	-0.341	-0.153	-3.814	0.493	-7.323	-0.903	7.285	1.417	1.662	-2.459	-2.888	-1.498	-6.265	40	Faces
-0.930	0.730	-4.297	-0.449	-1.397	-7.188	4.073	-1.418	-9.672	2.817	-0.936	-4.016	1.350	-0.832	5.044	11.578	9.333	1.366	-1.498	8.200	1.827	6.725	0.013	4.274	-5.987	-3.837	1.701	-6.210	40	ScrambledCars
2.091	-1.574	2.417	2.874	0.483	5.815	4.442	3.243	-5.594	-1.879	-1.623	-0.117	-7.061	-10.750	-1.825	0.915	9.103	4.778	-1.353	-0.033	2.809	-5.039	1.867	-2.854	-4.747	-6.086	-2.930	-5.733	40	Cars
-10.987	-3.208	-5.792	1.505	2.318	-0.772	5.000	2.043	1.345	0.526	2.823	-1.562	6.269	2.003	-11.530	-4.365	-4.297	-8.249	-0.749	1.400	10.036	6.841	-1.944	7.569	3.494	9.119	4.958	6.213	40	ScrambledCars
-23.167	-0.475	-11.189	7.286	7.318	2.644	7.136	3.541	13.409	10.709	15.983	4.452	5.036	10.279	-18.587	-1.796	1.216	-13.638	4.653	6.089	9.526	0.048	-5.083	5.834	0.279	3.467	8.791	4.369	40	Cars
-6.561	-8.996	0.969	-3.499	8.998	2.054	7.432	4.720	0.209	24.962	9.734	-0.442	13.864	3.865	-12.760	-0.021	-12.292	-20.632	-11.184	4.432	17.805	-0.732	-3.550	0.706	5.467	3.498	3.134	7.821	40	ScrambledFaces
-8.996	6.685	-6.822	-8.741	-9.205	-6.284	0.205	-7.964	2.869	-0.092	7.772	0.226	1.281	-0.891	-4.427	-3.959	7.447	-1.350	10.107	-1.646	-4.716	2.134	2.275	8.372	-2.926	5.386	16.874	1.095	40	ScrambledCars
-4.392	-5.459	-0.932	-13.587	1.195	0.752	5.351	5.328	7.136	1.745	0.452	-1.226	-0.760	2.263	-5.062	-3.300	-7.529	-6.058	-6.568	0.034	-9.265	0.518	-2.895	3.051	9.639	10.288	8.185	6.857	40	ScrambledCars
-8.074	-6.792	-5.516	-3.122	-4.348	-10.021	-0.172	6.885	3.008	0.239	12.334	10.846	7.378	5.219	-7.418	-11.081	-8.216	-7.357	-2.984	-10.582	2.558	5.338	6.262	14.028	8.779	12.202	16.249	4.586	40	ScrambledCars
-5.286	9.500	-0.938	6.592	13.010	6.424	-4.610	4.386	-0.300	-1.590	-6.867	-7.164	8.239	13.862	-13.239	13.098	5.403	-8.871	7.934	14.119	9.476	4.598	-2.788	0.857	1.985	3.234	-9.830	-3.995	40	ScrambledCars
2.048	-6.115	3.745	-0.063	3.082	-0.839	10.123	3.461	6.903	-1.845	8.123	9.792	3.526	8.804	-0.679	-5.564	-6.890	-5.189	-6.259	1.554	13.806	0.492	-1.239	-4.227	4.347	5.437	11.373	4.936	40	ScrambledCars
-6.088	-22.468	1.394	-18.962	-6.148	-5.953	3.925	10.775	23.380	10.074	11.037	15.740	-3.832	-8.518	0.498	-21.626	-11.062	0.766	-8.519	-24.011	-14.595	-4.434	0.155	7.650	11.039	18.627	1.700	16.446	40	Cars
-4.715	4.182	2.450	2.498	2.829	4.323	1.408	10.931	2.489	1.411	6.780	-3.907	-8.199	-11.856	-6.207	-2.976	-0.194	-0.887	4.864	-5.860	-1.685	0.248	3.397	-0.198	1.841	0.504	-12.704	-6.569	40	ScrambledCars
-6.430	-0.597	-3.419	-0.481	2.324	0.698	1.245	0.435	4.165	7.278	12.626	11.226	0.468	-7.305	-7.417	-10.645	-4.184	0.995	-6.646	-6.405	-4.311	-5.901	-11.068	0.012	3.922	-0.249	6.832	-3.859	40	ScrambledFaces
